x,y,z
0.38702631218736827,0.31490511925893233,0.29806856855369906
0.3864550910278259,0.3078217781553885,0.3057231308167856
0.40760269180910413,0.3109534256671065,0.2814438825237894
0.41532372861510003,0.3097113650425477,0.27496490634235204
0.38024003420200736,0.3104002007931702,0.30935976500482254
0.3976761175415648,0.31065081762335545,0.29167306483507993
0.3866758438471385,0.31206807819457383,0.3012560779582878
0.4161205850853681,0.308874802085624,0.27500461282900784
0.39437915060564677,0.31161471592720963,0.29400613346714366
0.38995166883755106,0.3087648845402988,0.30128344662215
0.395802405108179,0.30874307747773144,0.2954545174140896
0.3990822004800124,0.31540473713577744,0.28551306238421
0.4060495637782714,0.30740331756223593,0.2865471186594928
0.3885445027411613,0.3100128280429147,0.301442669215924
0.4007970233946099,0.3098594744714531,0.28934350213393656
0.39339694611759046,0.31175605330028666,0.29484700058212265
0.39385155385027626,0.30518379736965895,0.3009646487800649
0.3957809438006669,0.30663255148062213,0.29758650471871095
0.40701666531285696,0.31329707442317817,0.2796862602639649
0.4070905930489851,0.3105007253682928,0.28240868158272225
0.3977046924988734,0.31037099377630184,0.29192431372482486
0.38383380489323954,0.31140023310757975,0.30476596199918105
0.385512819923736,0.3125739358926847,0.3019132441835793
0.37999127180047865,0.31053546920033925,0.3094732589991821
0.39597750942669163,0.3101073580584748,0.29391513251483364
0.3864623164659026,0.3116585954478994,0.30187908808619823
0.3976963252728173,0.31776043087575284,0.28454324385143
0.3864282077177494,0.30830730097192954,0.30526449131032096
0.40065029086609705,0.3121342326240465,0.2872154765098567
0.39477243171538834,0.3095752028761086,0.29565236540850304
0.3986110788641901,0.3079747832473252,0.29341413788848486
0.401862958609385,0.30770467570974913,0.29043236568086594
0.3930631550599894,0.31115424908510486,0.2957825958549056
0.4048219089458265,0.3101495581476862,0.28502853290648766
0.3990819798741263,0.31023801000833173,0.29068001011754174
0.41369187695029463,0.3134571329009953,0.27285099014871017
0.4069880630760563,0.3096927223603445,0.28331921456359943
0.41977796012217067,0.31671645495107403,0.26350558492675497
0.37907077936590444,0.310855136269846,0.3100740843642498
0.3816663473410206,0.31035191648408367,0.3079817361748959
0.413386741366333,0.31268487568297165,0.27392838295069544
0.4096670834123374,0.3131220746679928,0.2772108419196699
0.3946571355791073,0.30765356471338196,0.2976892997075107
0.3768760468445501,0.31227006675406555,0.3108538864013839
0.4114124524610552,0.3129151602987378,0.275672387240207
0.41692891960028255,0.3123471735541028,0.27072390684561454
0.38644372758386225,0.30773451143240643,0.3058217609837314
0.3881069336388661,0.30597541303814724,0.30591765332298654
0.4066734178347375,0.31757112491503864,0.2757554572502238
0.4053458985571358,0.30883641479528484,0.28581768664757934
0.4070018305120726,0.3126657586270739,0.2803324108608536
0.3826611353571716,0.31346670716753233,0.3038721574752959
0.3975581237853337,0.3055030783527136,0.29693879786195265
0.37024461096232997,0.3111276685213422,0.3186277205163278
0.3908707744476737,0.3072302658672016,0.30189895968512476
0.4108237041253019,0.3155432127774656,0.27363308309723283
0.3903455541059139,0.3132704404666914,0.29638400542739485
0.40973587839003855,0.31225555173957353,0.27800856987038797
0.39581976488173914,0.31768205637732894,0.2864981787409319
0.40260167545352554,0.3098539845016123,0.2875443400448618
0.37933060766229887,0.31052079152426926,0.3101486008134321
0.3785074517853988,0.30960130816752174,0.31189124004707924
0.3861422856798714,0.3140835987391116,0.2997741155810166
0.3999384773754102,0.3151994351893421,0.28486208743524793
0.3816180188139167,0.31088101448777844,0.30750096669830507
0.4023057463800056,0.30817874573784987,0.2895155078821441
0.41111105544576776,0.30851894749016096,0.2803699970640714
0.3909849467113157,0.3076087197701208,0.30140633351856305
0.4114427245275422,0.3093594778863163,0.2791977975861416
0.39605441875173264,0.3131323160698303,0.2908132651784373
0.3858710997220365,0.31252632546931614,0.30160257480864716
0.40512069675401685,0.3143602940412433,0.28051900920473954
0.4051099517381777,0.3091012532003219,0.28578879506150034
0.41011527145173365,0.31049043553101197,0.2793942930172543
0.40949086212998337,0.3092166453329646,0.2812924925370522
0.40163235457311197,0.30742721293142217,0.2909404324954659
0.3887050100902191,0.3052026422734513,0.3060923476363297
0.38705465387361787,0.3085611890105697,0.3043841571158121
0.37958269501958525,0.3084089317890073,0.3120083731914075
0.38369610315438396,0.31420921827809106,0.3020946785675249
0.3925898778183937,0.3076200010019408,0.2997901211796654
0.3908930693948282,0.30635211169820087,0.30275481890697087
0.38658647620788245,0.3092009549744649,0.30421256881765224
0.40276354603496706,0.30866603135606363,0.2885704226089693
0.3998195324479819,0.3111454040196343,0.2890350635323838
0.38465512646775263,0.31542247681500407,0.29992239671724313
0.40884934124196215,0.3132474990350418,0.27790315972299623
0.39082269105641326,0.31014694269726095,0.299030366246326
0.407078449738278,0.31091729683599256,0.28200425342572955
0.40443859796651827,0.3086483003081316,0.28691310172535006
0.38296510560893493,0.31219077837188053,0.3048441160191848
0.3940007528021985,0.3101838940246686,0.2958153531731328
0.3996699692434804,0.3074523439703302,0.29287768678618903
0.40914453331576317,0.3069884915684091,0.2838669751158277
0.39454029423480563,0.30943951160754324,0.2960201941576513
0.40496986911368815,0.309840766774209,0.2851893641121028
0.3819483007380125,0.309538815764498,0.3085128834974891
0.4173157556434345,0.30881606152098584,0.27386818283557973
0.41100224034232,0.31150837797586695,0.27748938168181303
0.41589093227400414,0.3119340132959404,0.2721750544300557
0.38293774290286253,0.3071295550230937,0.30993270207404383
0.3790733003142255,0.31057157184030393,0.3103551278454705
0.3896044607248871,0.3118535800962846,0.29854195917882814
0.40904789046718765,0.31152505325475777,0.2794270562780546
0.41214265732857425,0.3113500497646554,0.2765072929067706
0.3884914661270362,0.3098959742313979,0.30161255964156597
0.4031704966838068,0.308551158499086,0.28827834481710735
0.38757003149178526,0.3147274033872889,0.2977025651209262
0.3837351742080458,0.31008044793526923,0.30618437785668506
0.40071216381714575,0.30875075163561083,0.2905370845472433
0.396471618125394,0.30699010135558213,0.2965382805190241
0.4069427237341766,0.30863775149031525,0.2844195247755081
0.4071417880894358,0.3110691345210653,0.281789077389499
0.39133445843771464,0.3083132943318174,0.30035224723046794
0.40168153472545504,0.31009206287924634,0.2882264023952984
0.4077870761574901,0.30694272627857666,0.28527019756393307
0.3859587352290124,0.314296701108974,0.29974456366201363
0.38995602191839185,0.3129476964197774,0.2970962816618306
0.3916628457149043,0.3092017673352092,0.29913538694988623
0.38874103432430956,0.3160321616162988,0.2952268040593915
0.3835743668311338,0.31174375343706623,0.30468187973180005
0.39675499408627324,0.3096813171182162,0.29356368879551054
0.37522953341445153,0.31156728419937235,0.31320318238617617
0.3906445543581256,0.3111649866518565,0.2981904589900182
0.38063503851035463,0.3103547100977414,0.3090102513919045
0.410727691136153,0.31008119566601405,0.2791911131978329
0.38245132932328,0.3104844317451218,0.3070642389315983
0.402127183408856,0.30832935336619705,0.2895434632249473
0.41209465415749874,0.31090112743412285,0.2770042184083782
0.4114847441182349,0.30899493802067446,0.2795203178610907
0.41831997537293764,0.31196065593967004,0.26971936868739244
0.3831999618882015,0.31100031227617975,0.30579972583561876
0.40961734786231546,0.31044868798549863,0.2799339641521862
0.38677657818874617,0.3108870476044126,0.30233637420684134
0.40687316985959415,0.3106103797693861,0.2825164503710197
0.4036475530103818,0.309060216270574,0.2872922307190441
0.40595061603818416,0.30967005896248534,0.2843793249993306
0.394855216397454,0.3101003103658554,0.2950444732366909
0.39445787805530996,0.3163571030960212,0.28918501884866893
0.3901153265967727,0.30778161062758114,0.3021030627756463
0.39957299723321116,0.3073752808683806,0.29305172189840845
0.4055439385658537,0.3083416899203807,0.2861143715137656
0.4028857169675534,0.3095529918582914,0.2875612911741552
0.4005565210808034,0.30949090601089957,0.28995257290829696
0.392991985035016,0.30698815785405653,0.3000198571109275
0.3892228303199473,0.30842391889569926,0.30235325078435316
0.40752146241998966,0.3088839629874189,0.2835945745925917
0.4078327297345913,0.3075756076062131,0.28459166265919594
0.3800817999584708,0.3123813523746951,0.30753684766683426
0.3905992577679995,0.31481096680635917,0.29458977542564113
0.4043324501095964,0.3104200488444211,0.2852475010459824
0.41171158277376596,0.31256874205595764,0.27571967517027596
0.4011330507677789,0.30925191779945405,0.2896150314327673
0.39699891614361016,0.31105262960707564,0.29194845424931404
0.3837553657880216,0.3136810313651931,0.30256360284678535
0.4072621495810767,0.31030529808809576,0.28243255233082787
0.38788453724182226,0.3152921734787015,0.2968232892794763
0.3765417506958045,0.3100553168362836,0.3134029324679118
0.3879949399376849,0.3123619848322874,0.29964307523002753
0.40214477085505584,0.3080597294095647,0.28979549973537927
0.38614360577138446,0.3137589481161076,0.3000974461125081
0.4089820833816568,0.3123666556329676,0.2786512609853754
0.38212150576374915,0.3128027469822524,0.30507574725399883
0.3937994268997614,0.3067038922198003,0.2994966808804384
0.39726757744966695,0.3062892776284656,0.2964431449218674
0.4039794666717169,0.30791769647263323,0.2881028368556497
0.3779538873911315,0.31073291067000164,0.3113132019388669
0.4102479645714754,0.3104227542599907,0.27932928116853395
0.39584867059634554,0.31315812300557266,0.29099320639808196
0.3850872225614666,0.3114829769860663,0.3034298004524667
0.3769823250033697,0.3102883768001336,0.31272929819649686
0.4008562922724611,0.3107306615907518,0.2884130461367869
0.3886332726374534,0.3128276757831837,0.2985390515793627
0.41071581025278914,0.3108215382241643,0.27846265152304667
0.3950925264636354,0.31100391089216617,0.29390356264419815
0.3921144422909555,0.31437247136286545,0.293513086346179
0.40250420127816466,0.30821215246985634,0.2892836462519791
0.4212361009599763,0.31779856462051437,0.2609653344195093
0.40635336226045216,0.30917613510859887,0.2844705026309489
0.3808637309861097,0.31006891327211655,0.309067355741774
0.3902517272180073,0.3122657354092259,0.29748253737276664
0.3939099894279679,0.3141117672179551,0.2919782433540768
0.3815057363941036,0.31060256024468375,0.3078917033612128
0.41425693120473084,0.3115197065248061,0.27422336227046307
0.3946502238405148,0.3101041247023248,0.29524565145716025
0.4022910762559875,0.3099112168378957,0.2877977069061166
0.406961670223854,0.30970883283358364,0.2833294969425624
0.3998614600590016,0.30537224959089077,0.29476629035010754
0.3972634214564891,0.3127182066236618,0.2900183719198491
0.40043269570891116,0.30770691973062814,0.29186038456046054
0.4089687668802689,0.3098767888425968,0.28115444427713465
0.4042263342962794,0.3066730316620812,0.2891006340416392
0.38676102430222803,0.31439728029459413,0.29884169540317757
0.38704956855191663,0.3122530842559882,0.30069734719209523
0.3795605581045836,0.3112353664225138,0.3092040754729025
0.37816768056993627,0.311124738633924,0.31070758079613964
0.39933227490165796,0.30781027328898963,0.2928574518093529
0.40208819523356815,0.3076795673736148,0.2902322373928169
0.40159076387235904,0.3095191104459488,0.28889012568169226
0.3993582250245174,0.3167913705378084,0.28385040443767406
0.40405930772105036,0.31098139752510556,0.28495929475384435
0.3848565947991567,0.3063752091937284,0.3087681960071149
0.38747310598043494,0.3094963817626444,0.30303051225692035
0.39990528903159434,0.31084018172184924,0.2892545292465565
0.38529943485112766,0.3144319425948491,0.3002686225540234
0.41996878067119114,0.31176033534369607,0.268270883985113
0.38523258930882176,0.31513403888669955,0.2996333718044787
0.40647510635682527,0.30934751710789193,0.2841773765352827
0.39908814790670016,0.30822138298794444,0.2926904691053551
0.3886751219994175,0.31155725997592276,0.29976761802466
0.38491479911393595,0.3132976892697193,0.3017875116163449
0.38706735738707143,0.3073280754950415,0.305604567117887
0.4105426647107835,0.3125145924727224,0.276942742816494
0.4120973859195209,0.30990875370911425,0.27799386037136486
0.394657536736721,0.3074724093959203,0.2978700538673584
0.3818876829476436,0.3074401787161196,0.3106721383362372
0.3735005388391973,0.3128773427386651,0.3136221184221377
0.3859511247081417,0.3093707145659945,0.304678160725864
0.39022397696957273,0.3199809772156314,0.2897950458147963
0.38334940699511033,0.31010446878995335,0.3065461242149361
0.38694988251543555,0.31289858120570496,0.3001515362788596
0.38589454819319036,0.3115808945926461,0.3025245572141637
0.40703808026257243,0.30863477933896777,0.2843271403984598
0.386902891527712,0.31394141673591064,0.29915569173637757
0.40266552756592755,0.3071912050920554,0.29014326734201723
0.40764123538685815,0.30812350824791446,0.2842352563652273
0.38226759933748755,0.3118276260493315,0.30590477461318105
0.4088834699424856,0.31000961680092454,0.2811069132565899
0.3920572651894259,0.3140209310825177,0.2939218037280563
0.39005875874852786,0.3056046656402626,0.30433657561120947
0.40633380409394537,0.3109650894918262,0.28270110641422835
0.41380575092728594,0.3141647358088052,0.2720295132639088
0.4080068124522417,0.31374531878403145,0.278247868763727
0.40635448658100765,0.3099415002640069,0.2837040131549855
0.3849548952575458,0.3107482195681682,0.304296885174286
0.4141411925524837,0.31487179326437365,0.27098701418314247
0.4067102252104533,0.3115014773696585,0.281788297419888
0.40237353163419576,0.3092365927875427,0.2883898755782614
0.41909016535983673,0.31064505619453037,0.27026477844563324
0.388226036100575,0.311059303994618,0.30071465990480695
0.3895365369541921,0.317965030654105,0.292498432391703
0.40679913862095807,0.3094781544118816,0.28372270696716007
0.3891291591277375,0.30430844512625077,0.306562395746012
0.4141722429836011,0.31065286953323185,0.275174887483167
0.39361855843997723,0.30853091368072644,0.2978505278792961
0.39749110480897887,0.3073915143677389,0.2951173808232823
0.41242134020729737,0.31206106813741363,0.2755175916552892
0.4002457940933324,0.3052223376869546,0.2945318682197128
0.40371501417460576,0.3091655510151616,0.2871194348102327
0.41814492479146925,0.3100973204110504,0.2717577547974804
0.3842739276836237,0.31650153205311393,0.2992245402632625
0.39397683131248795,0.30690552102949953,0.29911764765801246
0.39847278525627067,0.30699516357153256,0.29453205117219694
0.37172610729646893,0.3114756374067394,0.3167982552967915
0.4014623347168854,0.3074108645920071,0.2911268006911073
0.40656018851849446,0.30907506825514003,0.2843647432263657
0.39762956916893755,0.31218520177915254,0.29018522905190985
0.4040405622219393,0.3069375380710686,0.289021899706992
0.4032240545600144,0.3107969462472344,0.28597899919275127
0.41161799587286063,0.30976061609992767,0.2786213880272116
0.41497709048018483,0.30933881197985547,0.2756840975399597
0.37627277656535113,0.3131373859419086,0.31058983749273983
0.40348822714080335,0.31132495850645014,0.2851868143527466
0.4022728345553401,0.30696256652230974,0.2907645989223504
0.39476383532381376,0.32187660339318014,0.28335956128300577
0.41089146726962217,0.30939294272422085,0.27971559000615687
0.3885254346090634,0.3126664355154584,0.29880812987547783
0.40193438974874374,0.3078680492315366,0.2901975610197194
0.38082006902062465,0.3073129960915504,0.31186693488782496
0.4117416978427476,0.3111846250910475,0.2770736770662048
0.3895286866769009,0.30762947490447673,0.3028418384186227
0.40851413955097493,0.3082363630846204,0.2832494973644046
0.3842208235140918,0.30764589741359005,0.30813327907231824
0.39001974863600486,0.3096090560791285,0.30037119528486667
0.39275002276915116,0.31646951816473423,0.29078045906611466
0.4000349920488379,0.31078005718135565,0.28918495076980644
0.3902081607457937,0.31639220027900783,0.29339963897519883
0.39991291904187654,0.30811434285713946,0.2919727381009841
0.38129588212763377,0.30818434473623896,0.31051977313612716
0.3829766394671229,0.31014993489314385,0.3068734256397334
0.4160959970961302,0.3071171219388463,0.27678688096502374
0.38112263595440654,0.30976754649345517,0.3091098175521385
0.399498716793938,0.30623224242151564,0.29426904078454624
0.4146680571797895,0.3175061105955029,0.26782583222470757
0.3960338209180698,0.3155995550119106,0.28836662407001945
0.38632706489209,0.30902110824284845,0.3046518268650615
0.38453420219468604,0.3107252774799366,0.3047405203253773
0.38776008655193195,0.3099489695170299,0.3022909439310381
0.4001702107220997,0.30432319670799424,0.29550659256990625
0.39728361363899406,0.3066621138730762,0.29605427248793004
0.38656741542398754,0.3138631798662332,0.29956940470977905
0.39911815170530673,0.3068333213315592,0.2940485269631341
0.3908724836017236,0.30983619634282356,0.2992913200554527
0.3955380609108371,0.319975405720236,0.28448653336892704
0.4029783050567255,0.3096850929720576,0.28733660197121685
0.40602271662102724,0.30963360370227844,0.28434367967669455
0.4116045263712651,0.31161137163688624,0.27678410199184866
0.3834938849520765,0.30818260719788015,0.30832350785004353
0.39335250538001393,0.31379904051625296,0.29284845410373306
0.4063620013326762,0.3079095801121031,0.2857284185552207
0.39425771379980845,0.30890701804615994,0.29683526815403133
0.39367939619430425,0.304541892422207,0.3017787113834888
0.4027266690969798,0.3108499894709378,0.28642334143208237
0.38599283541968105,0.308655877635445,0.30535128694487385
0.3944815328773802,0.3094460757656994,0.2960723913569203
0.403927854681565,0.30709317916112044,0.2889789661573142
0.40930755828290744,0.31010162432379107,0.2805908173933017
0.4035089880745609,0.3101139580394938,0.28637705388594514
0.38927152046025326,0.3116029594365903,0.2991255201031566
0.39073389017181137,0.31991040429353085,0.28935570553465795
0.38494677017730744,0.30715850855340987,0.30789472126928275
0.38964647967098054,0.30722654645365444,0.3031269738753652
0.40014761040778113,0.3144521819957057,0.28540020759651313
0.40263210252202275,0.3099677608618338,0.2874001366161437
0.4051348991083732,0.30754923653979205,0.2873158643518348
0.4131955223140378,0.3111859394279997,0.27561853825796234
0.39382872110306094,0.3086966741413634,0.2974746047555754
0.4030278696222568,0.3142471795318859,0.28272495084585764
0.38558237478665414,0.31284991129927564,0.3015677139140699
0.3875022605120811,0.3133050895822064,0.2991926499057127
0.39981150020923495,0.3130145541735193,0.2871739456172457
0.3811701269002575,0.3127134022404381,0.3061164708593046
0.4051486453717437,0.31127380334550736,0.283577551282749
0.4085211206299303,0.3092695778398537,0.2822093015302159
0.38071250147513114,0.3148469143534577,0.3044405841714108
0.3956631828874613,0.308490685579317,0.2958461315332218
0.4176256213660273,0.3146068510105743,0.26776752762339817
0.381524608059821,0.3096550426792606,0.3088203492609183
0.38345361063760974,0.3108729796031181,0.3056734097592724
0.3828371898998475,0.31005946754065433,0.3071033425594981
0.3926955926326479,0.3128183690301278,0.2944860383372243
0.38678203597625804,0.3082158788668396,0.30500208515690225
0.38556535285237936,0.31110293927541527,0.3033317078722054
0.3997904370377675,0.309058721724721,0.29115084123751145
0.3974140199195124,0.3094301426575684,0.29315583742291923
0.4005729272934725,0.30923716832266523,0.2901899043838623
0.39437759887346924,0.3069696963728807,0.2986527047536499
0.38645584849997033,0.31476590861398007,0.2987782428860495
0.38380131349100066,0.30937988838383323,0.30681879812516605
0.40049999785405654,0.31005380048201275,0.28944620166393076
0.38181498640170974,0.3117589533558961,0.30642606024239416
0.4124673032141346,0.3094271749922096,0.2781055217936559
0.38799139384988524,0.31617678429787366,0.2958318218522412
0.39077087237263947,0.3151908795199664,0.29403824810739404
0.4132642045068185,0.3136049092381271,0.2731308862550543
0.4101680058938906,0.3098070920110081,0.28002490209510134
0.41248471826209354,0.3112053215187617,0.2763099602191446
0.3922527757433033,0.3065114417004864,0.3012357825562106
0.40385623696812256,0.30916402405571575,0.28697973897616164
0.40285216510244437,0.31130534788565345,0.28584248701190224
0.4060232088458565,0.31069828691124635,0.283278504242897
0.4155341279656931,0.3184036654091109,0.26606220662519575
0.3904080647621119,0.3091770389571109,0.300414896280777
0.37937975064802176,0.3098382966255373,0.3107819527264409
0.41348527512089417,0.3116633705185612,0.2748513543605446
0.39522919444446636,0.31525731328233636,0.2895134922731974
0.39317240735487013,0.30636432994376533,0.30046326270136453
0.41245320576270617,0.31152699610068807,0.2760197981366057
0.3919079579700702,0.3073141797656036,0.3007778622643262
0.37442803454009943,0.3099856150208423,0.31558635043905825
0.40586308629695855,0.30924575285531175,0.2848911608477295
0.3981566656600569,0.30813028527773395,0.293713049062209
0.3750395841650813,0.3078596092295789,0.3171008066053399
0.3901338539209821,0.30971876963742057,0.3001473764415973
0.38816131616135874,0.312066488432544,0.2997721954060973
0.3762518776347337,0.3117623965052283,0.3119857258600381
0.4033935559229422,0.3146155191992235,0.2819909248778343
0.39207688596111057,0.3168881365540186,0.291034977484871
0.39721202420169155,0.30935790883314584,0.2934300669651627
0.4040661073918038,0.3096905547835368,0.28624333782465977
0.40141868581347756,0.30821231578143454,0.2903689984050879
0.3847211516201822,0.31150454443526326,0.30377430394455457
0.3993237318675842,0.3094209177940809,0.2912553503383351
0.39376168141635226,0.306063625770716,0.30017469281293174
0.3965999629484039,0.30799710911476913,0.2954029279368272
0.40049232616725094,0.31006049940827207,0.2894471744244772
0.3919689602738961,0.3187485819169762,0.28928245780912765
0.38203608901074537,0.31110059854343464,0.3068633124458202
0.3960477173800068,0.3106751293874155,0.29327715323257764
0.38570914520584426,0.30878243122733995,0.3055084235668154
0.37957300284131634,0.3112187688246027,0.309208228334081
0.3911941725388909,0.31134830271389574,0.2974575247472133
0.392309722861494,0.3079280501822469,0.2997622269562593
0.37781829010844836,0.3133164602992075,0.3088652495923442
0.40748269938434806,0.30724766871951276,0.2852696318961395
0.40326515115993655,0.3079283988061262,0.28880645003393757
0.4074746833266264,0.3119689202894347,0.28055639638393864
0.38583837989906244,0.30691282266529896,0.3072487974356386
0.4050671306291805,0.32510552743570603,0.26982734193511376
0.3914054029329073,0.3080152426149296,0.3005793544521629
0.3874341516230876,0.3092151881094468,0.3033506602674654
0.4150999575238731,0.3149865937099118,0.2699134487662154
0.4031682177816578,0.3102391447059736,0.2865926375123688
0.40830323975031935,0.3091829394536929,0.28251382079598814
0.41554254611377217,0.30879949380283034,0.27565796008339755
0.4091227948728309,0.31108808736776716,0.279789117759402
0.39114515244890463,0.3154917540720056,0.2933630934790902
0.38630961559704674,0.3155124549052665,0.29817792949768684
0.40596191640471013,0.3071797290576083,0.2868583545376813
0.3886022213395726,0.3147197530283524,0.2966780256320753
0.40959305013428426,0.3108422955178637,0.279564654347852
0.3896442058736883,0.31131922579752247,0.29903656832878917
0.41009255434387526,0.3104971660453556,0.2794102796107691
0.3868414178585031,0.31656913020055844,0.29658945194093883
0.3957303867910063,0.3077036151893212,0.2965659980196725
0.4001445781559664,0.3070077455664481,0.29284767627758534
0.41027763164736974,0.31190284357224185,0.2778195247803884
0.4098812480524179,0.30829100983612706,0.28182774211145545
0.41335348728266574,0.30960802656649805,0.27703848615083615
0.4167659617874119,0.31351484706009247,0.26971919115249565
0.3919452637623294,0.3088259930163518,0.2992287432213188
0.40195915308781305,0.30722737199224154,0.29081347491994564
0.3793271515635419,0.31459558050665737,0.30607726792980083
0.3896143934797706,0.3064827083461201,0.30390289817410937
0.4125551169453771,0.30895800955060165,0.27848687350402146
0.4143532490344155,0.3112417746375308,0.27440497632805394
0.4007348312730745,0.3079275179341926,0.291337650792733
0.40089713174640035,0.3062359093290715,0.2928669589245279
0.38840417720579185,0.3063579151697281,0.3052379076244798
0.4087962075265813,0.3091887713471332,0.28201502112628546
0.38111824907361935,0.31016663894553875,0.30871511198084184
0.3876607363844988,0.3072497066258498,0.30508955698965123
0.3969391018556019,0.3099141729920809,0.29314672515231743
0.4139167884253391,0.3160062459943157,0.2700769655803452
0.40726596183212616,0.3122042607096963,0.2805297774581778
0.4008543990901878,0.31086661884038935,0.2882789820694227
0.3827721419269645,0.30953326892024063,0.3076945891527948
0.3874165246292021,0.31569643526772323,0.29688704010307476
0.40817053693400807,0.31213593835257913,0.27969352471341274
0.40559822911617893,0.31154661716083865,0.2828551537229822
0.4122934459965434,0.3090234899548093,0.2786830640486477
0.404951193641404,0.30943853242291547,0.2856102739356808
0.4063477589930771,0.3119279712873668,0.2817242697195559
0.4040551009925816,0.3078721104882739,0.28807278851914453
0.41387821013656234,0.3070147308064831,0.27910705905695493
0.39527024721126675,0.30845057054623326,0.2962791822425002
0.39741472843059256,0.3070513876448414,0.2955338839245659
0.39345839455195775,0.3099960877538564,0.2965455176941856
0.4105658941668585,0.30849783374201045,0.28093627209113115
0.39798146261344775,0.3084105887497211,0.29360794863683115
0.387009558876232,0.31330031373998557,0.29969012738378253
0.39970081019489967,0.30850322112882644,0.291795968676274
0.3910982622538434,0.3134606987399884,0.2954410390061683
0.4058170432256203,0.3112230077902113,0.28295994898416843
0.4105980620944546,0.31319468704897674,0.27620725085656866
0.3857494318870015,0.3133626799776629,0.30088788813533557
0.3923778634790169,0.3121920703547557,0.29543006616622736
0.4013323822383432,0.30838176344503465,0.29028585431662207
0.37843562253495144,0.30884469026840733,0.31271968719664106
0.40836996951841953,0.3073116194256047,0.28431841105597544
0.3795887263523542,0.30832959294109996,0.3120816807065457
0.40876053930083706,0.30994319165161166,0.28129626904755123
0.39084010479969644,0.312123774680092,0.29703612052021133
0.38906068997459886,0.3180075542279614,0.2929317557974398
0.4119319213445902,0.31079504802100305,0.27727303063440684
0.4143857943251871,0.30915500144202734,0.27645920423278564
0.3840840948499302,0.31287521493517767,0.30304069021489205
0.41588110356128916,0.31598363183785994,0.2681352646008507
0.3976802794944944,0.30688122752102753,0.2954384929844779
0.3823303225233545,0.3128032930717862,0.3048663844048596
0.4214814472428962,0.31250444008632844,0.26601411267077535
0.39701787473204314,0.31096110320334747,0.29202102206460917
0.39097273887575734,0.31202984227812286,0.2969974188461197
0.4188910403586744,0.31496302102993423,0.2661459386113912
0.38072168043464527,0.3122304567548445,0.3070478628105101
0.3847716100747728,0.31305320715280704,0.3021751827724205
0.400043700915932,0.30860125149935347,0.29135504758471464
0.37654397876618484,0.3079164137235818,0.31553960751023313
0.4052276577123298,0.30773683039185684,0.2870355118958137
0.4041971947427202,0.3103126276348793,0.2854901776224006
0.41849728426849786,0.31281347509299195,0.26868924063851
0.4033910921050138,0.3098663035461279,0.28674260434885834
0.3855434877367528,0.3076535043384144,0.3068030079248333
0.4060648806446905,0.30875377873451654,0.28518134062079314
0.39387704728514616,0.3056492436204493,0.3004737090944047
0.3996659613408139,0.32568530031550047,0.2746487383436859
0.37825448221414015,0.30792345443894564,0.3138220633469143
0.39984205199695827,0.30736186529562226,0.29279608270741975
0.3857106058929518,0.30776171003695296,0.3065276840700949
0.4042782687962888,0.3107279059846362,0.2849938252190753
0.39071395741561743,0.3089867053582561,0.30029933722612645
0.3956074634244356,0.3072200830316037,0.2971724535439607
0.41287047661108267,0.31144635577998836,0.2756831676089292
0.3950093926994913,0.31144849714379075,0.2935421101567177
0.3809864390461207,0.31504214022206667,0.30397142073181266
0.39371717538367534,0.3125224445216681,0.2937603800946567
0.41290145512553145,0.31164925149848,0.2754492933759886
0.39832600303090687,0.31130793859581135,0.2903660583732818
0.4126830823372567,0.30943307326769776,0.2778838443950455
0.40463200699105656,0.3106375873879038,0.28473040562103946
0.3954709627965475,0.30615777502462993,0.2983712621788226
0.40421664397598617,0.30779671156568084,0.2879866444583332
0.3965076979381593,0.3109849090002608,0.29250739306157986
0.414250854674934,0.31553445761957355,0.2702146877054928
0.38165720995555624,0.3126068587473778,0.3057359312970658
0.41079497616871313,0.31163875995067947,0.2775662638806073
0.4029746915528515,0.3097375689210081,0.2872877395261401
0.3822937136329599,0.3115221296453858,0.3061841567216545
0.3830902864852709,0.30757329407416084,0.3093364194405684
0.38423245173345116,0.3138650118927678,0.3019025363737813
0.3869525302350583,0.3067782879788982,0.30626918178604307
0.4144088134582601,0.3111468357948094,0.27444435074693047
0.4038349364603615,0.3096220481515045,0.28654301538813426
0.38884779311724615,0.30955354434811017,0.3015986625346439
0.38955868353043255,0.3208883899016364,0.2895529265679307
0.4074866134798687,0.30823352892138245,0.284279857598749
0.39830291052110867,0.3132994757238652,0.2883976137550263
0.3885034146503955,0.3066330524892492,0.3048635328603552
0.3810479309160053,0.31019868841236986,0.3087533806716246
0.3796764419643346,0.3125075258401267,0.30781603219553905
0.40663302638762244,0.30847964809005657,0.28488732552232104
0.40217746039944874,0.3046091418615729,0.2932133977389785
0.4091671419502646,0.31183289069211806,0.2789999673576175
0.38161372867665105,0.30995800949473074,0.3084282618286186
0.4134497205612955,0.31197868570131293,0.2745715937373913
0.40544649370676383,0.3093371472522577,0.28521635904097864
0.407161386580444,0.3063670272191015,0.2864715862004545
0.3892106233881864,0.3084907477738524,0.30229862883796127
0.39107255748036807,0.30580337192932544,0.3031240705903067
0.4151271740353971,0.31696713371102836,0.2679056922535744
0.4092640319227199,0.31158971173457195,0.2791462563427082
0.40588263288556903,0.3064456018812162,0.287671765233215
0.39151442438794265,0.3068342839402975,0.3016512916717601
0.38495961428716197,0.31558196096400076,0.29945842474883705
0.4015066975713367,0.3101645168362568,0.28832878559240654
0.4082191618657319,0.3119055867582099,0.27987525137605834
0.3818722883535216,0.3131418248359492,0.3049858868105291
0.38158041967292256,0.3127758333882472,0.3056437469388303
0.3922955091152174,0.30575303135115195,0.30195145953363034
0.40315821488021375,0.3108013355341667,0.2860404495856196
0.4108933427470419,0.3120521191257353,0.2770545381272231
0.3877541492862951,0.31139315687561536,0.30085269383808944
0.37791563070161116,0.30794698376600355,0.31413738553238546
0.4094845726786539,0.311476223723262,0.2790392035980843
0.4096989464790112,0.30905649974756827,0.2812445537734205
0.41483433408306414,0.3130978570161889,0.2720678089007471
0.41025747088832754,0.30994928783554404,0.27979324127612837
0.39625552488645155,0.30894833247303444,0.29479614264051374
0.3854519747005134,0.3100504431967917,0.3044975821026946
0.4105463477350586,0.31320685371193924,0.27624679855300194
0.4033788152938178,0.31022811811202644,0.2863930665941555
0.3951442687651254,0.3113665826710099,0.29348914856386493
0.4224055636379783,0.31051095053747135,0.26708348582455027
0.39816840053046987,0.3101751829205775,0.2916564165489527
0.40089284084701804,0.3104190401693068,0.28868811898367513
0.3876918793948698,0.31834788022554494,0.293960240379585
0.3917516206342114,0.30842137935823544,0.29982700000755336
0.40917279681628993,0.30728089623654153,0.2835463069471686
0.37701192724887767,0.313016379355336,0.30997169339578606
0.3842752884396044,0.31350843372691,0.3022162778334855
0.4093362539215073,0.31080808177355757,0.2798556643049351
0.38734430731636177,0.3096188125642355,0.3030368801194026
0.38080981114795587,0.31071156990695015,0.30847861894509426
0.3991601576940233,0.3097213358391969,0.2911185064667797
0.3859839260457779,0.3066763053643353,0.30733976858988704
0.40872194887993796,0.3136400345301149,0.2776380165899469
0.39147343350104863,0.308531441418938,0.2999951250800134
0.4172248977195099,0.31321912539168084,0.2695559768888091
0.3847614350232974,0.310924185153223,0.3043143798234798
0.40461265300829496,0.30802869425727264,0.2873586527344325
0.40929514488227237,0.30816892662143364,0.28253592849629394
0.38614252081823985,0.31238666893500766,0.3014708102467527
0.39167869294606705,0.3044248301301268,0.30389647692380617
0.399353236856763,0.30745595519954005,0.2931908079436969
0.4072843082780531,0.3122761515062119,0.28043954021573514
0.3873463868392568,0.30920902968149316,0.30344458347924996
0.41019107560686074,0.3103489882514945,0.2794599361416447
0.39112213108525506,0.30846703727914504,0.3004108316356001
0.399694091346663,0.3101475126804166,0.29015839597292026
0.3843503777166083,0.30684666650618286,0.3088029557772092
0.4088443690765119,0.30898390822184385,0.2821717227016446
0.39294160243133264,0.3067085403615998,0.30034985720706736
0.37881591769476086,0.3115457982510983,0.30963828405414096
0.40914113854222034,0.3087401547234595,0.28211870673432016
0.41087381068215356,0.31620575219384106,0.2729204371240053
0.4024909542221169,0.3082073698616892,0.2893016759161939
0.37947218488640566,0.3124987235271115,0.30802909158648273
0.3994046087362507,0.30929218630892275,0.29130320495482626
0.3923774208615924,0.31996900090675895,0.2876535782316487
0.3902963071160419,0.3054379317051591,0.30426576117879905
0.39169737238209607,0.31373873980888406,0.2945638878090199
0.41236158624380137,0.3118778213585458,0.27576059239765266
0.3973600402569226,0.30426035490273945,0.29837960484033776
0.3978367415356673,0.3103015755141875,0.2918616829501455
0.38743426506567713,0.30943919942632986,0.30312653550799307
0.4126542193109991,0.31159569204664284,0.27575008864235806
0.38280915891106926,0.31398136235965457,0.30320947872927667
0.39757108008651476,0.31201619578633355,0.2904127241271517
0.41693754506570374,0.31106585686442134,0.2719965980698752
0.3968644889417954,0.309348009035939,0.2937875020222657
0.40498801740142226,0.3069232902691196,0.2880886923294579
0.3888565966550207,0.3099788162951519,0.3011645870498275
0.39666941061120237,0.30686658001094597,0.29646400937785167
0.4066689547603501,0.3111747407808625,0.2821563044587877
0.3943090302374635,0.3108365748252659,0.29485439493727084
0.39335234277329845,0.30968686508006404,0.29696079214663773
0.40923839403146045,0.30950558772560177,0.28125601824293783
0.404908024275925,0.3142921565330487,0.28079981919102637
0.3857194784278501,0.3136673246583609,0.30061319691378907
0.3881160079405276,0.3112443609464917,0.3006396311129804
0.41006693787033277,0.3127823499973116,0.27715071213235576
0.3989224432343541,0.318226140212581,0.282851416553065
0.3990861839016309,0.3098509452265923,0.2910628708717765
0.402378095715078,0.31122995280833426,0.2863919514765879
0.392104278136035,0.30737247739258067,0.30052324447138423
0.3918637097348221,0.3062718265391076,0.30186446372607056
0.4057755861568608,0.30868298367168107,0.2855414301714583
0.3820443702649048,0.3126865827321047,0.30526904700299035
0.3857791227361825,0.31176179457996156,0.302459082683856
0.38638298099542656,0.3113163492045367,0.30230066980003684
0.3783592431813888,0.31109753293334785,0.31054322388526323
0.40529409270161,0.30802030187953566,0.28668560541885435
0.40181036605485354,0.316729120812571,0.2814605131325754
0.3949210017614311,0.3073724359633929,0.2977065622751761
0.3869868728065573,0.3087860436312145,0.3042270835622282
0.3801201165701757,0.3137520342343755,0.30612784919544905
0.39958269952534065,0.3084338412793187,0.29198345919534074
0.3825803803440743,0.3078588685943457,0.30956075106158004
0.4028088273333069,0.3090203072755274,0.2881708653911656
0.3969530754240893,0.3131263038322339,0.289920620743677
0.41078248848712395,0.3113920773184753,0.27782543419440064
0.41239090545113444,0.30802672710506007,0.2795823674438058
0.3986241047050336,0.3065921521474917,0.29478374314747463
0.3876052161701245,0.3092286699811713,0.303166113848704
0.39790192554959347,0.3071174560761892,0.29498061837421724
0.3984969391162417,0.3062729034443062,0.29523015743945225
0.399799598564704,0.3114842812582377,0.2887161201770584
0.3946687652671957,0.3053728211432864,0.29995841358951775
0.40455527278369663,0.30846980818908365,0.2869749190272198
0.3864826765144436,0.31079340792356774,0.3027239155619885
0.41566399588300573,0.3103237118127327,0.27401229230426205
0.3890746979520418,0.31384844887844987,0.2970768531695083
0.4099145731223346,0.3113682968483401,0.2787171300293254
0.38208972644963873,0.3115481802286378,0.3063620933217238
0.38560853282140095,0.3107473982552095,0.3036440689233897
0.39122888587474236,0.31603579977921925,0.2927353143460384
0.39478177618458915,0.3083440899551288,0.2968741338602823
0.39495402879319286,0.309578436393345,0.295467534813462
0.38264708696667027,0.3110118836390392,0.30634102939429075
0.38364656294867083,0.3146337205909803,0.3017197164603484
0.4035234800744549,0.305197888787557,0.2912786311379884
0.406111886501605,0.3092691442370841,0.2846189692613109
0.41882053184002743,0.31835395917632703,0.2628255089836459
0.38709444898285655,0.30618742159875356,0.30671812941839
0.38572512554027266,0.3123007468502352,0.30197412760949227
0.3905573450509074,0.31009713135267347,0.2993455235964194
0.4065870400822462,0.3057622833703837,0.28765067654737037
0.4062129025350082,0.31009596926982713,0.28369112819516507
0.40786418209108277,0.30740392016003293,0.2847318977488843
0.4076304995659755,0.308671794134146,0.28369770629987817
0.4111520840963904,0.312212088923993,0.27663582697961664
0.3821270834677043,0.31121735940807366,0.30665555712422204
0.41223257913833156,0.31457171837763565,0.2731957024840325
0.389675268343319,0.30981335490807904,0.3005113767486016
0.39432162964673023,0.30975052867301833,0.29592784168025155
0.395801053454178,0.3073878606347606,0.2968110859110613
0.39183019053683615,0.30920562590400064,0.29896418355916327
0.3841582712078856,0.3087899641917625,0.3070517646003522
0.41161235466000534,0.30996559147141295,0.2784220538685817
0.39670945200461893,0.3083698946979292,0.29492065329745193
0.3883376933221987,0.31438591290134377,0.29727639377645765
0.402805167002355,0.31325247470687645,0.2839423582907685
0.41016928493606325,0.31615860128348955,0.273672113780447
0.3893918902336075,0.30747307149889785,0.30313503826749466
0.3891900950427448,0.3157399351232205,0.2950699698340348
0.40193747101330374,0.30945011508705317,0.2886124138996432
0.38895081496122985,0.3118258571618221,0.299223327876948
0.3988857724585588,0.3092135518064983,0.29190067573494294
0.4043804843384849,0.3087620196481632,0.2868574960133521
0.40129730202322866,0.3118803174599958,0.28682238051677533
0.4090389524898006,0.31093235677145037,0.28002869073874925
0.38533863991108164,0.30730771711239047,0.30735364297652784
0.4007040346962345,0.3054981910477075,0.2937977742560581
0.3984731464805155,0.30743152044135863,0.294095333078126
0.40765439712938645,0.3047819336325899,0.2875636692380235
0.3934898208420484,0.3078322745605031,0.29867790459744853
