x,y,z
0.5485219361148999,0.20309514416788865,0.24838291971721146
0.557818869992296,0.2409471378473251,0.20123399216037857
0.5569976627349715,0.23537943584827947,0.20762290141674947
0.5550345813987629,0.222206301229965,0.22275911737127202
0.5620093705166048,0.2050983423168834,0.23289228716651164
0.5657127176192869,0.24292797316919468,0.1913593092115183
0.5512491459450705,0.24165260556028081,0.20709824849464892
0.5524976036681966,0.20980306463191334,0.2376993316998902
0.5450685430309583,0.2372711471021163,0.21766030986692525
0.5413674875576318,0.17875939509239858,0.27987311734996967
0.544297217674954,0.2554271131532354,0.20027566917181075
0.5410509800367327,0.2338180972071778,0.2251309227560899
0.5525679014869093,0.22954350048018657,0.21788859803290417
0.5640465385707226,0.2640117044709027,0.17194175695837444
0.5542901546318743,0.179796709355982,0.265913136012144
0.5496819045966012,0.22911338353662455,0.2212047118667744
0.5562370611649976,0.2277725870017532,0.21599035183324916
0.5614000278390932,0.233852733514243,0.20474723864666394
0.5547305364908485,0.2288909923169371,0.21637847119221418
0.5715561613534923,0.18790560441684673,0.24053823422966095
0.5581967641915275,0.2202263286372573,0.22157690717121512
0.5583060923037844,0.21529851048794754,0.22639539720826776
0.5387105557474043,0.2532526919405561,0.20803675231203958
0.5574310694100844,0.1939450502546307,0.24862388033528504
0.5559453906379543,0.23415341348286012,0.2099011958791857
0.5460252501311536,0.25177890078033693,0.20219584908850904
0.5646976026648969,0.22592676899304234,0.20937562834206092
0.5581824906554458,0.21634952530713317,0.22546798403742072
0.5444142994492035,0.2218438151739618,0.23374188537683488
0.5475253037171006,0.23388974605943033,0.21858495022346885
0.5532620367248094,0.21132427697684736,0.23541368629834325
0.5442479962392656,0.1949084313754386,0.2608435723852959
0.5611962582144413,0.21205096938283297,0.2267527724027258
0.5450032531406078,0.22042179857121005,0.23457494828818232
0.559045627140626,0.2317614149937026,0.20919295786567133
0.5450366220667936,0.20867494373711726,0.24628843419608906
0.5541655660135297,0.2129994640072478,0.2328349699792224
0.5618068395866653,0.22711847184463513,0.21107468856869954
0.541516328620327,0.24822492835897625,0.21025874302069703
0.5362254954878534,0.21334577566128055,0.2504287288508657
0.5478738981002438,0.21120979309152346,0.24091630880823312
0.5497125172724002,0.21527895213120632,0.2350085305963936
0.5356318043535087,0.21634691672420187,0.2480212789222893
0.5374751110812365,0.2585988720205044,0.20392601689825895
0.5523003440873154,0.18504265082055826,0.2626570050921263
0.5417315760864031,0.17693507015328075,0.2813333537603157
0.5539643525789402,0.21253976901209737,0.2334958784089621
0.5639473279199475,0.22789810013193662,0.2081545719481156
0.556368611973328,0.19768083318636012,0.24595055484031192
0.5468455710973296,0.2448516452077162,0.2083027836949544
0.5518891277435591,0.20068513564362786,0.24742573661281309
0.5374078229330452,0.19417725587824008,0.2684149211887143
0.5505439692851837,0.17052289303612034,0.27893313767869576
0.5422656927262166,0.19554998631265716,0.2621843209611265
0.5474114587396977,0.24827464742456842,0.20431389383573392
0.5553693272205262,0.20936536595101402,0.23526530682845945
0.5377452201797092,0.18955468104861473,0.27270009877167645
0.5469130323233562,0.2060104194980939,0.24707654817855
0.5466525365884126,0.24376613666761385,0.2095813267439736
0.5638914037567196,0.19384699115759307,0.24226160508568714
0.5537899918803695,0.25124721271047373,0.1949627954091567
0.5512665571177784,0.21129243667555012,0.2374410062066715
0.5668462797804148,0.2021320826143306,0.23102163760525468
0.5416175832476765,0.19867907086360084,0.2597033458887227
0.5516359776411309,0.19948547660266103,0.24887854575620788
0.5502088861713845,0.1831051987996697,0.26668591502894573
0.5604178616623722,0.21188752461905727,0.22769461371857094
0.5603036478339628,0.21048569393426964,0.22921065823176728
0.5625804180868941,0.24801999049008455,0.18939959142302115
0.5479122386422834,0.20858206962631257,0.24350569173140396
0.5509214567318566,0.23598972158006568,0.21308882168807747
0.5544813526105439,0.20934761612658026,0.236171031262876
0.5512559712205368,0.2472455700584361,0.20149845872102704
0.5630786693467766,0.18029094887319205,0.2566303817800307
0.5621973016757423,0.22891184148712404,0.20889085683713363
0.5508043930427622,0.18198144304113406,0.26721416391610386
0.5551705951512328,0.2324334009471425,0.21239600390162483
0.5566342347378194,0.20186231723253154,0.24150344802964915
0.540470416377001,0.20321206511504758,0.2563175185079512
0.5508379159261215,0.2605426424800902,0.18861944159378827
0.5457812335343319,0.23819618294909162,0.21602258351657638
0.544865431285438,0.22580883103128957,0.22932573768327238
0.5643279816177047,0.18602442942779884,0.2496475889544967
0.5503967875318724,0.25312270278342264,0.19648050968470498
0.5578234208814742,0.24276742294636172,0.19940915617216382
0.5400953978362816,0.22501287266278328,0.23489172950093548
0.5734661933459971,0.16950246009635078,0.257031346557652
0.5668467975501329,0.21264582743067936,0.220507375019188
0.5462805134735603,0.16455955366132066,0.28915993286511926
0.5537455693598473,0.21693142975769766,0.2293230008824546
0.5585197905713373,0.19173079183345212,0.24974941759521102
0.5403641836851385,0.21809045308247044,0.24154536323239095
0.5560115068721623,0.20521891988130458,0.23876957324653306
0.5513445310545947,0.24799482170674303,0.20066064723866292
0.5479851151147267,0.21179539849951606,0.24021948638575735
0.550191043088896,0.20088791236747572,0.2489210445436284
0.5669055824463715,0.23800799541406992,0.19508642213955887
0.5454019091264047,0.27321210191359135,0.1813859889600038
0.5519344179043651,0.2100065159596917,0.23805906613594305
0.5423804478984877,0.2824323396155992,0.17518721248591315
0.5521600745130324,0.22162231028808016,0.22621761519888725
0.5484000713023144,0.22214861062809657,0.22945131806958935
0.5443395793790126,0.2033755855939631,0.2522848350270242
0.5681497231274537,0.2241171416513881,0.2077331352211584
0.5655372451668341,0.2036464745680942,0.23081628026507175
0.5526891607382992,0.22911086960101795,0.21819996966068222
0.5627830001660469,0.273108321238842,0.16410867859511108
0.569105211332781,0.20297122291317976,0.22792356575403958
0.560616278273937,0.21532099933972096,0.22406272238634217
0.555098107388932,0.20338289308786853,0.2415189995231995
0.5506421566148758,0.21685450708893297,0.23250333629619133
0.563784140453035,0.21108393699622036,0.22513192255074424
0.5726634103222608,0.2106826210442676,0.21665396863347147
0.5578311405307068,0.22390958527144442,0.2182592741978492
0.5469874548038424,0.2205901977951201,0.23242234740103712
0.5407067246141969,0.22553883782896322,0.23375443755683997
0.5440345864458423,0.2134446578537583,0.24252075570039958
0.5509206382608226,0.26605556656624474,0.18302379517293277
0.5570257009860815,0.2395253199041047,0.20344897910981358
0.5622891265042046,0.21978371497248606,0.21792715852330916
0.5352372434838807,0.2401532012928002,0.22460955522331882
0.5576617069536853,0.19264148053383626,0.24969681251247858
0.5456680933312804,0.206478537853376,0.2478533688153433
0.5511680425711569,0.2256711424377505,0.22316081499109292
0.548703747073781,0.23617421210357645,0.2151220408226425
0.5608680281616799,0.20083291709338597,0.23829905474493404
0.5527831990893776,0.24038847052311746,0.2068283303875044
0.5386172158207911,0.2811027720765355,0.18028001210267355
0.5584710997852764,0.2418675223633047,0.19966137785141874
0.5525619804176514,0.224700592823996,0.22273742675835262
0.5511710662951977,0.18637935915155812,0.26244957455324397
0.5660650686209268,0.17113640011612935,0.2627985312629435
0.5500307879787217,0.18394250420071823,0.26602670782056015
0.5472268626058133,0.23583206130582737,0.21694107608835914
0.552885843189921,0.22566996598911496,0.22144419082096412
0.5352384782048342,0.23562950289556925,0.22913201889959617
0.5548817193535959,0.21117098748805,0.23394729315835439
0.5614849990831016,0.2440631879001081,0.19445181301679024
0.538182609246403,0.26073453639637467,0.2010828543572222
0.5555828340729598,0.2413469221431829,0.20307024378385757
0.5708023533685335,0.2381447007568678,0.19105294587459892
0.5589434599120785,0.18863472697325134,0.2524218131146704
0.5560894188184266,0.2465343727833997,0.197376208398174
0.5603427049810383,0.16684526716354287,0.2728120278554185
0.539082403150807,0.24494511752699097,0.21597247932220207
0.5419675956978056,0.23973989286763875,0.2182925114345555
0.5594822336344949,0.2184551722494183,0.22206259411608684
0.5474531441422549,0.24453224890583605,0.20801460695190946
0.5725522917855124,0.176199820286466,0.25124788792802166
0.565359644789128,0.21536159066208596,0.21927876454878598
0.5493392296915629,0.21982268743156927,0.230838082876868
0.5463695558005751,0.18250362866838848,0.2711268155310367
0.5504884365146494,0.21094216367081695,0.2385693998145333
0.5372740122115915,0.20824227783894758,0.2544837099494607
0.5409020329897494,0.2184460184020959,0.24065194860815425
0.5608927495397357,0.17249096117834417,0.26661628928191994
0.5483869127633253,0.230188665244481,0.22142442199219403
0.5609130351673209,0.19828250442708784,0.24080446040559136
0.5372902826946957,0.2503350038028785,0.21237471350242582
0.5510549894572513,0.2282431986299585,0.22070181191278987
0.5397050564190558,0.27355806264694316,0.18673688093400087
0.5531215967689719,0.2170788592329083,0.22979954399811983
0.5582294385254732,0.222838322510154,0.21893223896437283
0.5331244977664039,0.20994911618156342,0.25692638605203244
0.5495317680014477,0.17552291170089235,0.2749453202976598
0.5477422850961998,0.2040102326647487,0.24824748223905155
0.5356313085835529,0.23388939566478245,0.23047929575166456
0.5491122762952583,0.21531714137425054,0.23557058233049114
0.5563515524512469,0.2718838400618973,0.17176460748685565
0.534399994044809,0.22678397812272902,0.23881602783246192
0.5506740679989014,0.26661332000703164,0.1827126119940673
0.5575023586316123,0.22186961301479471,0.22062802835359271
0.5502722310186597,0.23390474988116156,0.21582301910017862
0.5525117206347965,0.21710348960048062,0.23038478976472276
0.5390980404631855,0.19005867807453186,0.27084328146228237
0.5480643602564911,0.14140640809395771,0.31052923164955143
0.5533338377505848,0.2216426098589323,0.22502355239048333
0.5392716486647335,0.20141602728222763,0.2593123240530388
0.5364479365974901,0.2647337158469573,0.19881834755555294
0.5580012031828456,0.2514374567237589,0.1905613400933956
0.5537380326978059,0.15328293666611936,0.2929790306360748
0.5396542450799884,0.21444434816713295,0.2459014067528789
0.5630289126157619,0.19896805868774184,0.23800302869649598
0.553520516303321,0.24696707642484977,0.1995124072718292
0.5621691621709168,0.187709686950306,0.2501211508787771
0.5505543292249484,0.21873557330417176,0.23071009747088
0.5476644177599662,0.19530140698687806,0.2570341752531555
0.5462588254772396,0.20429021146429463,0.2494509630584658
0.5486811432458194,0.18029004737133147,0.2710288093828489
0.5475853743403345,0.19623427072065755,0.256180354939008
0.5671117066282297,0.22004230378873751,0.2128459895830327
0.5478526671353084,0.22619552324866055,0.2259518096160314
0.5605490254702912,0.19139361230212174,0.24805736222758729
0.5484831724074853,0.21387526460490436,0.2376415629876099
0.5526200321282856,0.17251249372720856,0.274867474144506
0.5388069644069553,0.2330089335747527,0.22818410201829206
0.5456977345510723,0.21999514587459043,0.23430711957433714
0.5476079154609368,0.22811225799671253,0.22427982654235085
0.5428185834921978,0.21827022236209867,0.23891119414570341
0.5465094613670821,0.23108711327159856,0.2224034253613193
0.5605874736879947,0.1972889418327743,0.24212358447923069
0.5650571815001236,0.21643847099958013,0.2185043475002958
0.5463959551570001,0.21913939923992073,0.23446464560307936
0.572087668808221,0.1871394891170291,0.24077284207474967
0.5409762133093499,0.23388752135916707,0.2251362653314832
0.5492339595134916,0.23356843124626092,0.21719760924024756
0.5543334529445954,0.2285643901043078,0.217102156951097
0.5619069500181431,0.20563720542988545,0.23245584455197163
0.538301600549864,0.2126240314917244,0.2490743679584113
0.5467937492114918,0.20601213144115585,0.2471941193473528
0.5447755028420722,0.18211866787665074,0.27310582928127675
0.5625148611854885,0.2113611259998768,0.22612401281463484
0.5504468920899479,0.21109286931817983,0.23846023859187226
0.5630837131727501,0.2021105799250356,0.2348057069022144
0.5439756543140332,0.22260516343000578,0.23341918225596106
0.5381589446463515,0.2162714319226235,0.24556962343102517
0.5549575392014342,0.17506242626495988,0.26998003453360603
0.545412815340141,0.1924099807313284,0.2621772039285305
0.55186243388658,0.21699929817157987,0.23113826794184034
0.5666215096954389,0.19612076935394446,0.23725772095061654
0.5416986964185465,0.19765583311867047,0.2606454704627828
0.5500568428288422,0.2039602605855433,0.24598289658561479
0.5631313766753887,0.22003907322641675,0.21682955009819452
0.5588326717985217,0.206572580777186,0.23459474742429226
0.5441844818381817,0.21525868891742597,0.24055682924439237
0.5469933409265402,0.20247329559170846,0.25053336348175115
0.5409241253481845,0.26215469375836675,0.19692118089344887
0.5674496965519694,0.1909256037813362,0.2416246996666945
0.5486377176627667,0.21704698781577686,0.23431529452145647
0.5670577348823747,0.21470072588090583,0.2182415392367192
0.5533625789217722,0.2265874273749746,0.22004999370325326
0.540480835050866,0.19885969965364927,0.2606594652954848
0.5510532507707283,0.2238856430382869,0.22506110619098482
0.5475245728980702,0.21641733630665033,0.23605809079527942
0.5473657322796207,0.2091855958514787,0.2434486718689005
0.5623524388137586,0.21304774539674096,0.22459981578950056
0.5596205004944406,0.2220456936135423,0.21833380589201715
0.5444740468337878,0.26414010262580545,0.19138585054040674
0.5627806434854249,0.21698358718209182,0.22023576933248315
0.5490267511077722,0.20986354485228753,0.24110970403994
0.5554953460316213,0.19679839763649237,0.24770625633188623
0.5665131791803923,0.24218326419844471,0.19130355662116313
0.5547537976383082,0.19279403585741683,0.25245216650427504
0.5693073327346523,0.2196924528660616,0.21100021439928623
0.5426323204168243,0.23662670332780936,0.22074097625536643
0.5470674640834635,0.2590366816830378,0.1938958542334985
0.558561203177846,0.19652878885393396,0.2449100079682199
0.5546549696286188,0.1856400763429226,0.2597049540284586
0.5694128212977126,0.20963032831947812,0.22095685038280913
0.5469217223141213,0.2441376124104278,0.20894066527545097
0.5554780205456037,0.21298456442094943,0.2315374150334468
0.5545689324123543,0.1937326030681667,0.25169846451947864
0.5544967236916863,0.19828293017104093,0.24722034613727295
0.5374605692697407,0.21307605150147063,0.2494633792287885
0.5575647550715861,0.22383638730586047,0.21859885762255343
0.557257688015906,0.20684030056292446,0.23590201142116946
0.5477315698056267,0.19114562484141112,0.26112280535296245
0.562970813469977,0.19587894655324226,0.24115023997678037
0.5470665187073206,0.21127641660543522,0.24165706468724435
0.5411286744131016,0.22328637475038154,0.23558495083651687
0.5587043215880534,0.18827223322707473,0.2530234451848716
0.5657738495958625,0.2560268038101611,0.17819934659397602
0.5638987719780064,0.23025797001804987,0.20584325800394335
0.5495410118415109,0.20178074428762838,0.24867824387086052
0.5522331991939521,0.2505827354480602,0.19718406535798733
0.5357149349907903,0.22424638430447247,0.24003868070473725
0.5418915299916193,0.22207528921489436,0.23603318079348629
0.5472305244160265,0.20434613685439748,0.2484233387295761
0.5559320431427329,0.23260835402968968,0.21145960282757728
0.5673692652428795,0.24722376442913782,0.18540697032798314
0.5469840163820581,0.20456881685846148,0.24844716675948075
0.5642459773338949,0.18605256558406086,0.24970145708204405
0.5480109705278875,0.17521443950741405,0.2767745899646985
0.5604036274116866,0.20760689198773705,0.2319894806005764
0.5565408848413116,0.16419126967448472,0.27926784548420336
0.5639098961519883,0.20911144688066374,0.22697865696734784
0.5615821939457543,0.18455163456923152,0.2538661714850142
0.5592682160168286,0.17343724645055147,0.26729453753262
0.5425551766441766,0.23139703838888195,0.2260477849669416
0.5526798863963467,0.2262200672499821,0.22110004635367114
0.5508319186840831,0.20846934904442482,0.24069873227149222
0.545966822064577,0.24661053780934758,0.20742264012607553
0.5458607431047916,0.17971203884516135,0.27442721805004666
0.5469131526478014,0.21378406194499097,0.23930278540720729
0.5504041890016975,0.2118973121709527,0.23769849882734986
0.5612479425949297,0.2336344416317693,0.2051176157733008
0.5416741625033146,0.20553110903357985,0.2527947284631055
0.5360653979257836,0.2276680200889535,0.23626658198526304
0.5370301501843667,0.21992417950885007,0.24304567030678306
0.5558242884402081,0.24559797179488485,0.19857773976490717
0.5414010693237253,0.16687589059706662,0.29172304007920796
0.5621680200131701,0.20499846689899215,0.2328335130878378
0.5443528868603433,0.2599613776947771,0.19568573544487977
0.557509019974176,0.2127205317118035,0.22977044831402044
0.5489649851010623,0.1912393844507394,0.25979563044819864
0.5479335065550748,0.25684301823588634,0.19522347520903885
0.548003714777239,0.20634717788620763,0.24564910733655337
0.5403582548177831,0.19484442133449473,0.264797323847722
0.5607272498988538,0.19345875231831267,0.24581399778283347
0.5482676587216285,0.22605146606822157,0.2256808752101497
0.5597078598328133,0.22367970213290642,0.21661243803428026
0.5513819943654625,0.21581448244998272,0.23280352318455455
0.5553626963767196,0.21312926383396968,0.2315080397893107
0.5393651569006714,0.24269658405398908,0.21793825904533942
0.5534118332431267,0.24657832877783784,0.20000983797903554
0.5625151888654312,0.22415454769924098,0.2133302634353282
0.5476840228260758,0.21767819721807294,0.2346377799558513
0.5466241033076041,0.21538080583725655,0.2379950908551393
0.5519601312782448,0.20541220871542787,0.24262766000632716
0.553599343824274,0.22115540233117958,0.2252452538445468
0.5454350012508822,0.251087105335829,0.20347789341328884
0.5521549937917775,0.18974513489712377,0.2580998713110987
0.5341811607156011,0.23993923749334015,0.22587960179105832
0.5471778860761295,0.28056749240502293,0.1722546215188472
0.5472412922127808,0.2272715097762918,0.2254871980109272
0.5473601242377926,0.18154392420283552,0.2710959515593717
0.546112928900345,0.21404989619477546,0.23983717490487957
0.5620427426570382,0.19904270911577446,0.23891454822718727
0.5561008978755853,0.24694589957499324,0.19695320254942086
0.5534044110121411,0.2216747893171883,0.22492079967067025
0.5459209248599559,0.21411743985865633,0.2399616352813878
0.560979054594682,0.18341170966325368,0.25560923574206434
0.5598806336649896,0.19656010241174543,0.24355926392326488
0.5460474132210421,0.22457052600412897,0.22938206077482923
0.5623974090771343,0.22305685741715753,0.21454573350570816
0.5524721200699527,0.24186861507372148,0.20565926485632585
0.5363731165260142,0.20351833343561904,0.2601085500383671
0.5540419877223671,0.20363720021695533,0.24232081206067757
0.5487457735182769,0.22028826129465065,0.23096596518707277
0.5524967427526881,0.2138277660192215,0.23367549122809028
0.56604853204003,0.19607606602766964,0.2378754019323003
0.5609393870656871,0.16040792622138775,0.2786526867129248
0.5558663097752463,0.24359758593762654,0.20053610428712718
0.5457320160400609,0.25676377314871823,0.19750421081122055
0.5471453429057024,0.20121414910900287,0.2516405079852945
0.5680830231028384,0.14790518573584893,0.2840117911613127
0.5504173219904586,0.23240263504190314,0.21718004296763838
0.543521577276375,0.23094800971026533,0.22553041301335947
0.5499785697619816,0.2446360594367045,0.20538537080131386
0.5628346651888884,0.21344026424761603,0.22372507056349553
0.5698409891870703,0.19182112704888593,0.23833788376404375
0.5621238950345007,0.22747195174850407,0.21040415321699527
0.5438717764152575,0.20738571619486873,0.24874250738987394
0.5527707614459815,0.24302601648958388,0.2042032220644347
0.553920615161649,0.24569054356856956,0.20038884126978124
0.5398127047410738,0.24899535252806212,0.21119194273086395
0.5608008802791223,0.22862684955095292,0.210572270169925
0.5591463680815583,0.24847638694283555,0.19237724497560646
0.5408993999791295,0.20226550697225434,0.25683509304861624
0.5634217408244527,0.18995125931784262,0.24662699985770467
0.55453955569949,0.22279342701202665,0.22266701728848298
0.5656186248225503,0.21890706121555237,0.21547431396189698
0.5610993000411663,0.21344974687578216,0.22545095308305171
0.5687388113997861,0.18606044675084318,0.24520074184937085
0.5480490163304713,0.2042754401583507,0.247675543511178
0.5606843455872472,0.21604935016946705,0.2232663042432862
0.5601376162641327,0.2604755369362334,0.17938684679963401
0.5528890171705398,0.227860570715405,0.21925041211405516
0.552318217980983,0.21559581618904547,0.2320859658299712
0.5563342685081244,0.23181966364013643,0.21184606785173915
0.5503083624092339,0.20099755308870712,0.2486940845020591
0.5616069475297072,0.22449486329970042,0.21389818917059264
0.5405656053819167,0.2143187392480632,0.24511565537002028
0.57099175418336,0.21310347241866845,0.2159047733979718
0.5616867902624145,0.241400177524323,0.19691303221326242
0.5642474184752506,0.2054362838842004,0.23031629764054876
0.5475992453600552,0.2379145995789465,0.21448615506099794
0.5559294185699624,0.20935918396048092,0.2347113974695569
0.5370806567847148,0.21550502130276794,0.24741432191251717
0.5539313348202516,0.18346357096993823,0.2626050942098103
0.5683155766244324,0.19651557181793866,0.23516885155762904
0.5449777115671292,0.20961227974012125,0.24541000869274973
0.5557879894629202,0.16627639295763721,0.27793561757944246
0.5456868657590223,0.2528739160199211,0.20143921822105693
0.5574004578806407,0.2242696238174822,0.2183299183018769
0.5473808534261334,0.2586312862467332,0.1939878603271331
0.5495131675908401,0.20597367267472838,0.24451315973443175
0.5465022726890355,0.2116298570563362,0.24186787025462841
0.5546773600574443,0.21357729922668495,0.23174534071587116
0.548523878053996,0.18604822834651347,0.26542789359949065
0.5696068871881171,0.17374437190254233,0.2566487409093407
0.5453953858981727,0.20705220710329234,0.24755240699853492
0.5482202603125773,0.20838157473923105,0.24339816494819136
0.548814468972612,0.21869420984849652,0.23249132117889168
0.5473177393333412,0.17307315938685247,0.2796091012798063
0.5447727059960682,0.2715734285126205,0.18365386549131124
0.5700341920670864,0.19823163570768176,0.23173417222523174
0.5474866681374462,0.23569481185921448,0.21681852000333937
0.5572093380635058,0.24332477095618588,0.19946589098030817
0.5531562306555269,0.19571888830430453,0.2511248810401688
0.5552978115759062,0.20527536776703692,0.23942682065705673
0.5570122337350794,0.20909194047098037,0.2338958257939401
0.5492386405219619,0.1969702244066258,0.25379113507141254
0.5467359224582873,0.18170129813512945,0.27156277940658297
0.5500401407319212,0.20824073309755756,0.2417191261705211
0.5621582109367702,0.220004121373989,0.21783766768924043
0.5474213791813498,0.22178418184531998,0.23079443897333032
0.5457233797554897,0.20346845690294918,0.25080816334156125
0.5513698998148536,0.19552921351344726,0.2531008866716993
0.5436796602537143,0.2370475846586903,0.2192727550875957
0.5587919018612261,0.2236132352486721,0.21759486289010171
0.5617528353782943,0.17755805914646572,0.26068910547524
0.5468200820276984,0.19040393704073297,0.26277598093156884
0.5343668780176645,0.21839099748163449,0.247242124500701
0.5421914865986549,0.20621098796058376,0.25159752544076136
0.5379655830383118,0.21165359172549067,0.25038082523619776
0.5506716946137516,0.23405803758092023,0.2152702678053283
0.5512601363077169,0.21558979345501686,0.2331500702372664
0.5513025350163102,0.21689952681786903,0.2317979381658209
0.5365455641796233,0.2518465114692509,0.21160792435112566
0.5728105098271872,0.222467664087583,0.20472182608522957
0.5529028320967148,0.26851231835652806,0.17858484954675707
0.558732720028594,0.20536074229415774,0.23590653767724848
0.5587547852429443,0.1948259881019636,0.24641922665509183
0.5462684415631965,0.23030956958021853,0.22342198885658462
0.558132053069837,0.20819624506009807,0.23367170187006484
0.5548341502120973,0.21774201517125183,0.22742383461665128
0.5685661234232156,0.15155719879195761,0.27987667778482667
0.5467019952605875,0.20492269262552135,0.24837531211389086
0.5479528177607593,0.22886931224928833,0.22317786998995226
0.5553397866348365,0.2032790656194674,0.24138114774569602
0.5540520772296276,0.21348157803168424,0.23246634473868813
0.5435539830398555,0.20537363496412736,0.251072381996017
0.5636298272182972,0.18202475123103962,0.254345421550663
0.5470057467527737,0.22504303947888463,0.22795121376834152
0.5452865643876108,0.24072742655029122,0.21398600906209797
0.5587155921210464,0.24221636505369323,0.19906804282526036
0.5394380771195232,0.25990470766487456,0.20065721521560212
0.5672704665139857,0.25323965955378125,0.17948987393223267
0.5457789463785068,0.24038330653490544,0.2138377470865877
0.5525516359331812,0.22782432556355317,0.21962403850326567
0.5485739113745403,0.23442637789730308,0.21699971072815655
0.5558444929885009,0.24392186636096602,0.2002336406505327
0.5626679897639849,0.21544464387593215,0.22188736636008288
0.5486901709402513,0.24727663197895763,0.20403319708079093
0.5665009230347152,0.18959992979306384,0.2438991471722211
0.5613089333495469,0.22320541027278712,0.21548565637766612
0.550087048616638,0.2166750148295091,0.2332379365538527
0.5397575117322269,0.2121736517797776,0.24806883648799555
0.5452673930296534,0.20944269154973622,0.24528991542061068
0.5465745334055747,0.2727714087985373,0.18065405779588767
0.5423268810194254,0.21937594707700922,0.23829717190356536
0.5540540550420922,0.2289599807387635,0.21698596421914434
0.5429142603217084,0.18617111527161312,0.2709146244066785
0.5448335743141589,0.25200576425038856,0.20316066143545214
0.5509396381652032,0.24692231730157943,0.20213804453321765
0.5603480977275548,0.23037303153746216,0.20927887073498272
0.5477639970403837,0.23338110250358024,0.21885490045603623
0.5522062644424006,0.16856646964856048,0.27922726590903874
0.5588058106070024,0.2055356813084754,0.23565850808452224
0.5521903167040835,0.2597287543158874,0.18808092898002945
0.5614794633492867,0.2677195403276347,0.17080099632307846
0.5451572547081076,0.20260365645032474,0.25223908884156737
0.5625193601646826,0.26501133641250274,0.17246930342281458
0.5673892715326069,0.17621171877274938,0.25639900969464335
0.535810588206177,0.20666621711256103,0.25752319468126195
0.5573411897645768,0.19298455804365766,0.24967425219176548
0.542022922073541,0.2326596012173689,0.22531747670909003
0.5470681448544767,0.20766261953704965,0.24526923560847355
0.552653307637145,0.21795626880368135,0.22939042355917363
0.5501785752088892,0.20864325235051576,0.24117817244059542
0.5502041371578038,0.22681113549922635,0.2229847273429697
0.5470108023528599,0.20128545091656086,0.2517037467305792
0.5581552853341993,0.2087938675132661,0.23305084715253452
0.5463521861385152,0.26303640338662126,0.19061141047486382
0.5531926436911978,0.1858112808249158,0.26099607548388654
0.5560231949578499,0.2280787783084743,0.21589802673367575
0.5513251041862095,0.23901236403754966,0.20966253177624103
0.5698493038453083,0.2143962848682716,0.2157544112864202
0.5392375308146161,0.25116939302792973,0.20959307615745418
0.5555646593990798,0.20972513098566645,0.2347102096152538
0.5525264309994836,0.22126869611429134,0.2262048728862248
0.5507176859152508,0.20809475610572153,0.2411875579790274
0.5399865282394618,0.20098239818847213,0.25903107357206623
0.5349000360972767,0.2618932704162618,0.20320669348646142
0.5540565141656759,0.21704903990291108,0.22889444593141306
0.5423568697072256,0.2226283265757878,0.23501480371698621
0.5576077540591879,0.1967733265224167,0.2456189194183954
0.5611250736280687,0.22326810075926304,0.2156068256126683
0.5596700270162926,0.23071314726529546,0.209616825718412
0.545847604972745,0.20992993024571968,0.2442224647815351
0.5505388961127328,0.2812716683573751,0.16818943552989202
0.5557786761649305,0.2418418877920104,0.2023794360430594
0.5385841594799479,0.22321398179234977,0.23820185872770228
0.5644150282373306,0.18550919013235923,0.25007578163031013
0.5468343234434503,0.2069960074315993,0.24616966912495053
0.5657755702640715,0.26155180856928656,0.17267262116664156
0.5534047416940123,0.2670806184524036,0.17951463985358412
0.545076920719764,0.22866826000972656,0.22625481927050944
0.5410449240543016,0.2295702639341193,0.22938481201157884
0.5593478782226226,0.2256565780905874,0.21499554368678972
0.5560044976613603,0.17950638993656584,0.2644891124020736
0.5398943808657575,0.27916977236256657,0.18093584677167623
0.5484367505186095,0.2473416186376841,0.20422163084370676
0.5486956009088833,0.21410768928420096,0.23719670980691607
0.5550599153933465,0.19778373778125644,0.2471563468253972
0.5591226723934238,0.24310395002316396,0.1977733775834121
0.5449560151773557,0.3071163120790888,0.14792767274355567
0.551869150275689,0.20024717280144308,0.2478836769228677
0.5819333218727724,0.1960556304056174,0.2220110477216103
0.5517650362563501,0.20460099695613393,0.243633966787516
0.5472634143331729,0.27256179857454055,0.1801747870922869
0.5541628847728016,0.18023355395246848,0.26560356127472984
0.5510073151943669,0.26369364150659286,0.1852990432990403
0.546209508639487,0.21776933373061472,0.23602115762989848
0.5573677600535432,0.21926791971574366,0.22336432023071306
0.5513403127791678,0.24506217193225208,0.20359751528858028
0.547908075405955,0.21453700867463416,0.23755491591941083
0.5524291072655753,0.21704364377254928,0.2305272489618752
0.5473055904421322,0.20775701156727028,0.24493739799059713
0.5426366767073766,0.2401391878907757,0.21722413540184798
0.5661067246401058,0.18167831128576026,0.2522149640741337
0.5543780590376952,0.19493568225286279,0.25068625870944194
0.5580085302724876,0.23777862222220997,0.2042128475053024
0.5618671445219463,0.1722413568419047,0.26589149863614925
0.5505213952874008,0.2184718056749912,0.23100679903760793
0.5545906455511459,0.16311097354081366,0.2822983809080404
0.54023532688731,0.2595965612725891,0.20016811184010097
0.5444327307774184,0.2213961498698882,0.23417111935269347
0.5485591276106906,0.21546947709339864,0.23597139529591024
0.5558818282904849,0.18798311162500406,0.2561350600845112
0.5620389015124588,0.21766697314317138,0.2202941253443699
0.5618506337852287,0.22444765377964096,0.21370171243513073
0.5554654100017066,0.20474699404371027,0.23978759595458318
0.5627248536604949,0.1891997440700508,0.24807540226945482
0.5492425117882466,0.21216025450144088,0.23859723371031255
0.5562241182668289,0.1975087334531348,0.24626714828003615
0.5619078185823448,0.18813719410701507,0.24995498731064017
0.5529228813512462,0.22153880209867638,0.22553831655007725
0.5607836820282446,0.25699039125984724,0.18222592671190863
0.5529145337190552,0.2477587607451773,0.1993267055357676
0.5559007545839137,0.251825861486996,0.19227338392909055
0.5555576809857342,0.21513809734493258,0.22930422166933334
0.5386109735660844,0.23183850874211823,0.22955051769179705
0.5380017820282764,0.19212222400833404,0.2698759939633899
0.552941253442772,0.21507842085752416,0.2319803256997039
0.5477034760627663,0.25028078603679105,0.20201573790044283
0.5448518217341547,0.24692360978348016,0.20822456848236512
0.547384804629382,0.21875332719728416,0.23386186817333415
0.5540769099068642,0.23132366054271894,0.21459942955041678
0.5461965524299801,0.2618076669142161,0.19199578065580394
0.550946247942655,0.2304055162514876,0.21864823580585754
0.5454266118709157,0.24950452212912988,0.20506886599995455
0.5482208237520079,0.23254512657231322,0.21923404967567853
0.5530326783907128,0.2148904693282619,0.23207685228102562
0.5519207818842546,0.2271201033213666,0.22095911479437882
0.5454387546053013,0.22219720377460603,0.23236404162009247
0.5611858336656287,0.2143528698127307,0.2244612965216403
0.5502788528283414,0.2231026631656515,0.22661848400600723
0.5691323277833894,0.22577023154267487,0.2050974406739355
0.5503181222231749,0.2469353933931048,0.20274648438372053
0.5606660371760976,0.21073764730035968,0.22859631552354298
0.5488580057997823,0.24859460447439186,0.20254738972582598
0.540532344658565,0.23426085121555562,0.22520680412587935
0.5516113730588854,0.2267386718808252,0.22164995506028987
0.5360234772197654,0.24511505308359474,0.2188614696966403
0.5520684864490469,0.21276418310110723,0.2351673304498455
0.5511746946587145,0.2271932319888293,0.2216320733524564
0.5526347540846318,0.2018735478458785,0.2454916980694897
0.5533108217244831,0.19201658041178898,0.254672597863728
0.5407947705759597,0.22421802154834414,0.23498720787569644
0.5483445473480798,0.20835718466903833,0.24329826798288146
0.5484627128223939,0.21028324912848223,0.24125403804912393
0.5489413485924157,0.22171357632967287,0.22934507507791127
0.5587788914577968,0.18666996549006298,0.2545511430521408
0.5478776501055267,0.22656380632322873,0.22555854357124455
0.573308340324215,0.17186370061525202,0.25482795906053285
0.551923418909513,0.25124199758637544,0.1968345835041114
0.5602006514583158,0.15373888326932383,0.28606046527236023
0.5455985126720219,0.20573276835670284,0.2486687189712755
0.5607936960941442,0.20216962092855056,0.23703668297730468
0.5443263375054462,0.2105682525549295,0.24510540993962449
0.55505240559609,0.25332182431740846,0.19162577008650142
0.5479659016521026,0.22591463839781506,0.22611945995008223
0.550787955652972,0.19954360503188118,0.2496684393151464
0.549657051463095,0.19351738825862358,0.25682556027828146
0.5555990950135901,0.18909730942254194,0.255303595563868
0.5460792424402878,0.1815039666474352,0.2724167909122768
0.5568242537851353,0.22349724167578078,0.21967850453908377
0.5574583191109432,0.21785158344512065,0.22469009744393625
0.5516414508677303,0.21456190019166815,0.23379664894060156
0.5381214129742533,0.23834898261359885,0.22352960441214764
0.5404374905984444,0.21691989376314746,0.24264261563840805
0.5771045387728166,0.1870293896633791,0.235866071563804
0.5548625537951515,0.21937470515845758,0.22576274104639094
0.5490799461614725,0.23390637150383964,0.2170136823346879
0.5554551724555135,0.22098253102466411,0.22356229651982237
0.5489274504101154,0.2277019703990177,0.223370579190867
0.5499411426737141,0.1955119356003191,0.254546921725967
0.5616298143542059,0.2101782707955839,0.2281919148502103
0.5656501511601433,0.18447595754343532,0.24987389129642154
0.5534253996989537,0.24627659860357554,0.20029800169747092
0.5486649775254208,0.20575078263388644,0.24558423984069294
0.5568767650674831,0.21903296969439864,0.2240902652381184
0.5645132180882384,0.21139647556556995,0.22409030634619187
0.5626053602537091,0.19054199012787634,0.2468526496184148
0.5626042291968316,0.2446127299981419,0.1927830408050268
0.559812003118707,0.17993300737105103,0.2602549895102423
0.5368458953568249,0.21109237253838706,0.2520617321047881
0.5520964022752262,0.19133303165918847,0.25657056606558526
0.5478401945593969,0.22949320624466263,0.22266659919594053
0.5439469015724655,0.20129596385615123,0.2547571345713833
0.554731754564845,0.22061924815361036,0.22464899728154483
0.5780500798087433,0.23541905008088604,0.18653087011037053
0.5543424218467711,0.23022087180233183,0.21543670635089682
0.5443440230675041,0.2068380619222523,0.24881791501024336
0.5530699926230137,0.22857004182500196,0.21835996555198425
0.5606427720580998,0.21412105618179758,0.22523617176010266
0.5600220920964532,0.21828914615575323,0.2216887617477935
0.5513552185289863,0.20979757451291908,0.23884720695809464
0.5568466402139672,0.2499823065604649,0.19317105322556802
0.5593086874105945,0.22096084324489051,0.21973046934451498
0.5384144808726894,0.16899071907185959,0.29259480005545135
0.5652086213692079,0.20059509762999486,0.2341962810007974
0.557217522604286,0.2826116751935296,0.1601708022021842
0.5503755887990502,0.22253349552566856,0.22709091567528122
0.5524610595087024,0.24263377727656874,0.20490516321472857
0.5332805483248227,0.21854869110865346,0.24817076056652376
0.5572126863751278,0.2079845648371639,0.23480274878770857
0.5509393220192472,0.18340849559672032,0.2656521823840326
0.5376292547505216,0.25158370022287285,0.21078704502660514
0.5554923075770667,0.2443396817360791,0.20016801068685444
0.5593242965134424,0.25601535244224166,0.18466035104431644
0.5530296744858286,0.2109864732153291,0.23598385229884208
0.54519082371239,0.23755395550509445,0.21725522078251533
0.5599983430762799,0.21408736511683926,0.22591429180688102
0.5465745195470507,0.1970382515867965,0.256387228866153
0.5447634096377789,0.21077290716247365,0.24446368319974748
0.5482948544882549,0.2727082636190853,0.1789968818926597
0.5449290038901782,0.19493748978736136,0.2601335063224603
0.5604543712473437,0.24589201266363442,0.19365361608902182
0.5582809309016704,0.18918846344232076,0.2525306056560087
0.548737323309262,0.273352948801783,0.17790972788895476
0.5410598746640968,0.25904378377912096,0.19989634155678263
0.5457949170119581,0.17334157537194736,0.2808635076160942
0.5840121971836207,0.1775069913837316,0.23848081143264796
0.5593632741794913,0.24252680711058558,0.19810991870992273
0.5490031028164761,0.20388995274750918,0.24710694443601477
0.5528737937457818,0.18243427684465316,0.2646919294095649
0.549126052366206,0.2201349118664398,0.23073903576735408
0.5321777854529884,0.26731888939875015,0.2005033251482615
0.5521224450444627,0.21966600703302028,0.22821154792251683
0.5584955288389785,0.1555524759220911,0.2859519952389298
0.5444515224080726,0.22250239718435202,0.23304608040757496
0.5556287583183377,0.1936233759063634,0.2507478657752983
0.5458246140089704,0.23873659412411513,0.21543879186691448
0.571531501023964,0.2002495419135928,0.22821895706244336
0.5528550525573298,0.1415909024014602,0.30555404504121
0.5455122409068993,0.19342141188542175,0.26106634720767874
0.5472348491119395,0.23367537590975493,0.2190897749783057
0.5533707359169336,0.1707205304672734,0.27590873361579304
0.5449477755785719,0.24876934797110528,0.20628287645032278
0.5667350410540344,0.2076957072622347,0.22556925168373068
0.5478253289664906,0.20840576359236204,0.24376890744114754
0.5547329444858202,0.21732523407252108,0.22794182144165884
0.5635733883791159,0.1929433409565655,0.24348327066431824
0.5523572249490308,0.20103342363208973,0.2466093514188793
0.5665034060468864,0.21670309470284954,0.21679349925026384
0.564267372404628,0.22123387872076297,0.21449874887460912
0.5550183820929417,0.17872485310586986,0.26625676480118793
0.5615332798030125,0.20102172455400674,0.2374449956429808
0.557857943661818,0.20050590298756554,0.24163615335061633
0.5481111469462584,0.26404016195008245,0.1878486911036591
0.5498512245341689,0.24932920046833973,0.20081957499749165
0.5433889147678093,0.20280503832194222,0.2538060469102486
0.5656400680070968,0.24589980641150574,0.18846012558139721
0.5525305634850268,0.2025352202853276,0.2449342162296454
0.54864540744904,0.2450088376797614,0.2063457548711981
0.5679941700839369,0.24555190983704642,0.18645392007901657
0.543474739482556,0.20956620213613625,0.24695905838130766
0.5616879097115367,0.20448307939451996,0.23382901089394334
0.5499307770695296,0.16244378488256717,0.28762543804790347
0.542202152189136,0.26742819683316205,0.1903696509777023
0.5577259475847571,0.1909129070052213,0.2513611454100215
0.5571725812697612,0.20524092724935394,0.23758649148088457
