x,y,z
0.37580854014139425,0.3089844039121336,0.3152070559464721
0.3993830039198106,0.3074241442515031,0.29319285182868626
0.3961885492916255,0.3063886087506277,0.29742284195774726
0.38862044131436396,0.3056210854275926,0.3057584732580433
0.3835538564167441,0.3058313929800893,0.31061475060316635
0.4043203453942408,0.30797479392333454,0.2877048606824245
0.3964508757526756,0.3076311786463124,0.29591794560101214
0.38115033415005495,0.3069705592208305,0.3118791066291145
0.3911698450665373,0.3073563383170303,0.30147381661643236
0.36006344132501517,0.31997412456910335,0.31996243410588143
0.3998621654140947,0.3107729219491885,0.28936491263671693
0.38743453862195526,0.3074617737724762,0.30510368760556883
0.3910557009835479,0.30610509723179147,0.3028392017846606
0.41402912152081267,0.3165269732735037,0.26944390520568345
0.36704343199392814,0.31570212346032506,0.317254444545747
0.38939764406661287,0.3063691342828314,0.3042332216505559
0.3920048240833754,0.3056535692973362,0.3023416066192882
0.39762638067666806,0.30598295017297816,0.29639066915035384
0.3918107644038928,0.305866390826827,0.3023228447692801
0.37973088288516954,0.3076576984652062,0.31261141864962433
0.38921154641439243,0.3052278625003561,0.30556059108525147
0.38680230139586597,0.3053803033887069,0.3078173952154267
0.3959816238439802,0.31007594727653603,0.29394242887948385
0.37568805983235753,0.3093862629779058,0.3149256771897368
0.39504940206040723,0.30629702401433,0.2986535739252629
0.39890207545574524,0.3098144271154459,0.29128349742880866
0.3953121858289696,0.3048024094783862,0.2998854046926444
0.38726600798128946,0.30534239348829695,0.3073915985304133
0.38312905731158264,0.3071235171027724,0.30974742558564505
0.3907075248882655,0.3068568862569025,0.3024355888548319
0.38229315685082843,0.3066299947891845,0.31107684835998733
0.36957821380735206,0.31247836014604136,0.3179434260466066
0.38662361379863713,0.30514887129026746,0.30822751491109535
0.3827125258559089,0.30712422635621744,0.31016324778787374
0.3954035210671643,0.3058055088079176,0.29879097012491806
0.3768557829019554,0.30864610492717,0.3144981121708744
0.38358251501038876,0.30625633830601945,0.3101611466835916
0.3944626557156502,0.30512960811929746,0.30040773616505223
0.3948706284896516,0.30907829135967985,0.2960510801506686
0.37478563557456696,0.30965787063438505,0.31555649379104755
0.3795418455958836,0.30764535571250573,0.312812798691611
0.38249573470180326,0.3067886917445701,0.31071557355362667
0.37598936053885523,0.3092226473981302,0.31478799206301444
0.39803699155087047,0.3113914651963672,0.29057154325276247
0.36867149745393685,0.31366786907309513,0.3176606334729682
0.3593333231198419,0.3206993020628285,0.31996737481732923
0.38325206079551877,0.30633255279524896,0.31041538640923194
0.39592271402594204,0.305060259071322,0.2990170269027358
0.37702472257984404,0.3085820230805263,0.3143932543396297
0.3958486081525229,0.3083530245754028,0.2957983672720744
0.3762871316935935,0.3088276525473692,0.3148852157590375
0.36579253940564266,0.3144404286026167,0.3197670319917403
0.360533431160652,0.32122783701798985,0.31823873182135787
0.3689078395194369,0.31278974489626976,0.3183024155842935
0.397843053082133,0.3090826907609769,0.2930742561568901
0.3823673465857701,0.30649091486372415,0.31114173855050553
0.36364995061416194,0.3161992924116506,0.3201507569741877
0.376461725910725,0.30879499406710287,0.3147432800221719
0.3952093366280132,0.3081497742768689,0.2966408890951178
0.37886919745715636,0.30789984270471504,0.3132309598381286
0.4025186022954216,0.30991928255623025,0.2875621151483482
0.38127949689666424,0.30698553780217436,0.3117349653011615
0.3844891811973727,0.30533560887139444,0.31017520993123293
0.37014832705563866,0.31184429089364885,0.31800738205071233
0.375560727121896,0.30918580733408807,0.31525346554401595
0.3666570424855271,0.31522895421559566,0.31811400329887707
0.3861526931407147,0.30529866206250994,0.3085486447967757
0.3853946708841162,0.30543701343636326,0.30916831567952036
0.40530020428848934,0.3094846686352859,0.28521512707622476
0.378247154134298,0.3080611705389233,0.31369167532677866
0.3934555891559611,0.306820255397179,0.2997241554468596
0.38191448436856207,0.3066482157121656,0.3114372999192724
0.39925077063948644,0.3088235311419647,0.29192569821854863
0.37168480910998436,0.3128467163626168,0.31546847452739835
0.3955545715814332,0.30527654600641146,0.2991688824121554
0.3663929180419481,0.3152617158699554,0.3183453660880966
0.39380199804918764,0.30612876533968225,0.3000692366111304
0.37924827598517546,0.30752592276201407,0.31322580125281047
0.3718412407460243,0.31089327096802255,0.3172654882859528
0.40569027920310585,0.31300981058155986,0.28129991021533435
0.3919887082417118,0.30739328212003986,0.30061800963824814
0.38533713115836377,0.30690698966632945,0.3077558791753066
0.37517620552275177,0.31020236638390764,0.31462142809334076
0.4017597451576475,0.3103403372821698,0.2878999175601826
0.400295421913918,0.307773186383021,0.2919313917030609
0.3825541352495324,0.3076091759117008,0.30983668883876714
0.37148432672117393,0.3147397499546815,0.3137759233241445
0.38974631249040614,0.30423214218641625,0.3060215453231778
0.3554200335674405,0.3266008229715746,0.3179791434609852
0.3853384995587725,0.3059884484844046,0.30867305195682254
0.3751252912023947,0.30982989915894915,0.31504480963865633
0.37922731838380447,0.3081203293825235,0.3126523522336719
0.38061521337673343,0.30700224638567464,0.3123825402375919
0.39966967638066886,0.30909471587005355,0.29123560774927804
0.3798902568071214,0.30753680888070545,0.31257293431217326
0.37553947772818586,0.3093297422038931,0.31513078006792117
0.4024567889302207,0.30667376869220925,0.29086944237757034
0.40930700551999805,0.31747623282129994,0.2732167616587019
0.3809704669320284,0.3070427070985474,0.3119868259694241
0.41240639375704347,0.321447977611494,0.2661456286314627
0.38689119240055625,0.3060074964443397,0.3071013111551038
0.38527434096520546,0.306517008111493,0.30820865092330174
0.3738575824864878,0.3098680843482344,0.31627433316527764
0.3961334323894209,0.3043757879964698,0.29949077961410947
0.38459185986746414,0.30536836043742,0.310039779695116
0.39090001516965855,0.3060751510558739,0.303024833774467
0.41794566070244443,0.3211574108010664,0.26089692849648916
0.38603821712298036,0.30473755907827704,0.3092242237987428
0.38796863880682897,0.3050251328106731,0.30700622838249825
0.3792405002384002,0.30758628071671024,0.3131732190448895
0.3837483318519044,0.30648171843394423,0.3097699497141516
0.38743403872462767,0.3048065783909186,0.3077593828844533
0.3916730156832642,0.30347213504511417,0.30485484927162165
0.39087036290107563,0.3053149146664079,0.3038147224325168
0.38378882629948124,0.30680462382503165,0.30940654987548677
0.38312278122158006,0.30749196018077246,0.3093852585976476
0.37873962214980034,0.3080226201087443,0.31323775774145557
0.40848810241353367,0.315113679234332,0.2763982183521344
0.39827551044509313,0.3071427338429862,0.29458175571192047
0.3910364207383453,0.3047188066050733,0.30424477265658134
0.3876952223883404,0.30838697877096577,0.3039177988406935
0.3751515937437608,0.3098229271357512,0.31502547912048817
0.3760733155923282,0.3088859666327942,0.3150407177748773
0.3884195925044537,0.30611228165679605,0.3054681258387505
0.39243897958867874,0.3070124117923876,0.3005486086189338
0.3808504726275329,0.3068281787393602,0.31232134863310684
0.39658583480624754,0.3073796218172198,0.29603454337653223
0.40985999394866335,0.319681444292098,0.2704585617592388
0.40016931107429055,0.307531459135838,0.2922992297898714
0.3886312866208237,0.3059346818308294,0.30543403154834703
0.36877521272337793,0.3137375266617707,0.31748726061485133
0.368600734368528,0.31630915527287795,0.3150901103585938
0.36698664608972,0.3149988102330816,0.31801454367719845
0.39152946195582033,0.3070481782111341,0.3014223598330453
0.38927790458951794,0.30591227556745504,0.304809819843027
0.3854339905502017,0.30814557572915957,0.3064204337206385
0.3830263534208229,0.30633224818905586,0.31064139839012134
0.4027740934916048,0.3081724290304331,0.289053477477962
0.39945857282138886,0.3120436435173999,0.28849778366121104
0.39846487810807135,0.3074839465571246,0.2940511753348045
0.4044735270627006,0.30689989142896246,0.2886265815083371
0.3737890934426649,0.31067887656633075,0.3155320299910046
0.40131189580091314,0.3086915150755662,0.2899965891235209
0.3635939860722906,0.3200450990617758,0.3163609148659334
0.392013760338899,0.3086325906166803,0.29935364904442086
0.3908537442827222,0.30781139836977445,0.3013348573475032
0.3889687029419566,0.30508319776297155,0.30594809929507183
0.39599269652404545,0.3082741784887961,0.2957331249871587
0.37437605603598917,0.311719660174036,0.3139042837899749
0.390360617725607,0.30435204812414474,0.3052873341502481
0.3845809585615661,0.3064877347503497,0.3089313066880845
0.36443659223448177,0.31658720955377906,0.3189761982117394
0.3807153000927332,0.30716411097209384,0.31212058893517275
0.37275814502526955,0.31039122950314635,0.3168506254715839
0.3796740256959226,0.30799924628425146,0.31232672801982553
0.3666918553590399,0.3174145191345415,0.31589362550641836
0.38928778900390315,0.30654700526506995,0.30416520573102723
0.3795977697972044,0.3073256702682074,0.31307655993458827
0.39381264324878706,0.3095980313976301,0.29658932535358296
0.3896490940436049,0.3061933223733886,0.3041575835830063
0.40663155953299945,0.3164921428522056,0.27687629761479465
0.38510022800094007,0.30607063065533596,0.3088291413437241
0.3905338805178136,0.3052418804021097,0.30422423908007684
0.37153680697398367,0.310966488297141,0.31749670472887515
0.36252733985117,0.31885001249071554,0.31862264765811427
0.37587625888047427,0.3090807735081124,0.3150429676114134
0.3847603521241677,0.3080599918839937,0.3071796559918385
0.3822147088347544,0.3068887125128406,0.31089657865240494
0.41411769625657213,0.31899699676474597,0.2668853069786818
0.380591986083769,0.3083723663328367,0.3110356475833941
0.4086436940029665,0.31517955897183353,0.2761767470252002
0.3896859858232035,0.30531428384698467,0.3049997303298116
0.3920884904499107,0.3066433366313499,0.3012681729187394
0.38480760511763856,0.3061656493396787,0.3090267455426826
0.36457835926885873,0.31547930110381406,0.3199423396273272
0.3447353841752244,0.34381842400101936,0.31144619182375644
0.38748822380475856,0.30584844738064354,0.30666332881459824
0.3703438379734806,0.31166573366628436,0.31799042836023506
0.40059082622222375,0.3131316298456076,0.28627754393216887
0.4047193299533023,0.3102092180563685,0.28507145199032935
0.3535104846819626,0.33202573064940927,0.3144637846686282
0.3770492966235607,0.3087123717913088,0.3142383315851307
0.3809984856517519,0.30676744481367774,0.31223406953457034
0.40024379636408536,0.3087890383787239,0.2909671652571908
0.3749394245606114,0.31019142696576774,0.3148691484736208
0.3846449512645601,0.3063686345787966,0.30898641415664363
0.3714829123734221,0.31135040950276477,0.31716667812381294
0.3752745184707671,0.309366142530287,0.3153593389989459
0.36448559530857544,0.316928645034697,0.3185857596567274
0.37190982253049604,0.31113643731261903,0.3169537401568848
0.3935770052084836,0.3041867808810108,0.30223621391050537
0.3870240951919845,0.3065184929422305,0.3064574118657851
0.37597131888620644,0.3093942587659463,0.31463442234784755
0.38117921850619485,0.3071611216278203,0.31165965986598454
0.3625662629277471,0.31937048160234544,0.31806325546990766
0.385907948990854,0.30767701371797734,0.3064150372911687
0.3828464402128314,0.3070473617361299,0.3101061980510386
0.38786008672882466,0.3065680405766875,0.30557187269448793
0.38054440292714825,0.307667574484231,0.3117880225886207
0.38879828731934035,0.30678310549019405,0.3044186071904656
0.37893820776038445,0.3076957326348231,0.3133660596047922
0.3907478262498519,0.30437383160106213,0.3048783421490856
0.38276767719846044,0.30700508113308,0.3102272416684597
0.37961357896262504,0.3076724948913576,0.3127139261460171
0.3874318673342585,0.30747373596588934,0.30509439669985233
0.3914011953798763,0.3066946696740754,0.30190413494604834
0.39144892152445154,0.30587969763817197,0.3026713808373766
0.3837720777240142,0.305766181528926,0.31046174074706
0.3754628160207942,0.309283695188324,0.31525348879088155
0.3764029403263238,0.3087714541843933,0.3148256054892833
0.3634470853593615,0.317586053174188,0.3189668614664503
0.38693799359268266,0.304995926874109,0.3080660795332084
0.38076988070406387,0.30716659538724944,0.3120635239086866
0.3825971465488928,0.3061066453239133,0.31129620812719383
0.3832904088720195,0.30715226865995576,0.3095573224680248
0.3772151882844875,0.30874480161959783,0.3140400100959148
0.36500998273319707,0.31760342538516606,0.3173865918816371
0.3689113980357347,0.31295782695862107,0.3181307750056442
0.38443086602907994,0.3062805646046371,0.309288569366283
0.3813711395246917,0.30645204073384896,0.31217681974145917
0.3696772647686085,0.3121693976881176,0.3181533375432737
0.3770085517071927,0.3085465753461484,0.314444872946659
0.39158522495090275,0.3046227044531997,0.3037920705958974
0.38270262628785384,0.30623265240537534,0.3110647213067709
0.3797215853778038,0.3077602453814394,0.312518169240757
0.3747333182591243,0.30954446917123857,0.315722212569637
0.4015394095532756,0.3125257463385686,0.28593484410815595
0.3791876501666528,0.3076981388229951,0.3131142110103522
0.3828423527392718,0.3068086189495306,0.3103490283111977
0.39087923038164024,0.30413589062598007,0.3049848789923796
0.3899750031483734,0.30588717441653906,0.30413782243508747
0.3696702673522576,0.31207695564428023,0.318252777003462
0.3874694469045076,0.3061201219308323,0.3064104311646601
0.3819709546023603,0.3070538606627462,0.31097518473489344
0.3782756640655497,0.3080752028505237,0.31364913308392656
0.3877000921052498,0.3048939021381499,0.3074060057566006
0.39083309705399144,0.3050665135986429,0.3041003893473656
0.4043070747297966,0.3136558685575573,0.28203705671264606
0.3898821153337584,0.3046673746771076,0.3054505099891339
0.3794451479800299,0.3076350844218273,0.31291976759814266
0.3761468718340568,0.3090422654679018,0.31481086269804126
0.40434822168941853,0.30800340076641297,0.2876483775441688
0.37377391674786253,0.31029908002622864,0.31592700322590894
0.3944998928003569,0.3039476032029499,0.3015525039966933
0.3896295118723168,0.30748025876104834,0.3028902293666349
0.4030520728832506,0.3120499371946288,0.2848979899221204
0.37754499601589,0.3083419410764864,0.3141130629076236
0.3701475229857707,0.31295206680143833,0.3169004102127911
0.3895215748085954,0.3040117228801048,0.3064667023112999
0.3955296673622746,0.30819835691792574,0.29627197571979985
0.3842312924832766,0.30602374055221443,0.30974496696450904
0.37415076774026046,0.3100199429940613,0.3158292892656779
0.37638982693136364,0.30881335524186926,0.31479681782676716
0.3752683103856057,0.3094167103155271,0.31531497929886715
0.39070057118872326,0.305341317541463,0.30395811126981354
0.38204899428941524,0.306476684290685,0.31147432141989984
0.3694385973235189,0.3127586921822908,0.31780271049419057
0.3794248800116096,0.30746900891869094,0.3131061110696991
0.3791714676563779,0.3077807639510215,0.3130477683926007
0.38220752458174156,0.3075422905434556,0.3102501848748029
0.3734882774075641,0.3107322378285686,0.31577948476386697
0.4109003267030118,0.31257221149121517,0.2765274618057727
0.3970783709980281,0.3053445599697745,0.29757706903219716
0.37566087806456966,0.3092067785890678,0.31513234334636264
0.40140796732100614,0.30962476434853997,0.2889672683304536
0.3799806596476314,0.3083264892498033,0.31169285110256517
0.38198340960325683,0.30750584156834715,0.31051074882839586
0.375788330635212,0.30912963063384835,0.3150820387309396
0.3942701985862113,0.306095232848113,0.29963456856567544
0.40729651483600865,0.3096523574685991,0.2830511276953927
0.3757764166202598,0.3090525446700522,0.3151710387096882
0.3751492714589779,0.31012815122958515,0.3147225773114369
0.36161270501765075,0.31985325007173204,0.3185340449106172
0.38400525969971183,0.30577594445279194,0.31021879584749634
0.36036607725789815,0.32318191611693964,0.31645200662516193
0.386510671516326,0.30496457195033155,0.30852475653334216
0.3730669142574929,0.3113683741793899,0.31556471156311733
0.36635273123369005,0.31718432714816996,0.3164629416181402
0.3869761075165293,0.3072145430297984,0.30580934945367244
0.3894499768231644,0.3059493485271787,0.3046006746496568
0.37965063386425396,0.30750280053977463,0.31284656559597157
0.3962886799369623,0.30869074426161275,0.29502057580142504
0.36278639097497645,0.31809208144482287,0.31912152758020035
0.3803486072963962,0.30743406859476335,0.3122173241088402
0.3811507505863251,0.3070481560052127,0.31180109340846235
0.3974411921133495,0.3059717002976796,0.2965871075889707
0.3736026357684472,0.3100794918622587,0.3163178723692941
0.3818667090073685,0.308080071694659,0.3100532192979725
0.3784771648466084,0.30852502810310617,0.31299780705028524
0.4007111301175465,0.30854247286365405,0.29074639701879956
0.354138479960396,0.3263583488853716,0.31950317115423255
0.38358324345608114,0.30581644586353907,0.3106003106803798
0.4021571322775602,0.31202812263736174,0.28581474508507815
0.38511477584298975,0.30570012607026925,0.309185098086741
0.37010218477590084,0.3124096617921769,0.31748815343192244
0.40238826239548053,0.31137951590454555,0.2862322216999739
0.3771754463317233,0.30844566392686584,0.3143788897414108
0.36760133807613893,0.3134723250099279,0.318926336913933
0.37709300110858324,0.3086369039437024,0.3142700949477143
0.38715956239492505,0.3064667168764624,0.30637372072861246
0.3916937809828599,0.3051048251274262,0.3032013938897138
0.3835982384077226,0.30644502208343627,0.309956739508841
0.38424598010534466,0.30603111390217147,0.309722905992484
0.39103087047733026,0.3083074770259807,0.3006616524966891
0.39999508101048226,0.3086970701031939,0.2913078488863239
0.3933348682823361,0.3048483593482014,0.30181677236946286
0.38268111002207433,0.30690016674732784,0.31041872323059805
0.3810024545724303,0.307323132077319,0.3116744133502508
0.37868616999683635,0.30784607937043634,0.31346775063272736
0.3873773730777268,0.3058222939780907,0.30680033294418274
0.3982610532933556,0.30967864646497945,0.292060300241665
0.3709500643444506,0.31206237996393504,0.3169875556916143
0.3870601991044706,0.3084620872797496,0.30447771361577936
0.4138726892405762,0.3212555507170449,0.2648717600423787
0.3872564009945363,0.30659884153446,0.3061447574710034
0.36445202422031403,0.3169574972552295,0.3185904785244563
0.3800814125475602,0.30755841288091934,0.3123601745715203
0.38054272588640636,0.30685532829110823,0.3126019458224854
0.40152339872528925,0.30883488262520925,0.28964171864950095
0.3875396001646647,0.3058384387630978,0.3066219610722373
0.3800191823593061,0.3076186698638098,0.3123621477768841
0.37219538212896786,0.3120808359328875,0.31572378193814477
0.37822036803836756,0.3080212975029672,0.3137583344586653
0.38530896961258554,0.3067732851535411,0.3079177452338736
0.3927271332471459,0.3048033901967664,0.3024694765560876
0.3971703675718371,0.3076557634523621,0.2951738689758009
0.36994572498081657,0.3117334634506682,0.31832081156851544
0.3788395939696612,0.307749972738487,0.31341043329185186
0.38451701740646377,0.3065552707926196,0.30892771180091694
0.3831622543859548,0.3064482364227098,0.3103895091913354
0.3810622990338498,0.3066955879016011,0.31224211306454897
0.36067365664353745,0.3242967938054134,0.3150295495510489
0.3997319478564364,0.30801676787591736,0.2922512842676463
0.4012478945943896,0.3112301336625792,0.28752197174303107
0.3741797460073526,0.3098097833465594,0.31601047064608784
0.35799410441934365,0.3302855267446616,0.3117203688359948
0.39140997851618087,0.30650262186486427,0.3020873996189551
0.38723479349332013,0.3070960883165574,0.3056691181901222
0.39730731459934304,0.30827430959010976,0.2944183758105471
0.38813746471825217,0.3047960150059834,0.30706652027576437
0.3808310581179781,0.30692077189399936,0.3122481699880225
0.3947979233915024,0.3051340501747367,0.3000680264337608
0.37562874630506315,0.3091494603173679,0.31522179337756906
0.3978983889677827,0.30794833285614254,0.29415327817607495
0.3998055793651093,0.30849795584679257,0.29169646478809796
0.39440402863456797,0.3092773788734113,0.2963185924920206
0.3947138649150376,0.3053373823479192,0.2999487527370435
0.4038113775121969,0.3093250878053737,0.2868635346824296
0.3715824534756919,0.31106446264406995,0.3173530838802383
0.3766865000711477,0.309087155874853,0.31422634405399935
0.3886664913557583,0.30568257648009073,0.3056509321641506
0.39226284301905134,0.30431474296771943,0.30342241401322895
0.38727452345847424,0.3050584437644879,0.30766703277703783
0.37739962907531466,0.30911667107230045,0.313483699852385
0.37616222824441103,0.3088842396320485,0.3149535321235404
0.3883668478783571,0.30498885249004126,0.30664429963160195
0.41030657660018305,0.31423471597962493,0.27545870742019213
0.3903747939429724,0.3059870818189725,0.30363812423805514
0.38395701708501423,0.30631688302608023,0.30972609988890526
0.3940769660741304,0.30599730216585613,0.29992573176001347
0.3756529577489705,0.30909857739792024,0.3152484648531094
0.3930509054147038,0.30495055815988614,0.3019985364254102
0.37744217231498994,0.3085668265725852,0.31399100111242495
0.39204761330101423,0.30363753689534423,0.3043148498036417
0.40154348389336875,0.3075256855964497,0.29093083051018137
0.3848418511797255,0.3053534679671181,0.30980468085315627
0.3927569224695009,0.3072407406771911,0.3000023368533078
0.38264430126522164,0.30637277274987706,0.31098292598490157
0.3762928390437414,0.30906857464823856,0.31463858630802
0.3686974528950949,0.314076755999316,0.3172257911055891
0.38241557422118555,0.3061670492700592,0.31141737650875534
0.37729499565362523,0.3085009780668496,0.31420402627952515
0.3610321912102787,0.3221043479722169,0.31686346081750427
0.39928039088947165,0.31016320680451603,0.2905564023060125
0.39083504084906145,0.3053717092790551,0.30379324987188333
0.4030060698364333,0.3118315489324047,0.2851623812311617
0.3777434201327843,0.3082725466513875,0.3139840332158284
0.37906606487268585,0.3078092853779698,0.3131246497493445
0.38412732964206464,0.30610208248985116,0.3097705878680845
0.36728605320025476,0.31469450620753836,0.318019440592207
0.37167562954532973,0.31383874763446856,0.31448562282020187
0.3762237965007325,0.3089402933583758,0.3148359101408915
0.37830091752590417,0.3080643457539116,0.3136347367201839
0.38375433941055426,0.30664724821225564,0.3095984123771901
0.36019544936009684,0.320741173399022,0.3190633772408812
0.4081730672543443,0.316574577244075,0.2752523555015806
0.3841329138873841,0.30537778895938034,0.3104892971532355
0.39159073999833033,0.3070319333264355,0.3013773266752343
0.40026705450984584,0.30799535652099724,0.2917375889691568
0.3744375594799157,0.30998657797922613,0.31557586254085823
0.38028658967147155,0.30713397090370476,0.3125794394248237
0.38305208710302985,0.30619003115130794,0.3107578817456621
0.37310443246429387,0.3105915885655662,0.31630397897014007
0.3642186102967084,0.3168678735531146,0.31891351615017693
0.37914043691473936,0.3077008336452377,0.31315872944002277
0.3910811661553796,0.30473671884631615,0.304182114998304
0.3846027805133349,0.3066766341683762,0.3087205853182889
0.37459591832921946,0.30964548183751417,0.3157585998332665
0.3734495566641505,0.31035335204004955,0.3161970912958002
0.39036362245620226,0.3074302861719739,0.30220609137182397
0.39120256855494906,0.3052004106679189,0.30359702077713185
0.36965544726238003,0.3142117327037169,0.3161328200339031
0.3686120095342157,0.31315856452022595,0.3182294259455586
0.3763789377496495,0.3091948208912988,0.31442624135905173
0.37420123727961935,0.30977379497821006,0.3160249677421706
0.37480958738190123,0.3095373707724786,0.3156530418456203
0.39236486609733595,0.3066235182650197,0.3010116156376444
0.38342496488136685,0.30650314417404356,0.31007189094458965
0.38410103091708964,0.30637608400895916,0.30952288507395126
0.39419603782443713,0.30987472679667816,0.29592923537888455
0.3976390869573851,0.30387757056469344,0.2984833424779213
0.4107075752266214,0.316408481992085,0.2728839427812935
0.3820467311613759,0.3064347091349593,0.31151855970366504
0.37679038667245396,0.30877231101161606,0.31443730231592976
0.38828900557170754,0.30677683433367015,0.30493416009462204
0.38316414906496754,0.3061177075478356,0.31071814338719683
0.38628808269167453,0.3057704651968939,0.3079414521114318
0.3600616611075866,0.3277091641251417,0.31222917476727163
0.3758123439430544,0.30903226957767843,0.3151553864792669
0.3884110650050238,0.3065478155802891,0.30504111941468703
0.37930942612715196,0.30749504714179743,0.31319552673105056
0.3837668276306559,0.3062146721000901,0.3100185002692539
0.3744638090019914,0.3096300724225787,0.31590611857542966
0.37282728922466846,0.3117990096491332,0.3153737011261982
0.38602439311582915,0.3066348537761522,0.30734075310801856
0.393006995468951,0.3077425986718243,0.2992504058592247
0.4004659785873698,0.3077240868739376,0.2918099345386927
0.39967139239219884,0.311808698992206,0.288519908615595
0.4102550630338835,0.311728489910962,0.27801644705515416
0.3930811264567061,0.3076871821533545,0.2992316913899393
0.3901879807483672,0.306017808765723,0.30379421048590993
0.39150014463592164,0.30680886392012896,0.3016909914439492
0.39988317967473347,0.3081097232553473,0.292007097069919
0.38905631681995856,0.3047252033525446,0.3062184798274967
0.3979834014596045,0.3088100898567086,0.29320650868368675
0.37805042641388953,0.3083721677151106,0.31357740587100014
0.39225717181116704,0.3049187486899564,0.3028240794988767
0.3833810317230736,0.3065973454444415,0.31002162283248474
0.37596558175600225,0.30905963778503237,0.31497478045896543
0.37735504228969485,0.30850389401846595,0.3141410636918396
0.409672971102056,0.3175691164569191,0.27275791244102454
0.3808514140482173,0.30764859604312844,0.31149998990865435
0.39150701789042786,0.30593366634329355,0.3025593157662787
0.36454268779666077,0.316308793672825,0.3191485185305142
0.39841966928227374,0.3098337491548655,0.2917465815628604
0.3989309777333913,0.30872127617016326,0.29234774609644576
0.39536056463250846,0.3055865117758151,0.299052923591676
0.39057254977198197,0.3067954247497296,0.3026320254782884
0.36038636704548055,0.32243571877838406,0.3171779141761353
0.3821707459577389,0.30638887340178794,0.3114403806404733
0.4059595355099854,0.3126126285047265,0.28142783598528853
0.41459950183846067,0.31818436081584484,0.26721613734569444
0.3738804555792162,0.3098751669799019,0.31624437744088163
0.4137653482885927,0.31690921777095593,0.2693254339404514
0.3718004951526781,0.3130195017721302,0.3151800030751914
0.371238402659369,0.3111287646466352,0.3176328326939958
0.37516287390411723,0.30962040240416283,0.3152167236917198
0.3873412616454549,0.30731445879819386,0.30534427955635113
0.3773653821957632,0.3083750610614128,0.314259556742824
0.3853047882204132,0.30609256244672767,0.308602649332859
0.3794109137797025,0.3076080451588874,0.31298104106141045
0.3885076363285151,0.3062429518947642,0.3052494117767206
0.3741481266347104,0.3098542069250495,0.3159976664402401
0.3834745764237327,0.3060280669299777,0.3104973566462896
0.40469429476256824,0.31320711439954846,0.28209859083788347
0.3695019622580568,0.31326117126498854,0.3172368664769548
0.3920509866331621,0.3056983856596378,0.3022506277072
0.3951687341118796,0.3072190045119711,0.2976122613761494
0.39212279435679,0.3037715533989793,0.304105652244231
0.3952034619212729,0.3096836579600163,0.29511288011871084
0.38264489519237316,0.30639769795454863,0.3109574068530782
0.3868975635568875,0.30596722396074433,0.3071352124823679
0.37940622101048616,0.3075627893870647,0.31303098960244885
0.370484463213967,0.3116668778334932,0.3178486589525401
0.3983966532567692,0.3121803308228247,0.28942301592040587
0.38555277703429347,0.30592279786457177,0.30852442510113476
0.3824925981415067,0.3073915291594418,0.31011587269905133
0.37719054029080235,0.3085569999817198,0.31425245972747795
0.3921965871936659,0.3049403551468973,0.3028630576594368
0.39519158714079405,0.30565251152711204,0.2991559013320941
0.37788876760923235,0.3082355514054896,0.31387568098527785
0.41590528223505396,0.3227403124541126,0.2613544053108333
0.39881028197847046,0.3076314676729703,0.2935582503485595
0.3808990706361488,0.3079425595462832,0.31115836981756784
0.3749621091848449,0.3103355167203805,0.3147023740947747
0.3769151654375248,0.3085977952496434,0.31448703931283184
0.4136636894166791,0.31568209517098555,0.270654215412335
0.41024268007320797,0.3158986206073304,0.2738586993194616
0.3868725903647453,0.3068726928645983,0.3062547167706564
0.38530759399421044,0.3073694277357363,0.30732297827005317
0.39250222815660496,0.30523666754777135,0.30226110429562336
0.3677554437989631,0.31500497390890403,0.31723958229213267
0.409532076614162,0.31949465511509795,0.2709732682707402
0.3978891845781468,0.3088491000742647,0.2932617153475887
0.3814016450965421,0.30709301672947387,0.3115053381739843
0.3764218265873015,0.30885768763502874,0.3147204857776699
0.4011133112082939,0.3078239270354529,0.29106276175625323
0.4260361636282223,0.3381550856148867,0.2358087507568912
0.376058161538566,0.3090028778358591,0.3149389606255746
0.3889944761391949,0.30332179267193415,0.30768373118887093
0.378183016606242,0.30802228908258167,0.3137946943111763
0.40991260645385674,0.317353500457936,0.2727338930882077
0.3671982193626351,0.3153802489157742,0.3174215317215906
0.4073504783504799,0.3142226576672301,0.2784268639822899
0.38198942118505086,0.30715740044375545,0.31085317837119397
0.3883178398846434,0.30535144730369257,0.3063307128116639
0.39820124235571,0.3083362012787294,0.29346255636556073
0.3812225420402946,0.3071711404052331,0.3116063175544724
0.38473637551906226,0.3061814777783397,0.3090821467025977
0.3775313010047012,0.3083111834309417,0.31415751556435684
0.39138793229907615,0.3078033360976627,0.3008087316032614
0.37389251796293305,0.31138234779140367,0.3147251342456631
0.37465687064527897,0.30980390848372186,0.31553922087099906
0.3978935762473488,0.30681311252404364,0.2952933112286076
0.3670542506819255,0.31688225590022906,0.31606349341784556
0.38449660048119605,0.30638843883914646,0.30911496067965755
0.3588508095459798,0.32450796748180577,0.3166412229722145
0.39991594407994957,0.3117359962694353,0.2883480596506152
0.3829144403236533,0.3071525636475505,0.3099329960287963
0.3820143023520446,0.3069628819432121,0.31102281570474305
0.3719324699577445,0.31160621699262653,0.3164613130496291
0.3898529373278151,0.3047544875893893,0.30539257508279577
0.3931491437824348,0.3049270510553499,0.3019238051622156
0.3801062020227084,0.30721992782545127,0.31267387015184034
0.3759622988652728,0.30941407320269143,0.3146236279320362
0.3807013831448437,0.30723018828448345,0.31206842857067296
0.37686642585998187,0.3086827001160358,0.3144508740239823
0.37502250634467993,0.31010295265804577,0.3148745409972742
0.3872308417249613,0.3059052563675048,0.30686390190753376
0.4088870366440459,0.31262084203971235,0.278492121316242
0.40033664723211626,0.30898501591310484,0.29067833685477906
0.4038633080354549,0.31025007255646947,0.28588661940807597
0.3853478891653334,0.30582226774254306,0.3088298430921236
0.3852247411541013,0.3076800146571924,0.307095244188706
0.3650620030183052,0.31496338132075224,0.3199746156609427
0.3840098371501481,0.30624666293193437,0.3097434999179175
0.39899213104977865,0.30950539794988363,0.29150247100033794
0.3958877157588174,0.3087634525024427,0.29534883173873994
0.38306906591333306,0.30686840605280963,0.31006252803385737
0.39270028522479156,0.306107534836745,0.30119217993846337
0.4040021096720981,0.31281447882980523,0.28318341149809684
0.3906758820970713,0.30631319231001003,0.3030109255929188
0.3974655670000228,0.30923509065290056,0.2932993423470768
0.39038297516216053,0.3067029113226035,0.3029141135152356
0.38396157385948737,0.3062562819172241,0.3097821442232888
0.3895204426028106,0.30606023565657337,0.3044193217406162
0.3838179791899537,0.3069503820005167,0.3092316388095294
0.3877693517391797,0.304993693235643,0.307236955025177
0.3866907579969965,0.30623110181566504,0.3070781401873385
0.3974512796630321,0.3044804168411909,0.29806830349577673
0.39862675780813983,0.3087372212946042,0.29263602089725627
0.3857018422382287,0.30535186194846403,0.30894629581330746
0.39872630513708707,0.30907547457243056,0.29219822029048254
0.3873965979370603,0.3075346060506795,0.30506879601226017
0.3891750224698553,0.306081280289257,0.30474369724088796
0.39056926515168006,0.3088134358963388,0.3006172989519816
0.3824163347750771,0.30663065309144466,0.31095301213347804
0.3891839633237719,0.3061430376282322,0.3046729990479962
0.37725415096525516,0.30847941480564156,0.3142664342291032
0.37266370106813607,0.3111190743262833,0.3162172246055809
0.3825063960621519,0.30754504485864276,0.30994855907920565
0.37835086600855905,0.3080372744966084,0.3136118594948323
0.37937298097543803,0.307665340926428,0.3129616780981338
0.3853274624610443,0.30645636968194234,0.30821616785701306
0.3727244284739299,0.3115098549811349,0.3157657165449358
0.3872207282143777,0.3065166056499345,0.30626266613568776
0.3725860204697335,0.3133998217451863,0.3140141577850799
0.40158270824794423,0.3098349127333053,0.2885823790187503
0.3569697673638198,0.3284751227176461,0.31455510991853397
0.37566564051436235,0.30917422558428753,0.31516013390135034
0.3814816585113474,0.30658312943608546,0.3119352120525667
0.37744729503018787,0.3084413877642777,0.31411131720553465
0.40418711495674925,0.3107732017077555,0.2850396833354953
0.3869402700249588,0.3065043176118353,0.30655541236320566
0.3751657803424266,0.30941082051829283,0.31542339913928014
0.3715872198608593,0.31130909262528617,0.31710368751385465
0.37234820221806597,0.3115442488304727,0.3161075489514612
0.3637916045438615,0.31714634018206456,0.3190620552740739
0.39016074773045806,0.3054164723377786,0.30442277993176325
0.38765495127803196,0.3053817365613565,0.30696331216061157
0.3831016755296992,0.30651812564826664,0.31038019882203416
0.38823519779392607,0.30799230914391756,0.3037724930621561
0.3786786921807959,0.3082574400615282,0.31306386775767586
0.3820669642180979,0.3065322969622058,0.31140073881969615
0.38711862947680453,0.3056958464345492,0.30718552408864624
0.39149315883265606,0.30672937057080085,0.30177747059654303
0.3882188517400888,0.30557705923337836,0.3062040890265328
0.38831471040456655,0.30640811393499445,0.305277175660439
0.3727265391370166,0.31082667592019775,0.31644678494278566
0.3859040425748949,0.30523650790838075,0.3088594495167244
0.3750630543517893,0.310542930779632,0.31439401486857893
0.3998509991512646,0.30872928369204833,0.29141971715668713
0.3772078800796536,0.3084330629077499,0.3143590570125966
0.38795486738094087,0.3054250223410376,0.3066201102780218
0.3879548468269042,0.30465973846151445,0.3073854147115815
0.3765736751907927,0.30922173724388435,0.31420458756532305
0.40360847959748675,0.3086182660252936,0.2877732543772198
0.369872505244879,0.3136761648023079,0.31645132995281333
0.373969133947606,0.3099563839461047,0.3160744821062894
0.3717147169672073,0.3116220876336085,0.31666319539918397
0.3886667004020298,0.3065790181258522,0.304754281472118
0.37262143271430836,0.31057646171490505,0.3168021055707866
0.3876755013592277,0.305680091112531,0.30664440752824146
0.4067345649448147,0.3063543199207701,0.2869111151344152
0.39228164682455147,0.3059939177791419,0.3017244353963065
0.3755910424948782,0.3091931172951546,0.31521584020996696
0.39082001722400783,0.3060058982697118,0.30317408450628025
0.38738191411994866,0.30508645360747344,0.307531632272578
0.3891556191261032,0.3050132803150465,0.30583110055885027
0.38057639652095265,0.30715132436683545,0.3122722791122119
0.4034144733872161,0.3098279177575378,0.28675760885524637
0.3901347653277425,0.30508851821069416,0.30477671646156324
0.3537025999722745,0.32603769732405086,0.3202597027036748
0.38290185949960137,0.30596401836225845,0.3111341221381403
0.4199145988989078,0.32587679129922875,0.25420860980186333
0.3864545421623594,0.3062296691188615,0.30731578871877907
0.3975474183926356,0.3077827481007626,0.2946698335066016
0.3759146197167381,0.30937183068588564,0.3147135495973763
0.3825986256061458,0.3063089701018174,0.3110924042920369
0.3671739088079838,0.31519713931758364,0.3176289518744327
0.3946064774866972,0.30975993099657684,0.2956335915167257
0.3999159946565729,0.30814369910226735,0.2919403062411599
0.40766982447784206,0.3119111185078668,0.2804190570142915
0.3820080738505789,0.3067007704665019,0.3112911556829191
0.3913723896087422,0.30736555684766964,0.301262053543588
0.3870428540965596,0.30520041140952053,0.30775673449392
0.3718063855669236,0.3110679540760172,0.31712566035705947
0.3777681584001263,0.3083189192315112,0.31391292236836255
0.4105015590536701,0.31742390282313004,0.2720745381231998
0.36993324683876977,0.3121637325703037,0.31790302059092646
0.40317319195548906,0.3088280672809831,0.2879987407635278
0.3737346971719956,0.3106907286087368,0.31557457421926727
0.4110451360555225,0.31764469608845386,0.27131016785602347
0.40005182922160887,0.3116793111767243,0.28826885960166715
0.35956824619195277,0.3215447419748354,0.31888701183321166
0.3807595942836762,0.30807824578061166,0.3111621599357125
0.40094504064503844,0.3077931558462322,0.29126180350872904
0.37644652778199267,0.3087634252811557,0.31479004693685164
0.3676540352952175,0.31484711729788756,0.3174988474068948
0.3846304821163229,0.3065041398912989,0.3088653779923781
0.3997483374258693,0.31360290075802727,0.2866487618161035
0.3858942260387415,0.30607786291825373,0.30802791104300464
0.3570240023805348,0.328537166982812,0.3144388306366527
0.3834769597962123,0.307080150479305,0.3094428897244824
0.3746260671123505,0.3098822906769024,0.31549164221074655
0.39228060406654275,0.3074632478632298,0.30025614807022755
0.3858905214687784,0.30474854084475533,0.30936093768646633
0.347222977479395,0.3417392715666227,0.31103775095398223
0.3694668263961605,0.31256728358356484,0.31796589002027437
0.39045511251084725,0.30686441833517786,0.3026804691539751
0.36204563319210353,0.3201806085572884,0.31777375825060805
0.3968585617748386,0.30910840893873937,0.29403302928642205
0.38721537415813456,0.3046168644121564,0.30816776142970903
0.37811554627942634,0.30809744730233135,0.3137870064182424
0.3860290892791707,0.30580853300230826,0.3081623777185213
0.3782583646678407,0.3081775041121495,0.31356413122000937
0.3766953242905603,0.308648407001873,0.31465626870756647
0.391603250374868,0.3041870861877945,0.30420966343733724
0.39275062556269547,0.30453261489621136,0.3027167595410932
0.3668716175994058,0.31546318937941786,0.31766519302117613
0.38127750217850964,0.3066673229451187,0.3120551748763717
0.37918192332469175,0.3075496807658544,0.3132683959094537
0.4060756544481704,0.31382724794663475,0.28009709760519474
0.3995902125012543,0.30924318739334694,0.29116660010539896
0.3730969765448757,0.31029115179238054,0.3166118716627436
0.40576993720930127,0.309057219510722,0.2851728432799765
0.37753289188517725,0.30826255330834296,0.3142045548064797
0.39682712256440067,0.3083098168347911,0.29486306060080786
0.4067730399604917,0.30885551094601804,0.28437144909349016
0.37652047080934614,0.30882991599839404,0.3146496131922597
0.3830854945530283,0.3059817779598493,0.3109327274871224
0.3561872809760484,0.3261974166106549,0.31761530241329694
0.404815174511149,0.3146085232569048,0.2805763022319464
0.37431942729498924,0.3101430907029856,0.315537482002025
0.3812067542595576,0.30672591299379554,0.31206733274664666
0.3920230677777323,0.3064779093640855,0.3014990228581824
