x,y,z
0.3182374081502257,0.34428082382688185,0.33748176802289226
0.34657104856231535,0.3295831463862291,0.32384580505145544
0.3425855114771768,0.33005833305141036,0.32735615547141317
0.33314906128623095,0.33342601349346845,0.3334249252203003
0.3240686850501239,0.33940907653449126,0.33652223841538453
0.35052288798589204,0.3296570675080478,0.31982004450605983
0.3448514523552107,0.32962403634165627,0.32552451130313315
0.3240345776440077,0.3393597240838028,0.3366056982721892
0.33987027907839695,0.3307180687220016,0.32941165219960133
0.2996287592474763,0.3670457010613382,0.3333255396911854
0.35171714799380827,0.32922152488117284,0.319061327125019
0.33622905815036275,0.332009665960909,0.3317612758887285
0.33721830081576076,0.3316256294823264,0.33115606970191275
0.36402331583750935,0.3340320628743707,0.3019446212881198
0.30462785778127943,0.36100392816177274,0.33436821405694805
0.33596955722328337,0.33212105119823365,0.33190939157848304
0.337260745056168,0.3316138967291972,0.33112535821463457
0.34303516495585973,0.33002635572588984,0.32693847931825043
0.3375041737082409,0.33152485699679024,0.3309709692949687
0.31578912339572857,0.34757506314799264,0.3366358134562788
0.3328831404886807,0.33356170712138905,0.33355515238993017
0.32963437109322646,0.3354075676889601,0.3349580612178131
0.3484053132095055,0.3290170323885293,0.32257765440196523
0.3151070566397819,0.34786666721899745,0.33702627614122066
0.3414174058678915,0.3303448941914866,0.32823769994062196
0.34986101723060914,0.32915960256048216,0.3209793802089085
0.3388503802169938,0.33109428964016746,0.33005533014283883
0.330293847089904,0.3350066828820182,0.3346994700280775
0.3293673099323757,0.33555008441237594,0.33508260565524844
0.3384349319453204,0.33117926632272654,0.33038580173195287
0.32530353022616804,0.3383985673932968,0.3362979023805353
0.31135495299671423,0.35166833640290895,0.3369767106003768
0.3284327323267024,0.33618150525941226,0.3353857624138852
0.3286156167610093,0.33602503561788655,0.33535934762110414
0.34085615237601036,0.3304868734126559,0.32865697421133366
0.32079550318034267,0.3419698253238542,0.3372346714958029
0.3267214980093418,0.33734196307227665,0.3359365389183814
0.3386812610919785,0.3311333202108516,0.3301854186971698
0.34598872844609313,0.3293627456932477,0.32464852586065907
0.3209723489368048,0.34176190229208653,0.33726574877110815
0.3234311614277635,0.33979054325283314,0.3367782953194036
0.32675680717827094,0.33729193828235804,0.33595125453937097
0.32277521260063746,0.34018122428943964,0.3370435631099228
0.3515576183740817,0.32898899625498806,0.31945338537093027
0.3074618819094773,0.35654294182394075,0.33599517626658215
0.2985339054643215,0.3686207126993443,0.3328453818363337
0.3263479635343783,0.3375968140562995,0.3360552224093219
0.3399145093946069,0.3307809787177838,0.3293045118876091
0.3172434261153494,0.34554908637858167,0.337207487506069
0.34551628717092064,0.32952015103129834,0.32496356179778113
0.31775313301027164,0.3448751581819496,0.3373717088077789
0.30858744489650847,0.3545281528440756,0.3368844022594156
0.29719658511914143,0.3714628183452796,0.33134059653557857
0.31112188845051025,0.35186966442414064,0.33700844712534916
0.3479869178629448,0.32935203853977973,0.32266104359727543
0.32470001970751805,0.33886609783462757,0.3364338824578542
0.30561819409231283,0.35841416286599587,0.33596764304169147
0.3196446237731813,0.34305651892343925,0.33729885730337916
0.34472826997454675,0.32961098681328727,0.3256607432121659
0.31719512869063526,0.345917459887089,0.33688741142227574
0.3520948057671056,0.3294766391714824,0.318428555061412
0.3246171434896262,0.33888323817771576,0.3364996183326582
0.323703481669692,0.33973678429041565,0.33655973403989226
0.3129919083249594,0.34956603090366484,0.3374420607713755
0.31686897694881766,0.3457525842445637,0.3373784388066186
0.3054730945902413,0.3592702060209043,0.33525669938885416
0.3280643036334956,0.33643570787699417,0.33549998848951057
0.32709167856750065,0.3370874532703944,0.33582086816210466
0.3528734663556877,0.3299728946836864,0.31715363896062587
0.3216921259649695,0.34122087084312686,0.33708700319190354
0.3409669666306626,0.33043043333621674,0.32860260003312025
0.3243921949545681,0.3390817489073607,0.33652605613807113
0.348582370445803,0.3293495181698075,0.3220681113843892
0.30788685569772023,0.357031972192425,0.3350811721098542
0.34000699488333014,0.33073144751284056,0.3292615576038293
0.3049224263750101,0.35968847347956245,0.33538910014542755
0.34001246568183924,0.33069388680386214,0.3292936475142989
0.3201196230676274,0.3427471246051749,0.33713325232719754
0.3156315155356987,0.3467870062523476,0.33758147821195333
0.3573077336287673,0.330498866615383,0.3121933997558497
0.3407245331441717,0.3304589818436892,0.3288164850121387
0.3321610311160057,0.3339397092113427,0.3338992596726513
0.3121256134911008,0.3515950120359439,0.3362793744729555
0.3522140643662392,0.3294128821150855,0.3183730535186752
0.3477860889247325,0.32944177419524073,0.3227721368800266
0.33004038105394934,0.3351412769946733,0.3348183419513777
0.3041570378462329,0.3631521799074584,0.3326907822463086
0.3307128174704972,0.33476091377166184,0.3345262687578411
0.2917998735987339,0.3806145794083259,0.32758554699294046
0.32920280962508086,0.33567412139330693,0.3351230689816118
0.3139937914127472,0.3491962682674482,0.3368099403198047
0.32551502995002646,0.3381302881492078,0.33635468190076545
0.32214978221159046,0.3409300218871313,0.33692019590127814
0.3491113914893602,0.3294613472578237,0.3214272612528164
0.3238586373712529,0.33945061234110185,0.33669075028764517
0.3173222892746158,0.3454770188160322,0.337200691909352
0.34764052442483706,0.3295623597849223,0.32279711579024084
0.3639420376511958,0.33223094312386947,0.3038270192249346
0.3239824832745828,0.33938810414483267,0.33662941258058443
0.3690817090432287,0.3344531902767922,0.29646510067997917
0.3318015650297309,0.33413589182975956,0.3340625431405093
0.3308990975195025,0.3346398072726252,0.3344610952078725
0.31703025018897957,0.34536558393299144,0.3376041658780288
0.3387946688100766,0.33112867011149705,0.3300766610784265
0.3242767314343408,0.3392756557271952,0.3364476128384641
0.3369702999801117,0.3317299115408259,0.33129978847906194
0.3696665475479103,0.3371737739884745,0.29315967846361524
0.3250158857197135,0.3386596711333094,0.3363244431469772
0.3304194256511263,0.3349265106343239,0.3346540637145502
0.3206212978548897,0.3423207432596575,0.33705795888545276
0.32811705693091386,0.33635745554894797,0.33552548752013833
0.32865067148182525,0.33604745885581805,0.3353018696623563
0.33134288413693197,0.3344019730453963,0.33425514281767166
0.3352167703578652,0.3324500244647291,0.33233320517740594
0.32938928346469415,0.33554276583500214,0.33506795070030326
0.33059480009070774,0.3348096676313755,0.3345955322779167
0.3236413007177863,0.33954860752707294,0.3368100917551409
0.36101059046443734,0.3314663834570277,0.30752302607853493
0.34535878026476363,0.3296818718226134,0.3249593479126227
0.3339521854830589,0.3330305038159357,0.3330173107010054
0.338514548689827,0.33113157126368764,0.330353880046485
0.3143148893404526,0.3488834093363895,0.336801701323158
0.31954172301267747,0.3430217762259336,0.33743650076138854
0.33417010914888595,0.33292599472981127,0.33290389612130294
0.3403507237603113,0.33062514502199125,0.3290241312176975
0.3208446207828173,0.3421599326213515,0.3369954465958311
0.3445200467118708,0.32971000558192054,0.32576994770620815
0.36694091999128736,0.33254100169728545,0.30051807831142724
0.3474020481706286,0.3294194380600157,0.3231785137693556
0.3339877220218811,0.3330127114997738,0.33299956647834517
0.3079765948661046,0.3561902491651749,0.3358331559687204
0.3027792896177285,0.3647000736584608,0.33252063672381055
0.30597193212671936,0.35868424557720274,0.33534382229607784
0.33963032840582263,0.3307868838462364,0.32958278774794064
0.33474192505605027,0.3326597120935684,0.33259836285038125
0.33549916133199087,0.332317600007023,0.33218323866098587
0.32574123144323197,0.33805266842272447,0.3362061001340436
0.3498704582944392,0.32954217607387476,0.3205873656316859
0.3532172273463841,0.3291466792244083,0.3176360934292073
0.3460922261197752,0.3295296213617718,0.3243781525184535
0.34903058496075634,0.32981828831966065,0.3211511267195831
0.3120709712861937,0.35136025976402385,0.33656876894978266
0.34971938812840864,0.3294105625062883,0.32087004936530317
0.2980110797693747,0.3711117096945201,0.33087721053610497
0.3429908794015963,0.32986174831324344,0.3271473722851604
0.34048246047769437,0.3305019002038197,0.32901563931848576
0.33213085937777714,0.3339592062674892,0.3339099343547335
0.345505880651309,0.3295214883497828,0.32497263099890844
0.3083173107861481,0.35689294013655937,0.33478974907729264
0.3320276087044333,0.33401553394483097,0.33395685735073544
0.32966153485156713,0.3353760838566098,0.3349623812918233
0.303792271045784,0.3612817365155759,0.33492599243864024
0.3241242546187611,0.33923809340585276,0.33663765197538587
0.3179195226298289,0.34444088005787926,0.3376395973122916
0.32593135659798034,0.33785032224496997,0.3362183211570493
0.30195822396547467,0.36572237178660727,0.33231940424791784
0.3362547477507624,0.3319997852719329,0.3317454669773049
0.3191593480071655,0.3436733922152472,0.3371672597775872
0.3459867634334842,0.32935237392921396,0.32466086263730193
0.33584712890572277,0.33217669695453195,0.3319761741397451
0.36227372723764734,0.33080350292062644,0.3069227698417259
0.32909310507826284,0.3357345544628118,0.3351723404589254
0.33463536118192705,0.3327097330327616,0.3326549057853115
0.31767424337651023,0.3446389456690002,0.3376868109544894
0.3001925304677441,0.36662571275399,0.3331817567782657
0.3185875834752324,0.34410428712256697,0.3373081294022007
0.3344700333043726,0.33278352395706406,0.33274644273856313
0.3265821863479198,0.3374125695590373,0.3360052440930429
0.36670641085834715,0.33470138233236213,0.2985922068092905
0.32932265009675565,0.33556849573620595,0.3351088541670381
0.36130023600432154,0.33136830529343414,0.30733145870224443
0.3337471948870673,0.33312917412438137,0.3331236309885512
0.3393605769269943,0.33088953221474593,0.3297498908582597
0.3289062332785859,0.3358530359194114,0.33524073080200245
0.30640513220408305,0.35728617544690805,0.3363086923490088
0.27695905881480215,0.41128909597003993,0.31175184521515814
0.3322063524894831,0.33391705988788056,0.33387658762263644
0.31403456774306293,0.34841563579430324,0.3375497964626337
0.35530512276380155,0.3292642678451577,0.31543060939104084
0.35362537221012114,0.3297998051672384,0.3165748226226406
0.28676796867668153,0.3916066619771726,0.32162536934614594
0.3228476471380848,0.3401350463327007,0.33701730652921463
0.32032167666374856,0.3427005735223231,0.3369777498139285
0.34915155638434014,0.3293963590300153,0.32145208458564467
0.31252951202384294,0.3510186736375883,0.33645181433856874
0.32934182527776396,0.33557965500367154,0.33507851971856484
0.3127557439112408,0.3500334103413937,0.33721084574736543
0.3182797494686096,0.34439145288561773,0.3373287976457726
0.3030870793294941,0.3624748442558187,0.3344380764146869
0.31335130526054983,0.3494371595099395,0.3372115352295105
0.3357321047352349,0.3322349399117685,0.33203295535299626
0.3334145712108765,0.33329281617342044,0.3332926126157031
0.3144454166915115,0.34872780758722116,0.33682677572126757
0.3254112338724313,0.3382564073021256,0.3363323588254427
0.29921500652756755,0.36832314422739104,0.3324618492450415
0.3349416105188202,0.33256637376571885,0.3324920157154609
0.32856267543341766,0.3360647670233097,0.3353725575432724
0.33461081048478725,0.33271996810334586,0.33266922141186694
0.326453009405465,0.33746669185827505,0.3360802987362598
0.33622789597009306,0.33201510289639247,0.3317570011335143
0.3183884524511811,0.3444979962355059,0.3371135513133127
0.33264470783309463,0.3336856184682228,0.33366967369868217
0.32822491787894714,0.33629364176413307,0.33548144035691985
0.31545554901409306,0.3478501634828004,0.33669428750310626
0.33625041867589467,0.33200247416813006,0.33174710715597533
0.33879027400200445,0.3310700824833468,0.3301396435146486
0.337154077717737,0.33165146681612667,0.3311944554661364
0.32439378695930465,0.33914250689527276,0.33646370614542276
0.32118322117777093,0.34150358308719053,0.33731319573503826
0.3196060040312678,0.34302456176547236,0.3373694342032601
0.3030042795317912,0.36274184827336703,0.3342538721948415
0.32841237106174737,0.3362075271655197,0.3353801017727329
0.32421087690876915,0.33919117074360594,0.33659795234762463
0.32243495767427377,0.3407720004568725,0.33679304186885367
0.32972866039134824,0.33533463706993905,0.3349367025387127
0.3235672694971995,0.3395692581852559,0.33686347231754465
0.30169413057711797,0.36511709175856805,0.3331887776643141
0.31007759226759923,0.35314044236771863,0.3367819653646821
0.3286203434099132,0.33604098674898947,0.33533866984109717
0.3196210161344426,0.3432291311938171,0.3371498526717401
0.3123367875519625,0.3503405858779333,0.3373226265701039
0.31932578799997624,0.3434086802663501,0.3372655317336738
0.33440317437607403,0.33281724819546077,0.33277957742846503
0.3239926111176312,0.3394526762814385,0.33655471260093034
0.32490061989101116,0.3385940975361106,0.3365052825728785
0.31731331070331903,0.3452348603644152,0.33745182893226555
0.3550778376216393,0.32931609719863586,0.315606065179725
0.3164336347048806,0.3466223171702148,0.3369440481249047
0.32757723109810677,0.33672916266078184,0.33569360624111144
0.33215306221472873,0.33394761220767144,0.3338993255775997
0.3355124778905738,0.33232042343039386,0.33216709867903216
0.3127334114527215,0.3498160409744906,0.3374505475727877
0.332941512282434,0.3335316148950141,0.3335268728225518
0.3267864151704569,0.3372660354481115,0.3359475493814314
0.3219123079941927,0.3410384051835387,0.33704928682226853
0.3294826432024135,0.3355092877186195,0.33500806907896724
0.33457062924050834,0.3327401202603431,0.33268925049914844
0.35758475069513285,0.3301611238681412,0.3122541254367258
0.33224927261653614,0.33389530384211286,0.33385542354135084
0.3229179469374491,0.34022559761167387,0.33685645545087683
0.3163640471015353,0.3464568880783716,0.33717906482009297
0.3502932358590939,0.329943446289069,0.3197633178518373
0.31344728978438063,0.34946742808249914,0.3370852821331202
0.3362307461555918,0.3320326533152459,0.3317366005291624
0.3386285756908143,0.331098110572128,0.3302733137370577
0.3550469424831797,0.3297210223651591,0.315232035151661
0.3172062602952379,0.3456129918173371,0.3371807478874248
0.308645040771488,0.3553893969542769,0.33596556227423524
0.3295578259788896,0.33547218773364695,0.3349699862874635
0.34506564904499226,0.329551938420425,0.3253824125345828
0.32714904979583415,0.3370367992626361,0.3358141509415297
0.3140113795162292,0.3487823896360262,0.33720623084774426
0.3170208613445894,0.34565683026547867,0.3373223083899319
0.321204224090894,0.3415302632535459,0.33726551265556
0.3350791765611023,0.33250962761999714,0.3324111958189003
0.32364609638058495,0.3396888121999384,0.33666509141947665
0.3100076064961496,0.35329638129591734,0.33669601220793327
0.3182429021921538,0.34466569637384054,0.33709140143400534
0.323206450639397,0.33994887973288357,0.3368446696277194
0.3292338079712882,0.3356275958078136,0.3351385962208982
0.3117495960140676,0.3515522393623999,0.3366981646235321
0.3592758190720615,0.33142068071823316,0.30930350020970493
0.3414715706713687,0.33037342328701597,0.3281550060416151
0.31770083347225586,0.3450154566895476,0.3372837098381966
0.3511328900300241,0.3293054406486999,0.3195616693212757
0.32806923453324505,0.33635319089824695,0.33557757456850784
0.328680702807136,0.3359826923528314,0.33533660484003236
0.3186409327082738,0.34405746189366526,0.33730160539806076
0.3403829170673708,0.3305908591209208,0.32902622381170815
0.3539389313670517,0.33046188848175284,0.31559918015119587
0.3187072166996603,0.3438804539405824,0.33741232935975735
0.3121170361673389,0.3514866797780932,0.3363962840545678
0.29947994984757187,0.3680661869265047,0.3324538632259234
0.3252058037957202,0.3384989619411436,0.33629523426313634
0.29497447473009364,0.3761787982644246,0.32884672700548145
0.3273775966377719,0.3369156136402207,0.33570678972200696
0.3102284876947391,0.3536406207161093,0.33613089158915166
0.3020475696393105,0.3651000207140428,0.3328524096466469
0.3351164178073135,0.33248704457677053,0.3323965376159161
0.3350400069654369,0.3325257756195776,0.33243421741498536
0.32259020559097756,0.34051395103822457,0.33689584337079803
0.346395965894424,0.3293841464123678,0.32421988769320814
0.30176160693170473,0.3642187623113767,0.3340196307569182
0.3248270921792611,0.33865073747802077,0.3365221703427178
0.32473293778120094,0.33876510394996595,0.3365019582688332
0.3428389419528227,0.3300841198529831,0.32707693819419403
0.3175787935234914,0.3449289528051517,0.33749225367135693
0.3304671460345635,0.33488408889656085,0.33464876506887564
0.32562616973402225,0.33805864430119154,0.336315185964786
0.3490067440099926,0.32952397321991045,0.321469282770097
0.2917176168392862,0.3795191683148065,0.3287632148459074
0.3240549846037181,0.3394224388517213,0.3365225765445604
0.3547585474166325,0.32938370428488994,0.31585774829847757
0.327650027799261,0.3366933241897578,0.3356566480109811
0.31048125133418036,0.35279975423932275,0.336718994426497
0.35387318100894916,0.32955834846076526,0.3165684705302856
0.32023269018321804,0.34247849260708524,0.3372888172096966
0.3100156991622575,0.35301495956840556,0.33696934126933675
0.3158815848451597,0.3470296211521656,0.33708879400267455
0.3334568636193572,0.3332718004792093,0.3332713359014334
0.33568908803287534,0.33224653279226607,0.3320643791748583
0.32767031975514266,0.3366552019612541,0.3356744782836031
0.32720707468155297,0.33699839725823866,0.3357945280602084
0.3415861083362165,0.3301777746833112,0.3282361169804723
0.3488561635996008,0.32940331721164595,0.32174051918875335
0.336941428087971,0.33174629656452154,0.33131227534750773
0.32768013908740723,0.3366408232570795,0.33567903765551355
0.3257952383273724,0.33797057415733983,0.33623418751528794
0.3209281829030335,0.3419907029221058,0.3370811141748607
0.3319700494955444,0.3340445911937277,0.33398535931072804
0.3492030706408467,0.32920916017469626,0.3215877691844571
0.31054842119534165,0.3528347949862055,0.3366167838184528
0.3380198785674271,0.33130303720855275,0.3306770842240197
0.3694376236287251,0.3348182368210523,0.2957441395502226
0.3339281039217881,0.33304128545384937,0.33303061062436207
0.3034826575478212,0.36209535493936085,0.3344219875128178
0.3247375737632986,0.3387279184429673,0.33653450779373395
0.32004272029619574,0.34279286801621944,0.33716441168758476
0.3499975656751906,0.3294645436419479,0.320537890682861
0.33225132988217254,0.3338929885784009,0.3338556815394263
0.32471860152575616,0.33878574653219423,0.3364956519420495
0.3092674913070631,0.35497054468943207,0.3357619640035049
0.3176669461628268,0.34517502920004106,0.3371580246371321
0.3317294884097667,0.33417420487001176,0.33409630672022167
0.33617037463714977,0.332052234456636,0.33177739090621405
0.3454031167391319,0.329584812911909,0.3250120703489592
0.31446992779908406,0.3478051734556846,0.3377248987452315
0.3204387960520926,0.34245423024566424,0.3371069737022433
0.32977409870252605,0.3353109406252759,0.3349149606721983
0.32671742493037703,0.3373217265572058,0.3359608485124171
0.3194002213651231,0.3435687618595783,0.33703101677529856
0.2939184131694875,0.3789264163334219,0.32715517049709025
0.34768716055016646,0.32948982852201425,0.32282301092781934
0.3530865207791658,0.32938558716719946,0.3175278920536345
0.316524547041236,0.34600832809241155,0.3374671248663523
0.2879644648581787,0.3910789737475991,0.32095656139422213
0.3384075306914216,0.3312026174725179,0.3303898518360606
0.3351391988989685,0.3324787811853214,0.3323820199157098
0.34641689621179683,0.3294870596412448,0.32409604414695814
0.3299050645613735,0.3352479319254392,0.3348470035131873
0.31782774776161404,0.34528732017570374,0.33688493206268205
0.3390225995105029,0.33102141631681425,0.3299559841726826
0.31954773626833166,0.34307070835820097,0.3373815553734674
0.3462742648083831,0.3295891049783288,0.3241366302132883
0.3484339007662627,0.32943375993953355,0.32213233929420354
0.3459344699323993,0.32937138765519436,0.32469414241240613
0.3393515264603427,0.33090755994690796,0.3297409135927497
0.35203304732240975,0.3296079880928864,0.3183589645847039
0.31514347130787934,0.34733078120134175,0.33752574749077896
0.314441419820046,0.3487991213938565,0.3367594587860976
0.3333754699078477,0.3333122929694454,0.3333122371227065
0.334477582417885,0.33278397021844175,0.3327384473636729
0.3293329312642435,0.33559467606072313,0.3350723926750332
0.31361990163382414,0.35013541251278624,0.33624468585338974
0.3188666322157242,0.3437538394566144,0.33737952832766116
0.3309276819753938,0.33463535326356597,0.3344369647610405
0.3603628967121998,0.3321544423274221,0.30748266096037813
0.3362033862004499,0.3320292521868283,0.3317673616127218
0.327836616786358,0.3365572386384251,0.3356061445752166
0.33999119859613236,0.3307231816744294,0.3292856197294382
0.31743448952888265,0.3451322521676579,0.3374332583034595
0.336865558043036,0.33176912311328144,0.3313653188436827
0.3230676946260143,0.3399828556807592,0.3369494496932265
0.33239956634023227,0.3338155583875695,0.3337848752721983
0.34816238177035347,0.32956752162049197,0.3222700966091543
0.3250399954145504,0.3386591959947573,0.3363008085906921
0.3411428148393161,0.3303494543766059,0.3285077307840777
0.32488259549697474,0.33871063567967574,0.3364067688233498
0.3226968997967502,0.3402564257633953,0.3370466744398542
0.30695282558670933,0.3576144843424419,0.33543269007084875
0.32044890675343657,0.34271754175409935,0.3368335514924641
0.3214007570157905,0.34146387750909246,0.33713536547511697
0.29611359179273156,0.37404699964374344,0.3298394085635248
0.35047823259962146,0.3292596370660477,0.32026213033433093
0.3353132351718684,0.33240573776624605,0.33228102706188545
0.3548811419731999,0.3295649698276285,0.3155538881991712
0.3204868376467656,0.34237217131027375,0.3371409910429606
0.3232539956005693,0.3398690948185143,0.33687690958091654
0.3272773195036047,0.33694367691090654,0.3357790035854889
0.3068734449156743,0.3575765988278799,0.3355499562564458
0.3056985436644006,0.36053687287844394,0.33376458345715554
0.31983326670158574,0.3429029887767369,0.33726374452167707
0.3216611365970131,0.3412919360921385,0.33704692731084807
0.32873429622320166,0.33596492766684194,0.33530077610995623
0.29782135270234866,0.3699638447364118,0.3322148025612394
0.3626398543404364,0.3315749601545598,0.3057851855050037
0.3221658211608166,0.34109317337661316,0.33674100546257
0.33962543061862505,0.33081097381550917,0.3295635955658659
0.3479529599919592,0.32955221837593435,0.3224948216321063
0.31486466908804533,0.3480758078708666,0.3370595230410881
0.32194951570332664,0.3410868386159273,0.33696364568074594
0.3250653715590134,0.3385560613780838,0.33637856706290276
0.3143930297784045,0.34846537661854626,0.33714159360304924
0.3033795062428487,0.36192339869244294,0.33469709506470824
0.3221738689756788,0.34085420049446435,0.33697193052985663
0.33405548456158274,0.33298091800375856,0.33296359743465853
0.3303299142906632,0.3349741182760616,0.3346959674332751
0.3175534311871293,0.3450378234823691,0.3374087453305015
0.314142775613916,0.34862806488225023,0.3372291595038338
0.3392582765236983,0.3308911866764017,0.32985053679990006
0.33533945745285676,0.33239613580766786,0.3322644067394752
0.30562298455707526,0.3597629572228006,0.33461405822012413
0.30920931870305474,0.3540767736800569,0.33671390761688846
0.32371629099364446,0.3394627620278535,0.33682094697850196
0.31820448750660746,0.3442947306507521,0.3375007818426403
0.32042425549643105,0.3421652971214746,0.33741044738209447
0.33959592325853066,0.3308120118263862,0.3295920649150831
0.3274799077392502,0.33680759441371916,0.3357124978470307
0.32836719621734944,0.3362016030726558,0.3354312007099947
0.3467461957060417,0.32921746523915385,0.32403633905480417
0.33924861266745104,0.33101420605706355,0.3297371812754852
0.3633091562699236,0.33237386987060397,0.3043169738594723
0.3231514015389698,0.3401260314152264,0.33672256704580394
0.3161355871489572,0.3467544186481668,0.33710999420287574
0.3356291935745445,0.3322659225848207,0.3321048838406345
0.3248415143966777,0.33875819504374816,0.3364002905595741
0.33010606018486693,0.33511328187210787,0.3347806579430253
0.2905601736690436,0.38642648590286977,0.3230133404280866
0.31884912683721006,0.3437354618950641,0.3374154112677255
0.335230480753112,0.332440650023956,0.3323288692229319
0.32063263929125707,0.3422337076492407,0.33713365305950205
0.327005077764332,0.3371257034562254,0.33586921877944254
0.3181004176560367,0.34438221824206244,0.3375173641019005
0.30922644322679216,0.35505709578849776,0.33571646098471
0.3323639419035143,0.33383212520857464,0.33380393288791094
0.3422471391627311,0.33008098937900193,0.32767187145826693
0.3477161074094776,0.3295599941473524,0.32272389844317007
0.35308249748309073,0.32911002943464984,0.3178074730822593
0.3579165952071827,0.33122476669668893,0.310858638096128
0.34218185314943916,0.33012180735950414,0.32769633949105653
0.33606676235342914,0.33208230316644627,0.3318509344801246
0.3391422223897155,0.33093635926107096,0.3299214183492133
0.347896075236811,0.3295056755534744,0.3225982492097144
0.3311857591719497,0.33448538984474874,0.3343288509833013
0.34774781163272217,0.3293212424826256,0.322930945884652
0.31523359420694763,0.3479629136891262,0.3368034921039264
0.33590658463170703,0.3321565281623461,0.33193688720594683
0.3278123594252187,0.3365714556494189,0.33561618492536205
0.32136827176392735,0.34135496645345065,0.33727676178262206
0.3213842587097086,0.3415242948413758,0.33709144644891587
0.3640391170008831,0.33250168567637967,0.30345919732273685
0.32702625839114796,0.3370728123651682,0.335900929243684
0.3373246721732064,0.3315915615448035,0.33108376628199016
0.3050854969549782,0.3596880198065623,0.3352264832384594
0.3496150342716453,0.3291097441230244,0.3212752216053298
0.34826142425612067,0.32932092912635785,0.32241764661752176
0.340364720267493,0.33065767185526607,0.3289776078772404
0.3381754006825147,0.33126686549844603,0.3305577338190391
0.2964464012465072,0.3737254684883253,0.32982813026516744
0.323292391074651,0.3400066040995588,0.3367010048257903
0.3572159417786194,0.3302405865676728,0.3125434716537082
0.36563951466818534,0.3350059676452482,0.2993545176865664
0.316788189202919,0.3456323371564276,0.3375794736406531
0.36418067766322937,0.33420851155710696,0.3016108107796636
0.3066042363593685,0.3586220961052572,0.3347736675353741
0.31638100747709963,0.3459496138246599,0.3376693786982404
0.31443676861729736,0.34849901719099785,0.3370642141917046
0.33578070816942623,0.3321994113251354,0.3320198805054382
0.3207977946428586,0.34194587490286715,0.33725633045427417
0.3295219484148359,0.3354713269944098,0.3350067245907541
0.3224883599699736,0.3405963094283446,0.3369153306016821
0.33460880271875215,0.33272022402661017,0.33267097325463757
0.3165272347286605,0.34604379226121235,0.337428973010127
0.32524767345357714,0.3384394667355482,0.33631285981087455
0.35747499763725255,0.32993068473719084,0.3125943176255567
0.30827173511367645,0.35574446807834614,0.3359837968079776
0.3373935838582661,0.33157158811002563,0.3310348280317081
0.3431166107537696,0.3299545513367782,0.32692883790945215
0.33288062452728384,0.3335633095758818,0.33355606589683456
0.34719210562349184,0.32918841293737844,0.3236194814391298
0.3250049737901376,0.33862188694417594,0.33637313926568635
0.33168794107602206,0.33420006657622864,0.3341119923477489
0.3223023993755646,0.3407188004808457,0.33697880014358933
0.31398377487213536,0.34856170438183354,0.3374545207460314
0.35289552564326676,0.32894268429167894,0.31816179006505396
0.329384864657166,0.335547383851792,0.33506775149104195
0.3292045076196004,0.3356459300206598,0.33514956235973964
0.31705146903467374,0.3458182244681542,0.33713030649717207
0.33588709171553155,0.3321644399427754,0.3319484683416929
0.34036544051562784,0.33063229961438423,0.32900225986998805
0.32190248848806147,0.3410040917920795,0.33709341971985873
0.3710274109424943,0.33656319381969174,0.2924093952378138
0.3464874839163171,0.3295613276332902,0.32395118845039284
0.3283373743548824,0.33618541879759434,0.335477206847523
0.3118111361673497,0.35194429224972085,0.33624457158292953
0.32027544610221625,0.3424650578556581,0.33725949604212563
0.36295972913421487,0.3337255240382186,0.3033147468275661
0.3625219928662732,0.332171287992306,0.3053067191414208
0.33413781357973904,0.33294083714955547,0.3329213492707054
0.33339515064084674,0.33330248233627524,0.33330236702287797
0.33688701146793243,0.33176336403349926,0.3313496244985679
0.30500575917816397,0.3601711685663501,0.33482307225548563
0.3660779751969635,0.33293628269927505,0.30098574210376156
0.34770666259799254,0.3293515938864582,0.3229417435155494
0.325636993159095,0.3380881258778981,0.336274880963007
0.31687579698528645,0.34588233758628617,0.33724186542842743
0.34844352414658386,0.3293972527062159,0.32215922314720025
0.3863962131118444,0.34850134346015266,0.26510244342800304
0.3174544986261917,0.34525477951399774,0.3372907218598102
0.3246815275613357,0.33907718009403964,0.3362412923446244
0.3203223433895393,0.3424960531247309,0.3371816034857297
0.364129003827418,0.33228406775240116,0.30358692842018126
0.30487666422591286,0.36042914723687614,0.33469418853721083
0.35946486606918415,0.3310656630541092,0.30946947087670645
0.3272493920335722,0.336953422681469,0.33579718528495905
0.33196786649501014,0.3340459564996755,0.3339861770053142
0.34715488554789065,0.32942754439422184,0.3234175700578875
0.32566069758507443,0.33804918431543274,0.3362901180994929
0.3288387982702246,0.3358940891136032,0.3352671126161718
0.3209398711922242,0.34182924071883214,0.3372308880889434
0.34097168416297596,0.33035805216662495,0.3286702636703992
0.3098211157372088,0.35461702662661815,0.3355618576361729
0.31474980784780693,0.34809331722734155,0.3371568749248514
0.3445219249056358,0.32982460929132157,0.32565346580304266
0.3021166194019186,0.3650958889196705,0.33278749167841093
0.3291550022124611,0.3356939832271981,0.33515101456034074
0.2936041975442577,0.3783069654621365,0.3280888369936058
0.35314281647749607,0.3291158079350507,0.3177413755874533
0.32907501017239826,0.33573803490677123,0.3351869549208305
0.3264993605991626,0.3374606835598165,0.33603995584102064
0.31061601718016435,0.352813918781834,0.3365700640380017
0.3324576159329339,0.3337836590714619,0.3337587249956044
0.3369153137815035,0.3317535168139195,0.3313311694045773
0.3216531326963757,0.34137757241936484,0.3369692948842594
0.31370811393353215,0.34948551624690494,0.33680636981956324
0.3245210069303761,0.33892016621216425,0.3365588268574598
0.31708052839103285,0.34574068900366944,0.33717878260529766
0.3127274022654583,0.3507582055083894,0.3365143922261522
0.33200016184953296,0.3340274077904476,0.3339724303600193
0.35825482151597965,0.3311643256330007,0.31058085285101983
0.3494773517364699,0.32939376763574735,0.3211288806277828
0.35318415918596857,0.3297248095796273,0.3170910312344044
0.32861129189186644,0.33605032454174655,0.33533838356638695
0.3340959970167736,0.3329605166288838,0.33294348635434223
0.3074154100149815,0.35591043375822495,0.33667415622679364
0.3276993650526068,0.3366360769567377,0.33566455799065537
0.3494216827121161,0.3292469352542478,0.3213313820336363
0.3462330137670383,0.3293767334087635,0.32439025282419814
0.32829715300798346,0.33624009900465146,0.33546274798736503
0.33890807699743397,0.3310354929347537,0.33005643006781227
0.3566039620861374,0.32981674946833495,0.3135792884455278
0.33725242681521006,0.3316157509961841,0.3311318221886058
0.34814521870972515,0.3291452801608241,0.3227095011294508
0.33777035896554475,0.3314221729060336,0.3308074681284213
0.3276045390157455,0.3367115527802115,0.3356839082040432
0.3353869961756626,0.33237361310164226,0.33223939072269537
0.3299443873848378,0.33520144140915364,0.33485417120600836
0.32996385776369663,0.33520730104328045,0.3348288411930226
0.3321613930532148,0.3339405813656695,0.3338980255811155
0.340224263622913,0.3307171452740296,0.3290585911030571
0.3480629696697948,0.32933783059510396,0.3225991997351015
0.32738044392560567,0.33688993349783214,0.33572962257656225
0.3486824049161886,0.3292357646051101,0.3220818304787013
0.33635134902989205,0.3319591909957208,0.33168945997438704
0.33502957227351193,0.33252881642540094,0.3324416113010873
0.34208452779565157,0.3300462301672535,0.32786924203709533
0.32586561755042043,0.33791947642155706,0.3362149060280221
0.335187052878791,0.33245963950803314,0.33235330761317616
0.3187939499254629,0.34401470379222926,0.33719134628230774
0.312447994182687,0.35081990563111465,0.3367321001861985
0.3297436045575493,0.3353207192954089,0.33493567614704206
0.32168630556205213,0.3412639711057984,0.3370497233321492
0.32300973702645275,0.34012603819240994,0.3368642247811371
0.3307895004172538,0.3347039674660322,0.33450653211671366
0.31070627414597424,0.35312315147815887,0.3361705743758674
0.333668420917328,0.3331675387588364,0.3331640403238355
0.30567858051823965,0.3605785287884977,0.3337428906932623
0.3514691380274213,0.32936588444894865,0.3191649775236299
0.2892261393323211,0.3867205358670869,0.3240533248005919
0.3190213497951425,0.3436547113268157,0.3373239388780419
0.32171097931708176,0.34138763227193036,0.3369013884109873
0.32182094753843504,0.34106576616739376,0.3371132862941713
0.3538986847436356,0.32992366083787117,0.31617765441849327
0.33326505948257756,0.3333675440165087,0.33336739650091346
0.31662505523891143,0.34603322568043,0.3373417190806581
0.3122306093267807,0.3505729940808403,0.33719639659237904
0.31126457128622464,0.35235989529978295,0.3363755334139923
0.3030290585783861,0.3623604646936076,0.33461047672800626
0.3346062457122323,0.3327228825584445,0.332670871729323
0.33105382866706146,0.33455845426676845,0.33438771706617004
0.3269217504170222,0.33717020080046606,0.3359080487825117
0.3382731260671503,0.33120675132069044,0.33052012261215885
0.32475909270824643,0.3387032888276551,0.33653761846409846
0.31705443936652494,0.346366599395148,0.3365789612383268
0.3312039880373555,0.33446956019324636,0.33432645176939796
0.33896422972305057,0.3310037035931212,0.3300320666838281
0.3324734115016139,0.3337752353029497,0.33375135319543625
0.3347771304027169,0.3326434951136534,0.3325793744836296
0.3136550046247841,0.3492649226934906,0.33708007268172524
0.32732878531512455,0.33692258694597965,0.3357486277388957
0.31153402208233794,0.3525652551916976,0.33590072272596466
0.3486595323020349,0.3295468453882059,0.32179362230975916
0.3200555142643979,0.3426604896657044,0.3372839960698978
0.3316475681520934,0.3342223732232505,0.3341300586246562
0.3291020564064594,0.3357474927601626,0.33515045083337797
0.3145631135031539,0.34878165294922037,0.3366552335476258
0.3506098963977051,0.32995344470101085,0.31943665890128414
0.30655933928693635,0.3582572172793935,0.33518344343367035
0.319676880144533,0.3429110544153439,0.33741206544012314
0.311587488531201,0.3517184396250818,0.33669407184371686
0.3356088690162407,0.3322742887529153,0.3321168422308438
0.3155129430949226,0.3470032943344896,0.33748376257058765
0.3319900836240219,0.3340337054321712,0.333976210943807
0.3496293933235051,0.3299994098673981,0.32037119680909676
0.3382613884838116,0.33125159977141194,0.33048701174477635
0.31934004897066953,0.343311469086122,0.3373484819432081
0.3367366920910059,0.3318178504179484,0.3314454574910456
0.3296282948072316,0.33540825274936537,0.3349634524434031
0.33220012813598654,0.3339213250348109,0.3338785468292025
0.3236501225182748,0.33960257431814084,0.3367473031635843
0.35227041777829904,0.3297764548232288,0.3179531273984725
0.33374345796679183,0.3331310765326287,0.3331254655005793
0.2921319730054695,0.37838669007478126,0.3294813369197493
0.3221329388763992,0.3410869919396796,0.3367800691839213
0.3741469576637817,0.3402984966677951,0.28555454566842303
0.3318141932834624,0.33412839364992586,0.33405741306661163
0.3459095380206133,0.3294990717088272,0.3245913902705593
0.32345931018070984,0.339646210544963,0.3368944792743271
0.3243939386831518,0.3390837718567019,0.3365222894601463
0.30591877107089593,0.359126687224538,0.334954541704566
0.34693221839875577,0.32915200792114474,0.32391577368009916
0.3480572236830749,0.32941170489099675,0.3225310714259284
0.3571183337993086,0.33054304052974187,0.3123386256709498
0.3250008736388289,0.3386055362168928,0.3363935901442781
0.3400995782408596,0.330636090628528,0.32926433113061215
0.3293910244366528,0.3355714268404143,0.33503754872293295
0.3135503409068812,0.34907785490575743,0.33737180418736157
0.32210307465424204,0.3408342565878571,0.33706266875790086
0.36457046057547515,0.33232911589114494,0.30310042353337985
0.31160132782163363,0.3512391468312845,0.33715952534708177
0.3507461321915375,0.3298067521534327,0.3194471156550298
0.31221928592877063,0.3511914836642088,0.33658923040702016
0.365147740304276,0.33240861185067744,0.3024436478450463
0.3530491474074462,0.32922448697592543,0.31772636561662865
0.29749268925195094,0.37094579750913137,0.33156151323891747
0.3130087266503613,0.3516019972462383,0.33538927610340064
0.34813896280022083,0.32954860542478104,0.3223124317749978
0.3189276694371648,0.34372124945903787,0.3373510811037972
0.30591411581169603,0.358984730782299,0.33510115340600477
0.32979862536636184,0.3352938825662518,0.3349074920673861
0.3556051880834962,0.32903090454445294,0.31536390737205083
0.3304848197035011,0.33488181487999813,0.33463336541650057
0.28986682689438686,0.38619873066971894,0.32393444243589364
0.32981877225892553,0.33527273491095594,0.33490849283011825
0.31429183671035477,0.34863526226708214,0.33707290102256265
0.3410992674190669,0.3303721324429347,0.3285286001379985
0.3240101949503832,0.33958154048847616,0.33640826456114065
0.2786789524534167,0.40845539462167685,0.31286565292490626
0.3107850215592476,0.3522825741496125,0.3369324042911396
0.3381952003104831,0.3312607658103188,0.33054403387919823
0.29827059895049346,0.3700006345872934,0.33172876646221305
0.34749549050692746,0.32922142926128406,0.3232830802317885
0.32737548519283455,0.3369239167954636,0.3357005980117018
0.32154561871707155,0.3413280085389878,0.3371263727439407
0.3297944708769541,0.3353029659789039,0.3349025631441421
0.3164866900974156,0.3465888918306774,0.3369244180719064
0.3181413574044034,0.3445200681251341,0.3373385744704621
0.33330319848419515,0.33334841668277615,0.3333483848330284
0.33557837661538464,0.33229886028802746,0.33212276309658795
0.30415602943489384,0.36104263480393384,0.33480133576117216
0.321192242970342,0.3418825224088227,0.33692523462083523
0.319623249878983,0.34323094002528404,0.3371458100957328
0.3587304902821411,0.3304229432788188,0.31084656643903996
0.34950320849028277,0.3292145163683493,0.32128227514136803
0.31633299713723123,0.3461198562825266,0.337547146580242
0.35247989361003607,0.3301096905437941,0.3174104158461696
0.31920033468522735,0.34350499764934805,0.3372946676654244
0.3462210276028542,0.32941014321980094,0.32436882917734444
0.35303266325267657,0.3299567113156753,0.317010625431648
0.32086904791827614,0.34191782061914655,0.3372131314625771
0.32355135616685887,0.33981467748162575,0.33663396635151543
0.29160611561155464,0.38078196052001745,0.32761192386842813
0.35901951528515336,0.33033529873148576,0.3106451859833611
0.3131839205317332,0.3498864852689071,0.33692959419935953
0.3225514785894897,0.34055424157527603,0.336894279835234
