x,y,z
0.4333796721325628,0.27368798399738525,0.29293234387005185
0.4521949592773057,0.28526514211677706,0.262539898605917
0.44979158710607414,0.28271888444984494,0.2674895284440813
0.4440918213424969,0.2778161573617167,0.27809202129578614
0.44303902778336435,0.27225370942568733,0.28470726279094805
0.4581178028025894,0.28629252033862124,0.2555896768587891
0.4480502991501406,0.2856383209509685,0.26631137989889103
0.4382660906561021,0.2745813943578581,0.28715251498603966
0.44246941105467763,0.28399460791205894,0.27353598103326326
0.420498123402554,0.2729025480768684,0.30659932852057753
0.4480071828343811,0.2923243190172041,0.25966849814841486
0.43864001909354766,0.2829138815840434,0.27844609932240916
0.444893101151335,0.2805845649812565,0.27452233386740843
0.464034927204116,0.2990218836726367,0.2369431891232471
0.42945900620657684,0.2704003187588774,0.300140675034546
0.44282573090994226,0.28061721736742906,0.2765570517226287
0.4467489031105828,0.2796932418654752,0.27355785502394186
0.45221759639747644,0.28193954462006643,0.2658428589824572
0.44611735509954464,0.28020792465686367,0.2736747202435914
0.4436726423746104,0.2677403337824197,0.28858702384296986
0.4455399523401041,0.27689401787932316,0.27756602978057265
0.4439702316985054,0.27535303908845377,0.28067672921304043
0.4435579344784549,0.2911348621645427,0.2653072033570024
0.4362690630249331,0.27090585873681405,0.2928250782382529
0.4486813982529229,0.28224915383717336,0.26906944790990384
0.44794313368088134,0.29046925167040955,0.2615876146487087
0.4517739914409453,0.2785105293166049,0.2697154792424499
0.44423816887267487,0.27567810409457566,0.2800837270327491
0.43689080469078956,0.27869694979316884,0.28441224551604166
0.4429801178312105,0.28253450619107845,0.27448537597771083
0.4392827834754887,0.2748614221850721,0.2858557943394393
0.4278014746179899,0.27328838388917376,0.29891014149283635
0.4448144952705718,0.2741162373211226,0.2810692674083055
0.4368094349508086,0.27822341709454834,0.28496714795464323
0.44995088975831815,0.2811241442031792,0.26892496603850247
0.4329160626235681,0.27532238453048574,0.29176155284594596
0.44044353201143577,0.2751707135397622,0.2843857544488019
0.4502440503393219,0.27912589602774335,0.2706300536329347
0.44375252853321,0.28879383702611194,0.26745363444067805
0.42859892221232904,0.2775538389766835,0.29384723881098695
0.43565252976400365,0.27550016817217826,0.28884730206381837
0.4382346622253356,0.27628544520678217,0.2854798925678823
0.429203508477073,0.2782640705068208,0.29253242101610605
0.4445163647276591,0.29379393413774624,0.2616897011345946
0.4298811129983964,0.2707927963222495,0.29932609067935423
0.4201327407753623,0.27277789142631254,0.30708936779832474
0.4401561580566592,0.27506829153419843,0.284775550409142
0.4519309186572772,0.2793395394248602,0.26872954191786236
0.4368060190443387,0.27161495978247086,0.29157902117319046
0.4461809291341251,0.2871858981195073,0.2666331727463678
0.4348211303769154,0.27278014691278873,0.292398722710296
0.42299763391477685,0.2743527043611578,0.30264966172406493
0.4238702772021625,0.2709928556907,0.30513686710713717
0.42669379058836343,0.2737098253683989,0.2995963840432378
0.4476991883013212,0.2888133429821741,0.26348746871650464
0.44003467346402214,0.2741157318928208,0.28584959464315685
0.421681707136011,0.2739844219573053,0.30433387090668396
0.4332788280482688,0.27453346921076655,0.29218770274096456
0.4456904032814797,0.28668856174045054,0.26762103497806977
0.44054326622367745,0.26988222552234103,0.28957450825398146
0.45294239882373755,0.29036192594097804,0.25669567523528436
0.4379418503037023,0.2750878374266329,0.28697031226966485
0.4452748807250534,0.2709344334523731,0.2837906858225735
0.42730474578631794,0.2741225508836328,0.2985727033300491
0.4342524772949743,0.27261903042361235,0.29312849228141324
0.4278409903808129,0.271187702410287,0.3009713072089
0.4442410826479338,0.2741616162480257,0.2815973011040408
0.44369766320073173,0.27378657360233205,0.28251576319693594
0.45772694222129084,0.28899644258688545,0.25327661519182354
0.43480218230362644,0.27490147023471967,0.2902963474616538
0.4459442116812596,0.2832100774581412,0.27084571086059883
0.43943677378255597,0.27421468251697045,0.2863485437004736
0.4499191708331699,0.2882975441141218,0.2617832850527081
0.43548276252224843,0.2686614605328085,0.2958557769449425
0.4511021482795362,0.2798216444999823,0.2690762072204814
0.42786340970888614,0.27083495826034826,0.3013016320307657
0.447591530416536,0.2815636438755023,0.27084482570796187
0.4383769289027234,0.2723047209188532,0.28931835017842333
0.42805096595634984,0.27499953568369756,0.29694949835995227
0.4540728247774444,0.29552075454773663,0.25040642067481894
0.4432528833392518,0.28432758239639044,0.27241953426435755
0.4385132312007218,0.27987427012131616,0.28161249867796184
0.43822679755440275,0.26880972073187137,0.2929634817137261
0.45130542594905576,0.29126779244925405,0.2574267816016901
0.45280475490310335,0.2861045985708012,0.2610906465260952
0.43506788944511543,0.28007707482872823,0.28485503572615656
0.438811615596115,0.2663273200019046,0.2948610644019803
0.44877980751031504,0.27370337060117056,0.2775168218885145
0.4190401935361471,0.2725870665348233,0.30837273992902986
0.4414741894924641,0.2763027755755023,0.2822230349320332
0.4362567909920422,0.27046353005045015,0.29327967895750784
0.4329396068175825,0.2781103706158391,0.2889500225665782
0.43908064454187634,0.27307447088421793,0.28784488457390556
0.45022796127197745,0.2887280844822834,0.2610439542457397
0.4359218762429898,0.27562300542030893,0.28845511833670123
0.4337566661817559,0.27318246559175396,0.2930608682264902
0.45727305343560426,0.2837851775994961,0.25894176896489984
0.4546719733888002,0.3027215225187304,0.2426065040924692
0.43795845058947397,0.27469731005226217,0.2873442393582637
0.4557310784708582,0.3084427649461957,0.23582615658294614
0.4419808197713816,0.27787910105891983,0.2801400791696983
0.4396495844109084,0.2783942089503609,0.2819562066387309
0.43068491478399606,0.27437058476347725,0.2949445004525265
0.45347219596876515,0.27762290588144256,0.26890489814979246
0.44490698830058745,0.2714610651476447,0.28363194655176793
0.4448297303592055,0.2804203905709219,0.2747498790698721
0.4662247738569786,0.30514104761365823,0.22863417852936313
0.4470605485262472,0.27081544702324456,0.28212400445050834
0.4455178519625317,0.2751237549870224,0.2793583930504462
0.4378597026219108,0.272851818173763,0.2892884792043261
0.43937960677289484,0.27660598131894043,0.2840144119081648
0.4462174059674301,0.2735656979260192,0.2802168961065503
0.45200314722959634,0.27254229704483196,0.27545455572557154
0.44652395544428597,0.27817980486808674,0.2752962396876276
0.43818836913426823,0.2780664818150611,0.28374514905067016
0.4356507623524523,0.2801742527301694,0.28417498491737836
0.4338379435818143,0.2764966326904156,0.28966542372777027
0.45596561436262995,0.29876097501163623,0.24527341062573385
0.4511922406254225,0.28460359586335904,0.2642041635112181
0.4481206559936317,0.27640710939421087,0.2754722346121573
0.43687589608685384,0.2856423862782439,0.2774817176349019
0.43598829814706896,0.27076244493511287,0.2932492569178183
0.43260490817197894,0.2747501570396548,0.29264493478836595
0.4426690758600214,0.2792985685837809,0.27803235555619793
0.4445272354170461,0.28339967856278386,0.27207308602017
0.44085632447224854,0.27149642485736875,0.28764725067038255
0.44865162290062416,0.28504923805251897,0.26629913904685626
0.4527790679060392,0.3068218868869105,0.2403990452070504
0.4529365739779525,0.2856434802116602,0.2614199458103872
0.44327485121976623,0.2788566521618849,0.2778684966183489
0.4295738305806512,0.2712848041583665,0.2991413652609822
0.4344221791193276,0.26791823688729505,0.297659583993377
0.42800136005272055,0.27131337488896046,0.300685265058319
0.443428595505818,0.2833094725760319,0.27326193191814985
0.4438138841229856,0.2791648390413417,0.2770212768356727
0.4353688197684125,0.2839735514512961,0.280657628780291
0.4403114753984139,0.2746118279553872,0.285076696646199
0.4556777286887704,0.28680268198699144,0.257519589324238
0.44569991829639355,0.2949406078103915,0.2593594738932148
0.4508375300963675,0.2854382717524773,0.26372419815115555
0.4599164691646449,0.2839814945382642,0.25610203629709105
0.4355072155991361,0.2699974933686376,0.2944952910322265
0.4529044034734176,0.287972467644844,0.2591231288817386
0.4291768923752065,0.2689784884290315,0.3018446191957617
0.4410366412762016,0.28740343292011716,0.2715599258036812
0.44122502808774994,0.28512089653572925,0.27365407537652064
0.44580654650613605,0.2762071892584538,0.2779862642354102
0.44647951239678196,0.2870268686278094,0.2664936189754089
0.44043480128583024,0.26654638021151267,0.29301881850265715
0.4486936267467807,0.2746885623034585,0.2766178109497607
0.43950038227156496,0.27759938564408954,0.28290023208434567
0.42508091342317955,0.2718926825919822,0.3030264039848385
0.4373063455667052,0.27509012853833487,0.2876035258949596
0.42759676742071023,0.2763415789484134,0.2960616536308761
0.43341669479386485,0.2781481703235329,0.28843513488260175
0.43142548675260517,0.2691066664824757,0.2994678467649189
0.44232083025704383,0.28109422525820693,0.27658494448474946
0.44003619158724316,0.2709779483211675,0.2889858600915893
0.44163852306408996,0.2898436888660462,0.26851778806986387
0.44345105918148703,0.28020994779224523,0.2763389930262675
0.4509893918283515,0.3021807827837848,0.24682982538786338
0.44110735092361736,0.27640670684786006,0.28248594222852264
0.44643239985370015,0.27777402777145777,0.27579357237484214
0.42539937057145705,0.2772940309252818,0.2973065985032609
0.42486214923459587,0.27107431222744116,0.30406353853796275
0.4331649342857161,0.2740572598936578,0.29277780582062607
0.4350506709439627,0.28333645981092326,0.28161286924511386
0.437847231321589,0.2763648554666439,0.285787913211767
0.46152898165479705,0.3032926111971297,0.2351784071480731
0.4318613220707823,0.28117623692946747,0.28696244099975
0.45598715200161144,0.29899081265023286,0.24502203534815586
0.44562477675933976,0.277499393569588,0.27687582967107194
0.44481640397282696,0.28239714104795377,0.27278645497921916
0.4407089769566912,0.276478262759946,0.2828127602833626
0.4227515863336343,0.27367242676071996,0.3035759869056456
0.4125117095356466,0.2763477520319988,0.3111405384323548
0.4427700951200339,0.2777798348734064,0.27945007000655986
0.42665310820389823,0.27491583153826543,0.2984310602578363
0.44587652968064584,0.2969989918460575,0.2571244784732969
0.4558132876964833,0.2906186309454986,0.25356808135801806
0.4202530006872437,0.27244479932164595,0.30730219999111036
0.4312509461090366,0.2772896972499168,0.2914593566410467
0.4416752946397552,0.27083431610503245,0.2874903892552122
0.45133603634383057,0.2881817177274325,0.2604822459287369
0.4373493370973799,0.26936418029394715,0.2932864826086729
0.43994807725135615,0.27715761415392165,0.2828943085947224
0.4302100808356035,0.27266740866413586,0.29712251050026045
0.4322692874729246,0.2743408321749562,0.2933898803521192
0.42588411128765674,0.27138244581357507,0.3027334428987679
0.43046833980044213,0.27283571511529847,0.2966959450842592
0.4514219056817323,0.276138621850253,0.2724394724680145
0.4406336191730924,0.2797441697110405,0.2796222111158672
0.43749722108090133,0.27006070994467146,0.2924420689744274
0.4369472031399583,0.27606583595351497,0.2869869609065263
0.4259175193279266,0.2704178189772998,0.30366466169477374
0.4368742874628877,0.2827876536702358,0.28033805886687646
0.437130204992245,0.27802995644895,0.2848398385588048
0.441109362972862,0.2804161130500292,0.27847452397710887
0.4346357964488314,0.2778684571101868,0.2874957464409816
0.44136867866858753,0.2815511080839955,0.27708021324741683
0.4394879630695878,0.27089346903414013,0.2896185678962717
0.44885094466660913,0.2750620447339015,0.276087010599489
0.43731043651797363,0.2777165205020269,0.2849730429799996
0.443771608911157,0.2674948262999147,0.288733564788928
0.43861331599262227,0.28294499776364856,0.2784416862437292
0.444012116757748,0.28231925686480386,0.27366862637744804
0.44574376533116616,0.28010792846021726,0.2741483062086167
0.44315036848872386,0.2723898561625791,0.28445977534869715
0.4297424108638175,0.27706380728945745,0.2931937818467248
0.4331998766213798,0.2745183466033141,0.2922817767753064
0.4238898911869317,0.27243025807500887,0.30367985073805914
0.44546361612361796,0.27378432658269825,0.2807520572936839
0.4373288844993585,0.2751420200308929,0.2875290954697485
0.4427593354235119,0.27144129019095403,0.28579937438553404
0.4368521573526907,0.2789699002499724,0.28417794239733685
0.43086310707177544,0.2779203450539397,0.2912165478742849
0.42832583488927606,0.27008975901176396,0.3015844060989601
0.4277452038038701,0.2727752115495235,0.2994795846466063
0.4402413886482466,0.27652014246028467,0.28323846889146875
0.4431212629149407,0.2696749502738808,0.2872037868111783
0.4270177419852545,0.2739982094983019,0.29898404851644333
0.4346913154144092,0.2736844704259467,0.2916242141596443
0.44876727552573137,0.27642816071093873,0.27480456376332973
0.44141264145807646,0.27301262852931224,0.2855747300126113
0.4345425508645964,0.27692639322676826,0.2885310559086354
0.4321533258149296,0.2738540779780618,0.29399259620700835
0.44800098148491185,0.2957353954785013,0.2562636230365869
0.441941665628425,0.2687739604757755,0.2892843738957996
0.43810747438043673,0.27688807523827935,0.28500445038128397
0.44960539854855164,0.27432416904428863,0.27607043240715945
0.444437528406173,0.2794539254026842,0.27610854619114267
0.42660712325179373,0.2743378703140699,0.29905500643413624
0.44199738152658113,0.2787086289666505,0.2792939895067683
0.43715549403426357,0.2768416858773809,0.2860028200883554
0.4346390201369067,0.27511200051750867,0.2902489793455845
0.44591754100808606,0.2742785165576802,0.2798039424342339
0.4470955648674744,0.2773929069369427,0.2755115281955828
0.45102939876446024,0.29715061324697334,0.2518199879885663
0.4475149580509805,0.2754394455121023,0.27704559643691695
0.4359723490226106,0.2750445712319807,0.2889830797454084
0.4359296965665783,0.27162764285743196,0.29244266057598955
0.4584032075197431,0.28606335524375687,0.25553343723650024
0.4341005437113444,0.27113073196995796,0.2947687243186976
0.45276903944512203,0.2758625530906538,0.2713684074642243
0.4406304480538193,0.28386240694996867,0.27550714499621204
0.45105720328332155,0.2943788520240984,0.2545639446925797
0.43788373173654194,0.27107089033563553,0.29104537792782237
0.4316500052000534,0.2705147366485997,0.2978352581513469
0.44948532363830107,0.27255125802656255,0.27796341833513627
0.4459936856795568,0.2868447754154264,0.26716153890501687
0.4413135351707189,0.2750106818417928,0.28367578298748825
0.4342901559642917,0.27125749635209645,0.29445234768361145
0.43575879251813787,0.2719698802182598,0.2922713272636024
0.4293323966803173,0.27730315737750827,0.29336444594217426
0.4463219658163442,0.27817300746292883,0.27550502672072685
0.44045189219824543,0.27326455638143143,0.286283551420323
0.42886958815088816,0.2722210030686642,0.29890940878044786
0.4406068578310654,0.2702723214635414,0.28912082070539286
0.43513648467335875,0.2756126481691594,0.2892508671574819
0.4351812411921949,0.27945698527909757,0.2853617735287075
0.43522695880106044,0.2699122362947373,0.29486080490420186
0.462524834333962,0.2937237422641971,0.24375142340184047
0.45268517132468755,0.2803156966525329,0.26699913202277925
0.4336209226568834,0.273398100488588,0.29298097685452856
0.4516830446119881,0.28994408804838,0.2583728673396315
0.4318920847620176,0.2802997876013597,0.28780812763662256
0.43528611639937764,0.2790289907838629,0.28568489281675935
0.4329357285621501,0.2742017993740314,0.29286247206381844
0.44815748010505185,0.28159960657530525,0.2702429133196427
0.46065409830496556,0.2888428264554453,0.2505030752395895
0.4328456165408592,0.2742246353995219,0.292929748059619
0.4381815067506169,0.26876962268107707,0.2930488705683059
0.4237454601877297,0.27164031321695936,0.30461422659531096
0.4428047156037034,0.2730529269644403,0.28414235743185634
0.4257576797857026,0.27018503396945465,0.3040572862448424
0.44564374639488,0.2730135302604422,0.28134272334467736
0.4359053408202466,0.26909612764267044,0.29499853153708294
0.4306578928280696,0.26926863358229713,0.30007347358963343
0.43883579722574506,0.2819420414828262,0.27922216129142885
0.4438599466808918,0.2793729214347798,0.2767671318843282
0.4367110621375303,0.2744916500413247,0.2887972878211451
0.4461813939795005,0.2879973421108577,0.26582126390964184
0.42381117501824817,0.271965400578269,0.30422342440348243
0.43587012241353124,0.27621739971150583,0.28791247787496255
0.43756856339144923,0.2753312080604593,0.28710022854809153
0.4520434422738762,0.2818592807423762,0.2660972769837474
0.429626478013403,0.27523003091936576,0.29514349106723126
0.43326627198017353,0.28127605449275717,0.2854576735270693
0.4313281599591945,0.2789914119050208,0.28968042813578454
0.45241551622510034,0.28756097250739765,0.2600235112675021
0.4165593430815058,0.27319752945593656,0.31024312746255767
0.4431115023084441,0.2722104528753567,0.28467804481619907
0.44955571713848785,0.29467254098983353,0.25577174187167867
0.44257952388671845,0.27470692795078067,0.28271354816250077
0.4297231182176213,0.272019569345031,0.2982573124373478
0.45090334378201197,0.29320068334832583,0.2558959728696622
0.4341182024802285,0.2744128352466464,0.291468962273125
0.4251869769900203,0.27392969045145016,0.30088333255852934
0.4383044173720067,0.27024418673523914,0.29145139589275404
0.4408622611704929,0.2796616332737154,0.2794761055557915
0.44769847393284434,0.27796311746258623,0.27433840860456926
0.4395261570603026,0.27623484220561845,0.2842390007340788
0.44128488552913625,0.27506383054610417,0.2836512839247595
0.44047563261844397,0.28643717936865015,0.2730871880129059
0.45113399842136376,0.2879908229947419,0.2608751785838944
0.4497283084767011,0.27795042213188126,0.272321269391418
0.4376820809567415,0.27715951023757623,0.28515840880568244
0.43620967081748824,0.2766756899972982,0.2871146391852136
0.43644415709063916,0.2737014558187668,0.2898543870905939
0.44278469665990916,0.2775999967624536,0.2796153065776374
0.4473190359458644,0.29014813275526263,0.26253283129887295
0.43135170749355956,0.27128996494166463,0.29735832756477576
0.4361005196415141,0.2856211373509464,0.278278343007539
0.45830775485242725,0.3076928646130376,0.2339993805345349
0.44058469806728445,0.2801563976150706,0.27925890431764466
0.42542139089280684,0.27181963957109817,0.30275896953609477
0.4354252513318218,0.27638890731887134,0.28818584134930675
0.441042731476617,0.27091778856599696,0.288039479957386
0.4530492317753879,0.28820522160847056,0.2587455466161409
0.44282787044715677,0.2777838889477946,0.2793882406050483
0.43531976319285604,0.2764515931954253,0.2882286436117186
0.43512327295087255,0.26919112717634286,0.29568559987278464
0.43877378991390825,0.2708675658058932,0.29035864428019853
0.4388884508154044,0.27937236543707034,0.28173918374752543
0.449283891857142,0.27755454593689677,0.2731615622059611
0.44893761840454227,0.28572671399281524,0.2653356676026425
0.4254215221625491,0.2756617534456518,0.2989167243917993
0.43724039188722985,0.27304571523130977,0.28971389288146043
0.4392599361104015,0.27779960095996326,0.2829404629296355
0.4396070838415325,0.27557474628821366,0.28481816987025366
0.4427243767025766,0.26982241394362394,0.2874532093537994
0.42742890011758733,0.2696671712774048,0.30290392860500753
0.45177673516270633,0.28654370722982037,0.26167955760747325
0.44940926840961337,0.29307468015795884,0.2575160514324275
0.4318349449734692,0.2736112386007072,0.2945538164258234
0.4280237439805086,0.269492079741724,0.3024841762777674
0.44441242634094,0.28180262625721053,0.2737849474018495
0.4393303880876717,0.2817133954477934,0.2789562164645346
0.4481977329868892,0.2870615595389746,0.26474070747413603
0.4463698648751309,0.2743440980865276,0.27928603703834143
0.4438343684743421,0.26855422361229486,0.2876114079133629
0.45057324727250175,0.2792466840326592,0.2701800686948389
0.43170975634179454,0.2752282122765348,0.29306203138167064
0.4495225131271823,0.28630756073395636,0.2641699261388615
0.45117725796395586,0.28756215175405153,0.2612605902819924
0.44287358733673654,0.2891833700916282,0.26794304257163504
0.4500762033697325,0.27976720474893046,0.27015659188133734
0.455589707701984,0.2890421875178609,0.2553681047801552
0.4280214356435044,0.27479814408679804,0.2971804202696976
0.4389315803222493,0.26937519035584956,0.2916932293219011
0.4439575128036688,0.27805285999073603,0.2779896272055947
0.45004810362021763,0.27584551571699706,0.2741063806627849
0.4452161156527049,0.2745222114682526,0.28026167287904247
0.4411793565168051,0.26809792963181467,0.29072271385138027
0.43345782427309776,0.27401463980748253,0.2925275359194196
0.44580601378132045,0.27534235171651655,0.2788516345021633
0.4602502564881662,0.29631498963182773,0.24343475388000607
0.44454620168549486,0.27994491145111666,0.2755088868633885
0.44007741738367046,0.27607652741373534,0.28384605520259387
0.4481627335521284,0.2812714226572829,0.2705658437905887
0.43387142596905826,0.2730649026281825,0.2930636714027593
0.4492362527863716,0.2781319932064909,0.2726317540071377
0.43181665000396546,0.2771507974644112,0.2910325525316234
0.45169566026179614,0.27345951540311897,0.27484482433508506
0.45492458601638397,0.28548384957240747,0.25959156441120834
0.4446437069449005,0.27204773993947884,0.2833085531156204
0.4443710300996856,0.2841320269777762,0.2714969429225378
0.4404060070334685,0.27403490982007833,0.28555908314645334
0.42988877829073247,0.27788072353308163,0.2922304981761857
0.43044208020348046,0.2705390276561901,0.2990188921403295
0.4443822416889345,0.26961655678601903,0.28600120152504654
0.43318923429145983,0.27553807862460683,0.29127268708393333
0.42595079062782587,0.2701616963006903,0.30388751307148365
0.44808254917932183,0.2910667765429844,0.26085067427769393
0.4463568465262545,0.27833768079186416,0.27530547268188116
0.45113099769966664,0.29409812803718083,0.25477087426315215
0.4350000026188029,0.2741729219925011,0.2908270753886961
0.43487813414480236,0.27574947593742527,0.2893723899177725
0.44097733978052445,0.27526048806879577,0.28376217215068
0.42769866148483515,0.27181241358719666,0.3004889249279682
0.43765271542625883,0.26714062239049313,0.2952066621832481
0.4326143262998792,0.27497759794001464,0.29240807576010597
0.4349406984547952,0.27483675541568475,0.2902225461295197
0.4387743825979068,0.27732956875766923,0.28389604864442397
0.4225695460178449,0.27151850206163214,0.3059119519205229
0.45370628016825226,0.3015741943335901,0.24471952549815748
0.44610000661395144,0.26966240454214746,0.2842375888439009
0.4435560493780356,0.2832528928373618,0.2731910577846026
0.4525811490277325,0.2864384946660601,0.2609803563062072
0.4340104498717861,0.2718973480875856,0.2940922020406284
0.4386236636396164,0.27318110319148214,0.28819523316890133
0.4410388026470463,0.2738240009245321,0.2851371964284214
0.4318158351501832,0.27271780051258604,0.2954663643372309
0.42505771435056794,0.2718123484137862,0.3031299372356456
0.43610700485379994,0.27454746679601094,0.2893455283501889
0.4481068477491765,0.2764925196888738,0.27540063256194947
0.4388756467360065,0.2783791500606908,0.2827452032033027
0.4316384054713095,0.2742531401926591,0.2941084543360314
0.4327563377143848,0.27207863919784875,0.29516502308776654
0.44146896838870625,0.28396938566754604,0.2745616459437479
0.44706567965704136,0.27800468552817,0.2749296348147885
0.4336879099676848,0.26866050818463316,0.29765158184768203
0.42801470036537653,0.2722403553603949,0.29974494427422865
0.42904158450565444,0.278926879754744,0.29203153573960144
0.4301979870526311,0.27525285930566795,0.2945491536417008
0.4291949192673714,0.27690944442348264,0.2938956363091461
0.44513380893614113,0.2824350247036532,0.2724311663602057
0.4393700220234835,0.276198693934368,0.28443128404214857
0.43983486561682983,0.2765505649452624,0.2836145694379078
0.44164587994283244,0.29053198835420235,0.26782213170296487
0.4560295612473191,0.2767409350723233,0.26722950368035736
0.45810599418331915,0.300443094113566,0.2414509117031147
0.4409420607837819,0.27274338685469207,0.2863145523615262
0.43744518619595074,0.2707902033750652,0.2917646104289838
0.4409488175688705,0.2812877460825196,0.27776343634860956
0.44148678373325734,0.2734772200519231,0.28503599621481945
0.44247010519848207,0.27642764852167984,0.28110224627983826
0.4295631485461296,0.2689918423474137,0.3014450091064566
0.4327755610488988,0.27432907726029276,0.2928953616908082
0.44159164925693567,0.28065498113662213,0.2777533696064421
0.4379862129630468,0.2727563866343541,0.289257400402599
0.4405285774969798,0.2753036407439548,0.2841677817590653
0.4308272003479461,0.2748779266030949,0.29429487304895874
0.4364281352225447,0.26854092350976866,0.2950309412676865
0.43968484432814403,0.2794375823437296,0.28087757332812624
0.4437668517751709,0.2854042079646466,0.27082894026018245
0.45321584976526197,0.2858881796005228,0.2608959706342152
0.44626028730130696,0.29450736854976217,0.2592323441489307
0.4625935308605842,0.29223221312523506,0.24517425601418033
0.44398039976397297,0.28525255694720475,0.2707670432888221
0.4443091991433052,0.2799533143649997,0.27573748649169516
0.44385806688212787,0.282681368579187,0.27346056453868495
0.45187028411265595,0.28671377095722017,0.26141594493012354
0.4469268744679673,0.27496501686034047,0.2781081086716921
0.4482189912864867,0.2882989372307916,0.26348207148272146
0.4408672586208314,0.268781421741095,0.29035131963807376
0.448607758990627,0.2776809692175666,0.2737112717918065
0.43894970402092837,0.27662323523946397,0.2844270607396074
0.43056289174807705,0.2767643091166141,0.2926727991353088
0.43332582586968105,0.275483493195556,0.29119068093476325
0.45530682520322885,0.3026365472374585,0.24205662755931226
0.4346765697052867,0.2782243797210887,0.28709905057362467
0.4456893636076492,0.2802757711417835,0.27403486525056725
0.4239998786383433,0.2729295675390877,0.303070553822569
0.4472243042929021,0.2905577541867065,0.26221794152039096
0.4496005312106619,0.2881216232139686,0.2622778455753697
0.4503564089975239,0.2805153516963641,0.26912823930611157
0.4429696988614492,0.2823239840010131,0.2747063171375377
0.4243263328444539,0.27114596906844285,0.30452769808710306
0.4410491008408267,0.2727711427040171,0.28617975645515625
0.4547031292413514,0.2949846704417801,0.25031220031686885
0.46355948900873595,0.3013627539864414,0.23507775700482245
0.4309727219555133,0.2741179968033762,0.2949092812411102
0.46335001891395594,0.29960992398480485,0.2370400571012391
0.4369967539459877,0.26741690743900326,0.2955863386150087
0.4260957978416383,0.27630791546861044,0.29759628668975113
0.43588897919093705,0.27074178761732776,0.293369233191735
0.4389018151214836,0.2824295062712522,0.2786686786072641
0.4339329697486677,0.2748042472199584,0.2912627830313739
0.44108762802599044,0.2767137978990456,0.28219857407496385
0.43633346758943137,0.2746197808894302,0.28904675152113873
0.442406469938278,0.2797656797629182,0.27782785029880364
0.4317690185407602,0.2736646215888866,0.29456635987035307
0.4417014793938882,0.27361666712440713,0.28468185348170455
0.4519135918878838,0.296483544061906,0.2516028640502102
0.43073218940243707,0.27077787445163093,0.29848993614593206
0.446708389408058,0.27982518320925,0.2734664273826919
0.4472208574699895,0.28448345768716393,0.2682956848428466
0.45136496418629607,0.2739797972220767,0.2746552385916274
0.44321481821905395,0.2901789029826541,0.26660627879829196
0.4402848165946087,0.2741735089649212,0.2855416744404701
0.44210718603775284,0.27773438134525996,0.2801584326169868
0.4365100426454077,0.27440677829328364,0.28908317906130837
0.4269851515557985,0.2747720512851528,0.2982427971590488
0.44389778087027165,0.29541797735397035,0.26068424177575766
0.44172068941142095,0.27629821187735154,0.2819810987112275
0.435780688663413,0.2791371282982238,0.2850821830383629
0.43732961154693084,0.27129577549528544,0.2913746129577837
0.44850608267180014,0.2777162703510192,0.2737776469771806
0.4500177337659602,0.28067272343983984,0.26930954279420005
0.4338750467304032,0.2754670110188996,0.2906579422506969
0.4607831535276135,0.3089174310885334,0.2302994153838529
0.4511330800406238,0.2857016077126503,0.2631653122467261
0.43346076691741514,0.27969970029497204,0.28683953278761265
0.4381130822023401,0.26872674119104,0.29316017660661986
0.43355488477283327,0.2747305326436287,0.2917145825835381
0.4643676496991432,0.2976386663037526,0.23799368399710383
0.4579633672801427,0.2996259532223548,0.24241067949750245
0.4396073671497515,0.280804548579641,0.27958808427060744
0.4372200373475742,0.2814363731351973,0.2813435895172284
0.4481174448452775,0.2787099710620433,0.2731725840926788
0.4305051284197621,0.26983877925145794,0.29965609232877966
0.45298617803136043,0.3060530275309208,0.2409607944377189
0.44807170655830103,0.28834660626207115,0.26358168717962804
0.4371662970339891,0.2760979075810495,0.2867357953849615
0.4359678561893165,0.2718330376837713,0.2921991061269123
0.45378309827000385,0.2862506013646899,0.25996630036530616
0.46567611414460003,0.3278088277696207,0.20651505808577936
0.43466182445094026,0.2727509761577204,0.2925871993913389
0.453307424717054,0.26756640524982855,0.27912617003311735
0.43604368982294467,0.2735485250404324,0.2904077851366228
0.45569620908029546,0.30242293316347085,0.24188085775623408
0.42951977449935724,0.2703313505946723,0.3001488749059703
0.4552360906317755,0.297379652280351,0.24738425708787337
0.43672945033652955,0.2773613782060419,0.2859091714574288
0.4446678132742766,0.2766569381077096,0.2786752486180136
0.44924759916352924,0.28724485816323697,0.2635075426732339
0.43678438649551465,0.2762930964950334,0.2869225170094518
0.44063395276789996,0.2764688664430762,0.2828971807890235
0.4341227308171782,0.2747931261430512,0.29108414303977026
0.4418041804351762,0.28524862002870033,0.27294719953612356
0.43796392018865726,0.2681476689561892,0.29388841085515327
0.43456393344275107,0.27151449974010217,0.29392156681714665
0.45126522758906173,0.28380161575676577,0.2649331566541725
0.4319918819619324,0.26866862288078763,0.2993394951572801
0.4398381987499309,0.2770828944510947,0.2830789067989743
0.4240974215477018,0.27070896950147505,0.3051936089508231
0.446689071682403,0.2943561846038199,0.25895474371377714
0.4367538704749083,0.2785670923883297,0.284679037136762
0.43752924410492655,0.27646508032660755,0.28600567556846546
0.43324892273532467,0.270398515203419,0.2963525620612565
0.44724825872269636,0.27572531610731665,0.2770264251699871
0.4493829737833661,0.2781005852967802,0.272516440919854
0.4385592713490411,0.2730622832315376,0.28837844541942126
0.43821648379701345,0.26934263015847787,0.292440886044509
0.4368817593593113,0.27554021035680254,0.2875780302838862
0.43665232332893084,0.27162471122840215,0.2917229654426669
0.43731761042390155,0.2694476998077022,0.2932346897683962
0.4424615216003896,0.277783104944562,0.27975537345504825
0.45951925177211206,0.29407735844642396,0.24640338978146423
0.45119594272776253,0.28857626419046234,0.2602277930817752
0.45454245688494116,0.29077533553331164,0.2546822075817475
0.44208448643880033,0.2755942109433396,0.28232130261786015
0.43635348529142903,0.282399512685501,0.2812470020230696
0.4227085960216289,0.2740163288832795,0.3032750750950918
0.4403203092476894,0.2758572489071309,0.28382244184517963
0.44856257938744115,0.2897638606455194,0.26167355996703956
0.44554241775059644,0.28815017159612183,0.2663074106532816
0.43784097881868267,0.2774967131009678,0.2846623080803496
0.4464924934521491,0.2811795767387363,0.2723279298091145
0.45140025725805877,0.2958122081912755,0.2527875345506658
0.4440993373789325,0.2810106336238359,0.2748900289972317
0.44678591529032036,0.289324901144977,0.2638891835647027
0.4429955913587763,0.28198364973917345,0.2750207589020499
0.44031860870322914,0.2758010110542367,0.28388038024253437
0.4436538890299586,0.2797468582115044,0.2765992527585371
0.4376915709950695,0.2786993225918798,0.2836091064130504
0.44557484571466266,0.2747800854280056,0.2796450688573314
0.44122012294077806,0.2785216222656605,0.28025825479356137
0.4546782957031512,0.27824368840835223,0.2670780158884963
0.44919054594648483,0.28813661199410434,0.262672842059411
0.44402324055085163,0.2738137903990959,0.28216296905005256
0.44877020535798545,0.28891518453975096,0.26231461010226365
0.43844184684422854,0.2831100211056382,0.2784481320501332
0.4433204726661986,0.27963374415311304,0.2770457831806886
0.4390540025077085,0.2875806416254241,0.27336535586686783
0.4389670519997336,0.27534182976133215,0.2856911182389338
0.44318087376875276,0.27982643574843125,0.2769926904828163
0.4357143520050473,0.27294412581905386,0.2913415221758987
0.43287940795358504,0.2714182430214518,0.29570234902496323
0.4352691875667545,0.27976937042187655,0.28496144201136925
0.43501542645506597,0.27481057788741836,0.29017399565751534
0.4357362249244233,0.27520464366044606,0.2890591314151305
0.43986542450483473,0.27820877189785254,0.28192580359731245
0.4347425828018855,0.2698965584841109,0.2953608587140041
0.4407730355114273,0.27986567254103256,0.27936129194754
0.4394934604212273,0.2662211147018749,0.29428542487689757
0.4516962784684671,0.29030394101766205,0.2579997805138706
0.42471339539531844,0.27022970956820536,0.30505689503647604
0.4323099312335822,0.27469373984175927,0.29299632892465866
0.441252337705613,0.27177862660024044,0.286969035694146
0.43307364252194064,0.2758170093611616,0.2911093481168979
0.45447554516986277,0.2916227425776398,0.25390171225249736
0.44061548056734,0.27964109120716185,0.2797434282254978
0.4337065054459417,0.2727884153561556,0.29350507919790225
0.4309438303949378,0.2720451911697319,0.29701097843533025
0.4334318331499073,0.2707286023611625,0.2958395644889301
0.4245541505093369,0.2719322156705214,0.3035136338201415
0.4457152497486838,0.27811006211711264,0.2761746881342034
0.44425607388900235,0.2762050188559445,0.27953890725505315
0.4392816006423762,0.2758660504960671,0.28485234886155664
0.4381972695207018,0.2847778669671447,0.2770248635121533
0.43259829165334535,0.2778115912954013,0.28959011705125326
0.44707948906967077,0.26669799452926357,0.2862225164010654
0.44303327091625344,0.276922132675852,0.2800445964078945
0.4440220879422615,0.28245503754848045,0.273522874509258
0.4439642919785637,0.27737888316380693,0.2786568248576293
0.4418522904064161,0.28017273275633553,0.2779749768372483
0.43179807364924905,0.27238842914690486,0.2958134972038461
0.4444792998346652,0.27355042887078174,0.281970271294553
0.4385920866212406,0.2685206063675665,0.2928873070111931
0.45104246600049425,0.2879117219958907,0.26104581200361504
0.4343602458949093,0.27420563614979543,0.29143411795529534
0.44426216660978823,0.27662767145882455,0.27911016193138727
0.4468076372473489,0.27357198416286627,0.27962037858978495
0.4385842368784315,0.26966182153854834,0.29175394158302026
0.45660706279726837,0.28728308734957636,0.25610984985315544
0.4331856712028217,0.26909511232522226,0.2977192164719563
0.42826138775067896,0.2770017134768655,0.2947368987724556
0.4318419454032136,0.2715257356421351,0.29663231895465103
0.4417245317878188,0.28088374749878897,0.27739172071339213
0.42972992233369406,0.2741496290953204,0.2961204485709855
0.4433609190944334,0.2773264767928908,0.2793126041126759
0.4638397365661242,0.28270922997414205,0.25345103345973363
0.44630190516529133,0.2807362357868719,0.2729618590478366
0.4318420360190868,0.27507476550418714,0.2930831984767257
0.44490334235700973,0.2801939461214752,0.2749027115215149
0.44513553343266565,0.27476465446558146,0.28009981210175283
0.44611111011621984,0.2761052355952821,0.277783654288498
0.4375026705236305,0.27470007441552996,0.2877972550608395
0.45455852899613314,0.2898793806918468,0.25556209031202026
0.4465260726886931,0.2770459598887596,0.27642796742254716
0.4152732269390794,0.2736887045733204,0.3110380684876003
0.4436707801228036,0.2708410447848373,0.28548817509235935
0.4656822401340338,0.3114550859306623,0.2228626739353036
0.4410948910412563,0.27833094458779717,0.2805741643709464
0.44918529876465785,0.286066424492698,0.2647482767426439
0.4283699292527663,0.27909745082680826,0.29253261992042545
0.4408033125291398,0.2735341683469329,0.2856625191239274
0.4284290465450715,0.27126759141062917,0.3003033620442993
0.4422807365746386,0.2903678540720088,0.26735140935335217
0.4517747656300708,0.2868756933135379,0.2613495410563914
0.45822131515637543,0.29327919648599177,0.24849948835763308
0.43901527406232876,0.274796004716111,0.2861887212215601
0.4426452009766248,0.2840950230668112,0.2732597759565637
0.44469468375646637,0.27482939597862677,0.280475920264907
0.43006243022696594,0.27305805324627697,0.29687951652675726
0.4334332421460105,0.2758035818751654,0.2907631759788242
0.456432657531865,0.3025186897551151,0.24104865271301976
0.4282651658559059,0.2730883183093229,0.29864651583477103
0.4556002517194406,0.2878493824085335,0.25655036587202584
0.4352501084152205,0.2701899735532648,0.29455991803151443
0.4569425318067689,0.3028807803262302,0.24017668786700053
0.4470545110357715,0.2941341353775232,0.2588113535867056
0.42164380313195454,0.2721436864405393,0.3062125104275058
0.448510461916991,0.26455449431498496,0.28693504376802426
0.45375111848985605,0.2860377062676833,0.2602111752424603
0.43396538612682045,0.2738056011032735,0.292229012769906
0.42939395477873893,0.270709503813476,0.2998965414077848
0.43946233886628394,0.27771439721634583,0.2828232639173701
0.4438914867682423,0.29817489697160154,0.25793361626015615
0.44130363237398185,0.2772739109565092,0.2814224566695087
0.42418117786668263,0.270875603295905,0.3049432188374117
0.43713514733349906,0.27888756604765397,0.2839772866188466
0.43496029751434623,0.2711293190867228,0.2939103833989305
0.4434619407140186,0.2845543632835249,0.2719836960024565
0.4477708479871736,0.26991554120103445,0.28231361081179196
0.41576700250537324,0.2750231485115685,0.30920984898305814
0.42814863123307345,0.2728519930175171,0.29899937574940916
0.4427150247112113,0.2824680708600369,0.27481690442875195
0.42582066743371355,0.27036058252728334,0.30381875003900305
0.44622163304274964,0.28899538861619467,0.26478297834105563
0.44705526312343447,0.27230981202884913,0.28063492484771624
0.4346854738417811,0.2748668860656749,0.2904476400925441
0.4422637076813872,0.2763141000257125,0.28142219229290044
0.44003003923826567,0.26976611639362147,0.2902038443681123
0.4352492911767171,0.2727767458786119,0.2919739629446707
0.44990330226554076,0.27502575569281285,0.2750709420416461
0.44992287451000634,0.2767663695043952,0.2733107559855985
0.42958720576391773,0.26988374395490183,0.30052905028118004
0.44136276138667724,0.27145212348141473,0.28718511513190803
0.43874059677040045,0.27186842150642476,0.28939098172317457
0.4534208186141997,0.29723155261445067,0.2493476287713495
0.4496772165122258,0.2892718584183445,0.26105092506942984
0.4298609559525203,0.27446244730223446,0.29567659674524527
0.45905998080856636,0.2880047484776499,0.2529352707137834
0.43586544908512703,0.27302010896733786,0.2911144419475349
0.4474332175259471,0.28720949044978117,0.2653572920242713
0.46051341666830675,0.2877543105763608,0.2517322727553323
0.4321718937004161,0.2757420113776414,0.2920860949219424
0.4426196329391978,0.2721488784380729,0.2852314886227294
0.42076844634054217,0.2716128727012923,0.3076186809581658
0.45061083373714467,0.2988817477823239,0.2505074184805317
0.43545493405824515,0.27039969613706416,0.2941453698046905
0.4398620299296254,0.272897584412315,0.2872403856580593
