x,y,z
0.2355188035745485,0.380597172853601,0.3838840235718508
0.2318324246660715,0.3849775023914469,0.38319007294248186
0.2351290890495456,0.38187337272079164,0.3829975382296631
0.23695532768668728,0.38046033065167084,0.3825843416616419
0.21786721321920702,0.39220514080407787,0.38992764597671536
0.20148123661030573,0.41642759256960915,0.3820911708200856
0.19622202139913053,0.41748385637954455,0.386294122221325
0.1997755948628232,0.4228579330084755,0.37736647212870145
0.2121315846853314,0.3990305870828587,0.3888378282318101
0.2397624952388816,0.38039528129129957,0.3798422234698191
0.24149258113969913,0.3793234971310299,0.3791839217292709
0.24018107878295966,0.3798674051131148,0.37995151610392597
0.23855739768237133,0.3802224535307285,0.3812201487869006
0.21536675292092453,0.4009029960022757,0.3837302510768
0.18434398597542126,0.4339967946076055,0.3816592194169732
0.20716893647233903,0.4094570212167817,0.38337404231087946
0.1973118075816644,0.4137649654036649,0.3889232270146708
0.2288234939285773,0.38690533365925117,0.38427117241217146
0.2001533929245024,0.41714194162068585,0.38270466545481185
0.19238599492425904,0.4260524980605378,0.3815615070152035
0.22781893558125446,0.3851422456701271,0.38703881874861856
0.24667669648958904,0.3779465191743149,0.3753767843360963
0.2457754316613759,0.37829478520924054,0.3759297831293835
0.2054589567527456,0.4111938279916399,0.38334721525561477
0.24548211808566528,0.3780137313433919,0.376504150570943
0.1935855844513301,0.4204304840286571,0.3859839315200131
0.23613852965414084,0.3807792466744191,0.3830822236714404
0.23633690684085443,0.3806345430018643,0.3830285501572813
0.19518594416082824,0.42636004430439745,0.3784540115347743
0.20099133888589796,0.41221700826187985,0.38679165285222233
0.24283758458324134,0.37896110210431244,0.37820131331244644
0.22382981040761077,0.38762520083623453,0.38854498875615495
0.2116040164839018,0.4018402558974954,0.38655572761860324
0.1906323978187611,0.42670338780846195,0.382664214372777
0.20956627036037395,0.4006317466807212,0.389801982958905
0.23627763633585822,0.3812335747778059,0.3824887888863359
0.20478420572815714,0.41857912942756514,0.3766366648442779
0.24876640630366254,0.37752654276455777,0.3737070509317797
0.2410549330200587,0.3793751742410955,0.3795698927388458
0.23667290622665915,0.38034109141693906,0.382986002356402
0.2331582248867872,0.3824877471964927,0.38435402791672013
0.23827108865644694,0.38044375656541934,0.38128515477813385
0.24354583439404937,0.3785089535451343,0.3779452120608164
0.18708164908080938,0.42921001501330514,0.3837083359058858
0.19549444796160467,0.425207436378389,0.3792981156600065
0.19673968575806017,0.41728050510084713,0.38597980914109287
0.2084092453442651,0.40444934678735023,0.38714140786838497
0.1899891214046615,0.4301941031958785,0.37981677539946007
0.19588889035843704,0.4157079851964811,0.38840312444508207
0.200577155908473,0.4194605097431957,0.3799623343483315
0.23879723627442948,0.38022610219469233,0.3809766615308784
0.24493219629416474,0.3783226526659798,0.3767451510398556
0.24173074102636904,0.37905428573340416,0.37921497324022735
0.2464202461215921,0.37805440919142536,0.3755253446869826
0.23502204575876148,0.38214202543613685,0.38283592880510176
0.2443665166599767,0.37853153632579184,0.3771019470142318
0.19618675463627572,0.4230461552200976,0.3807670901436267
0.19116050365848475,0.4243396650279928,0.3844998313135227
0.20133406899634654,0.41255458637776526,0.38611134462588814
0.20095833021496184,0.41564500925527215,0.3833966605297662
0.19790887652027844,0.41823184571717004,0.3838592777625517
0.2007056714965303,0.413256069734632,0.3860382587688379
0.21988825446190585,0.3957466909341605,0.38436505460393394
0.20459470972816815,0.4065763472991639,0.388828942972668
0.2406515640456827,0.3795699453901886,0.37977849056412893
0.2284268846534537,0.38751345632722345,0.3840596590193228
0.20138383518115271,0.4210781199195657,0.37753804489928194
0.2232366448154487,0.3925196001460447,0.38424375503850683
0.218334832984439,0.3941028914091629,0.38756227560639833
0.21211323083611852,0.3996365043762887,0.38825026478759317
0.23816552113812597,0.3796460696681908,0.3821884091936835
0.21916694680428944,0.39130904221183976,0.38952401098387135
0.22621790080262782,0.3855599562332982,0.38822214296407404
0.22987036764085036,0.384006585850487,0.3861230465086628
0.19798584300971478,0.41604126756670856,0.38597288942357677
0.1908333707503481,0.4278071809745533,0.3813594482750988
0.18683577719614855,0.4272670303108316,0.38589719249302007
0.20757774564758735,0.39849464590795847,0.3939276084444544
0.20219978636264643,0.41316166177013225,0.38463855186722157
0.21495704152811915,0.4024804165660112,0.38256254190586964
0.217366854179436,0.3930046350966262,0.3896285107239381
0.21794293037419699,0.3974854533634796,0.38457161626232345
0.18523845967625327,0.43060906096651874,0.3841524793572283
0.1856245205106827,0.43191457342326706,0.38246090606605054
0.2274298677806539,0.3855085008115553,0.38706163140779093
0.24490357897619064,0.37820891146438407,0.3768875095594254
0.21517215297391362,0.3981558023703986,0.38667204465568805
0.1914826661318212,0.42936194036620234,0.3791553935019766
0.2299647068133174,0.38500009878170455,0.38503519440497813
0.2006597827141196,0.42101506989554505,0.37832514739033557
0.20416433707497492,0.40654473458730445,0.3892909283377209
0.20434289094676036,0.4101421746618913,0.3855149343913485
0.24391980588441212,0.37857795066669464,0.3775022434488935
0.22032458347597644,0.39063560455157054,0.3890398119724534
0.1944593891919581,0.4182018585792704,0.3873387522287716
0.22998070534724654,0.3852575319050504,0.384761762747703
0.20312320055147093,0.41345016456244577,0.38342663488608375
0.19887308916637952,0.4206068274272862,0.3805200834063343
0.2031486400672306,0.4083217941513255,0.38852956578144426
0.24079738360049507,0.3794059202124073,0.37979669618709777
0.19412349109963004,0.4254524295043558,0.3804240793960144
0.24167708811591782,0.3792968240481057,0.3790260878359768
0.2416234482857172,0.3789568776740517,0.37941967404023136
0.20166844512381674,0.4178602849188718,0.3804712699573118
0.18005462711327813,0.4324133209378443,0.38753205194887785
0.20751241735654155,0.40376299464839316,0.3887245879950656
0.20316889348335804,0.41137884831535865,0.3854522582012837
0.19095042274686957,0.4290303830844206,0.3800191941687101
0.23986308479518229,0.37977273825084823,0.3803641769539695
0.18751912291556802,0.4293150556179629,0.3831658214664695
0.23844154471498716,0.3804297191615632,0.38112873612345
0.21121767417296017,0.4055235731848733,0.383258752642167
0.23393515507667112,0.38389892618712523,0.3821659187362039
0.1841791611966016,0.432712048981318,0.38310878982208063
0.19290056418412824,0.42357284714678056,0.38352658866909106
0.2096135838321147,0.4032272267861373,0.387159189381748
0.222554044877129,0.3930045612109001,0.384441393911971
0.18944264433298547,0.4297417801507154,0.38081557551629924
0.20298194008558998,0.42073607888180753,0.3762819810326028
0.20780628393770303,0.402055612616835,0.3901381034454624
0.19828819436657844,0.42429121874203823,0.3774205868913838
0.2230202606403126,0.39338471296427013,0.38359502639541754
0.1925048091447984,0.42609895086648486,0.38139623998871675
0.20788313238639108,0.4048752698631686,0.3872415977504405
0.2054606721802714,0.41007541092246935,0.3844639168972596
0.19158310194227146,0.4299758143857122,0.37844108367201656
0.1866751542367855,0.43106500042251333,0.38225984534070157
0.24074394525188297,0.37940616917669734,0.37984988557141997
0.22519085123297522,0.38827570397137756,0.38653344479564733
0.24271505800925905,0.37889564512030355,0.3783892968704376
0.2002743232193795,0.4191553273603103,0.3805703494203104
0.24005984779216022,0.37968266270028084,0.380257489507559
0.20729832828807776,0.40283503939735077,0.38986663231457164
0.22392429180944154,0.39051041784145835,0.38556529034910014
0.20904165802444,0.4060491067687065,0.38490923520685383
0.2116145295935331,0.4012015309398149,0.3871839394666522
0.19788655276508219,0.410693849569696,0.39141959766522216
0.1883071474566952,0.4276150076558454,0.38407784488745966
0.19627640873254595,0.42239251414402007,0.38133107712343406
0.23553758666305186,0.3816147027277134,0.38284771060923484
0.24174292608647516,0.37904428798564294,0.3792127859278821
0.19887489547991455,0.42471631885575156,0.3764087856643337
0.2025805461261575,0.4224950603040541,0.3749243935697888
0.1980322106589944,0.41991034512367925,0.38205744421732646
0.21955718962226653,0.3906234452008971,0.38981936517683674
0.2242638451233985,0.3897826624157106,0.38595349246089117
0.21432213948716491,0.39900596412355344,0.386671896389282
0.2377790834042189,0.3801860232179861,0.3820348933777954
0.22592475436739268,0.3880161436167366,0.386059102015871
0.19486167932142684,0.4252332999938059,0.3799050206847675
0.18425047080158535,0.43140713355836335,0.38434239564005157
0.22787580776656371,0.38469553825523073,0.3874286539782056
0.2439696794292233,0.37853342213047514,0.37749689844030165
0.19810827834520534,0.42424735093947574,0.3776443707153193
0.2277571708916622,0.38488741783901104,0.3873554112693273
0.1983006500102902,0.4175167793842124,0.38418257060549743
0.24624251397376035,0.3780946060849102,0.37566287994132985
0.20153076115535698,0.41849603148082315,0.37997320736382006
0.23821556095968943,0.38051913134910764,0.3812653076912031
0.1930091468677874,0.4254371543557436,0.3815536987764693
0.18813739119571504,0.4304813254740154,0.38138128333026977
0.2275903782582849,0.3879897569760318,0.38441986476568324
0.2302557716115052,0.3837727544216061,0.3859714739668889
0.23676682982535738,0.38226697306675034,0.3809661971078927
0.21504659957762434,0.3916581817830295,0.39329521863934613
0.22028712365907055,0.3928141379050144,0.38689873843591516
0.1894950792543832,0.42653780363522636,0.38396711711039044
0.23799503150509274,0.3800584270866753,0.3819465414082321
0.1900984882003381,0.4302546186858628,0.3796468931137994
0.2361476356616966,0.38091585017598795,0.38293651416231567
0.24294896629539756,0.3786494711331348,0.3784015625714678
0.21954932240337968,0.39412708008020325,0.3863235975164173
0.1989523167910425,0.4228463230009304,0.3782013602080274
0.24522865694487442,0.3782527602251975,0.37651858282992845
0.22735627801849484,0.38533137659987643,0.38731234538162895
0.2437289759545509,0.3785626078501086,0.37770841619534073
0.19797171309278766,0.4137450618422147,0.388283225064998
0.23986487319582686,0.379766141077963,0.38036898572621025
0.21103705400303843,0.40202702511436594,0.38693592088259576
0.19870536417500406,0.41618650412564406,0.3851081316993523
0.19084420233835953,0.4217417617911765,0.38741403587046386
0.22756109260250776,0.38580962186750345,0.3866292855299889
0.20087188139598086,0.41082896534459656,0.388299153259423
0.19045255785283818,0.4223577205436519,0.3871897216035103
0.19124728196040572,0.42798538093228217,0.38076733710731236
0.21822086750937067,0.3926916526761224,0.38908747981450714
0.200810073958958,0.4143624457340618,0.3848274803069803
0.23841303858274387,0.3808598511766452,0.38072711024061123
0.20893102128937183,0.4106684749513442,0.380400503759284
0.2399008469566458,0.3795366872524113,0.3805624657909432
0.2340598478610195,0.38205314116268496,0.3838870109762958
0.2130843140938498,0.3992966582358206,0.38761902767032963
0.19352052628247732,0.42260166439733665,0.38387780932018617
0.2362660846753106,0.3816198455939494,0.38211406973074025
0.20080796309118662,0.42365532388635124,0.3755367130224626
0.19057831263915007,0.4256033903803394,0.38381829698051095
0.2423732861699843,0.3794859963428865,0.3781407174871295
0.23392025351737883,0.38258672738299077,0.38349301909963057
0.2359390224696303,0.3813141082095539,0.38274686932081603
0.24763002012910482,0.3778628057718896,0.374507174099006
0.2258902655059085,0.3871601803130421,0.3869495541810495
0.19619199856075176,0.42619494917629375,0.3776130522629545
0.23105845747598253,0.3859630689378571,0.3829784735861603
0.2105315708126009,0.39973761966147486,0.3897308095259245
0.24249876555704308,0.37899608153234526,0.3785051529106118
0.21618371225615632,0.395114526880671,0.38870176086317276
0.22312972694063937,0.3889618859240035,0.3879083871353575
0.21161764353247728,0.4002131896464163,0.3881691668211063
0.22573786895717293,0.38791302702772157,0.3863491040151056
0.20306626044016268,0.4122570016992282,0.3846767378606093
0.22027816406909176,0.3900993451559991,0.3896224907749094
0.2312565529772255,0.3836843408273654,0.3850591061954094
0.22165156749587994,0.3904741865065807,0.3878742459975395
0.19525602955274365,0.42678613894643636,0.3779578315008203
0.24060580315127847,0.3793690965357852,0.3800251003129366
0.19169218040713412,0.4294319085593111,0.3788759110335549
0.203584623688868,0.41132223811820173,0.38509313819293023
0.19795071688325644,0.419073245434319,0.38297603768242505
0.20082818560454585,0.42242628082421674,0.37674553357123763
0.2072124433157539,0.41267099928253675,0.38011655740170963
0.20909215576185106,0.40546596015798675,0.38544188408016233
0.2315933316410846,0.382978310630215,0.38542835772870065
0.22649573965468436,0.3865418578099131,0.3869624025354026
0.23414897497474765,0.38256226003641486,0.3832887649888375
0.19089320121263906,0.42498325732393166,0.3841235414634296
0.22659984233291028,0.3852349623639224,0.3881651953031674
0.1916595848572326,0.42344047920105354,0.38489993594171423
0.20832564330999423,0.406326351182728,0.38534800550727805
0.1927458572524107,0.4163530035075682,0.39090113924002134
0.22922814978259934,0.3861321016332622,0.3846397485841385
0.2410521879124794,0.37940918083003394,0.37953863125748705
0.20462696081353748,0.4111269834688859,0.38424605571757686
0.24354470127623096,0.3786267188655676,0.37782857985820173
0.21058677168524367,0.40476278600472254,0.38465044231003404
0.2378189772193945,0.3809067750314651,0.3812742477491406
0.21775873828509895,0.3956355159712617,0.38660574574363926
0.19658223391890223,0.42503284174364814,0.37838492433744975
0.23616881440866533,0.38073822729981555,0.38309295829151924
0.18636517848961912,0.4313232699876527,0.3823115515227282
0.2150816026275216,0.4002008117113422,0.38471758566113634
0.22314035819871328,0.3902248392346468,0.38663480256664007
0.22626870872553498,0.38757965816718254,0.38615163310728284
0.21504410951964056,0.39338029417825626,0.39157559630210337
0.22451465394162062,0.38730512034463804,0.38818022571374156
0.21875701700025438,0.3952325436834534,0.38601043931629236
0.2406648986013184,0.37970833108719715,0.37962677031148473
0.23482071559389564,0.3816011699473262,0.3835781144587783
0.1969173728344887,0.42343112097373514,0.37965150619177634
0.22252298387378416,0.3908789000544658,0.38659811607175043
0.2011126178284651,0.41422059669860817,0.3846667854729269
0.24000228572594143,0.3794074100194016,0.38059030425465706
0.24607509880468115,0.3782854401364375,0.37563946105888163
0.23547148487003086,0.38114926364345864,0.3833792514865107
0.24531796136314007,0.37808433955903165,0.3765976990778286
0.19966646257461027,0.4224666651917226,0.3778668722336672
0.22970425874353206,0.38619507666661446,0.3841006645898538
0.24597775720865622,0.37815841823027435,0.37586382456106937
0.22502741068293958,0.3885544592592376,0.38641813005782294
0.2258250453934399,0.3893118492655818,0.3848631053409785
0.18497453748739826,0.4297626486167422,0.3852628138958595
0.21869464972913025,0.3911306636314291,0.3901746866394408
0.23790129945253963,0.3818806595450548,0.3802180410024058
0.24207367550352915,0.37927026821500043,0.3786560562814705
0.21868861076172175,0.39360072992263273,0.38771065931564563
0.20486479125264562,0.4204059592196391,0.3747292495277156
0.24450860560380375,0.37801931949862233,0.37747207489757395
0.19253503367037383,0.4271065461638586,0.3803584201657677
0.2020069752669482,0.4186235168808881,0.3793695078521638
0.24340977882096534,0.378541359184649,0.37804886199438587
0.24710827401333466,0.3781249232884624,0.3747668026982029
0.24168773099635957,0.3790688291101646,0.3792434398934761
0.19061228542062042,0.42826847540579904,0.3811192391735807
0.24306876386900234,0.37840475684524333,0.3785264792857548
0.24112336828783285,0.3800193512829292,0.3788572804292381
0.19019333130458269,0.4273611596106566,0.38244550908476077
0.21103711534139788,0.4032278033246618,0.3857350813339403
0.24438487908924475,0.3783328594486989,0.3772822614620567
0.23600289255000675,0.3819907724276572,0.3820063350223363
0.20969033979882343,0.40219052248045706,0.38811913772071993
0.19951559191659862,0.414185017047036,0.3862993910363661
0.24356213524452563,0.3784957221253191,0.37794214263015513
0.22752229931228152,0.38580233867664837,0.3866753620110702
0.2334317791480227,0.381891082008143,0.3846771388438342
0.228199687070187,0.385279744645058,0.3865205682847551
0.21289732908712786,0.4012728139565148,0.3858298569563576
0.19292998214559817,0.4271070690005332,0.37996294885386905
0.2417946135099918,0.3793411764630653,0.3788642100269433
0.2132866046751355,0.397728353829899,0.3889850414949656
0.221034424670597,0.3947189143435056,0.3842466609858977
0.1914933149378148,0.42811529095499856,0.3803913941071868
0.2313351502580712,0.38450324400386937,0.3841616057380598
0.21047872254413,0.40353440207701896,0.3859868753788509
0.2026858303591336,0.4092599521786214,0.38805421746224555
0.189497884545534,0.43085510146598893,0.3796470139884772
0.19630308170288102,0.42383169006006743,0.3798652282370518
0.1993646331444429,0.41702821883035013,0.38360714802520735
0.21074174042727487,0.401348961961587,0.38790929761113835
0.19334651363886304,0.4279995693406857,0.3786539170204515
0.18811276914047528,0.4267027422723371,0.3851844885871879
0.2236628841188585,0.39167222485365993,0.3846648910274819
0.2307716680658449,0.38419553679148843,0.38503279514266686
0.20038158073575407,0.42334323035285076,0.37627518891139533
0.21058480922243486,0.4028053224249628,0.3866098683526026
0.20158901550336636,0.4193771034890811,0.37903388100755275
0.23401922664476604,0.38205549334543326,0.38392528000980075
0.1972776381544276,0.4117295739367137,0.39099278790885894
0.2040270275269782,0.4117809778494388,0.3841919946235831
0.19183167936988488,0.4262137489440338,0.3819545716860817
0.19457264684641268,0.4197985426563866,0.3856288104972008
0.2302161665367586,0.38477918149828694,0.3850046519649547
0.21706122593271163,0.3932553254961031,0.3896834485711853
0.2013015552257483,0.4168833378426078,0.38181510693164417
0.19860641894594874,0.42264660784197117,0.3787469732120803
0.24258664961373738,0.37848961792504876,0.37892373246121436
0.20813341447852118,0.40208345311805416,0.3897831324034249
0.19386713525680171,0.4268548451230557,0.3792780196201429
0.23836028015057104,0.38045669400027254,0.38118302584915653
0.2128022800334132,0.3999178120277173,0.38727990793886946
0.2429692774622314,0.3787701961666057,0.37826052637116336
0.24853628047540524,0.3778769241773503,0.3735867953472446
0.2050658327119424,0.4048244167810848,0.39010975050697294
0.24753115890309138,0.37773093619982173,0.37473790489708664
0.24271652524311402,0.3788567410548091,0.3784267337020771
0.21032819819386778,0.4042390954732893,0.385432706332843
0.2176795888804548,0.39629175268113526,0.38602865843841005
0.2131521369787679,0.40370628298069067,0.38314158004054166
0.24674178224817786,0.3778486455879192,0.3754095721639033
0.24150298890558813,0.37892938657755676,0.37956762451685533
0.22977754363296357,0.387024486242984,0.38319797012405254
0.20555480366007264,0.417354457588078,0.37709073875184945
0.2050566062616388,0.4130906848995749,0.3818527088387864
0.1993134117177551,0.4240814784714829,0.3766051098107623
0.2131366012407193,0.39618622564968964,0.3906771731095915
0.1964748659424628,0.42649899762152277,0.3770261364360147
0.2459775497651727,0.37799889157440725,0.3760235586604201
0.22027908600391882,0.3883697965528655,0.39135111744321593
0.22454769081173637,0.38875644019741074,0.3866958689908532
0.20150916812938463,0.41282291682681493,0.3856679150438008
0.2416425795467944,0.37958997744665823,0.37876744300654747
0.236871008393123,0.38077723572938255,0.3823517558774946
0.19376660074595325,0.4139423871493456,0.3922910121047014
0.1994243447480706,0.41595263472484617,0.3846230205270834
0.23600097113734525,0.3812882858482547,0.3827107430144004
0.19500971220810112,0.41673104570484515,0.3882592420870538
0.1898798459822967,0.42646741727464554,0.38365273674305794
0.22489973103919011,0.38748312975761423,0.38761713920319596
0.22758255737515523,0.3858278761820113,0.3865895664428337
0.2159204335831711,0.39757964557148995,0.38649992084533935
0.1965237269429719,0.4200124951878643,0.38346377786916397
0.2397382637669247,0.38001977129398823,0.3802419649390872
0.19150283485099143,0.427713838454701,0.38078332669430803
0.22061048236302325,0.39041938303752943,0.3889701345994474
0.21266054193563308,0.3989850124916908,0.3883544455726763
0.20734000536102293,0.4023987544759348,0.39026124016304253
0.19707375657421908,0.4176189988038983,0.38530724462188304
0.2417489797075887,0.3793290334121727,0.37892198688023904
0.20205518331533082,0.41102922451819646,0.38691559216647275
0.19626918021351128,0.4202749256570224,0.38345589412946657
0.2325882470121642,0.38358418524379867,0.38382756774403715
0.2403571709707705,0.37999285586569415,0.37964997316353555
0.19041690163243413,0.42901971461619315,0.38056338375137283
0.21413433052969397,0.39798418815437786,0.38788148131592853
0.2002261071009774,0.4223738647438781,0.3774000281551446
0.23683920903133604,0.3813914748947823,0.3817693160738821
0.23614892214630936,0.38178882290861044,0.3820622549450803
0.20674821500862942,0.40716633080473225,0.3860854541866384
0.2512760669042955,0.3768673675949887,0.3718565655007158
0.21055095946869218,0.40474254915002383,0.384706491381284
0.2462616564883183,0.3781016905042258,0.3756366530074561
0.2446264802726358,0.3785618111711051,0.3768117085562593
0.19259473515220218,0.4190882333541951,0.3883170314936029
0.23900246781850912,0.38017817595474,0.3808193562267509
0.19044559941890585,0.42940719860843657,0.3801472019726576
0.2250261790908227,0.3904302622335234,0.38454355867565415
0.24175973578976223,0.37902226067735384,0.37921800353288426
0.2404536757135214,0.37986474843002827,0.3796815758564504
0.2441230428206227,0.37868859866149324,0.3771883585178844
0.22957705709941276,0.38451044665059564,0.3859124962499916
0.2412649342730163,0.3790883961334726,0.37964666959351145
0.23591874684193812,0.3818813660890999,0.382199887068962
0.23440196293329768,0.38421588703257714,0.38138215003412557
0.22396136084049534,0.3874680924761351,0.3885705466833697
0.1904414581030774,0.42784917128280436,0.38170937061411836
0.23914097933164202,0.38004445232252737,0.380814568345831
0.20407330954325742,0.41111644227970934,0.38481024817703346
0.20186753913046998,0.4222669279581889,0.3758655329113413
0.24147152333828087,0.3791360397236694,0.37939243693805
0.23544399259088933,0.3814623183572715,0.3830936890518394
0.2136517229163599,0.39777493459725766,0.38857334248638276
0.20046525470726959,0.41760755891335105,0.3819271863793795
0.20120998671772664,0.4239876254190206,0.37480238786325315
0.19878483414294412,0.4131580711049676,0.3880570947520886
0.21325911004779413,0.39929295745174076,0.3874479325004654
0.19185824769808862,0.4267654607392293,0.381376291562682
0.19704297481788907,0.4238062281335192,0.379150797048592
0.19249897964801602,0.42437781720008294,0.3831232031519013
0.19034581942736262,0.42822375943829416,0.38143042113434356
0.19260138989429587,0.42839631263088807,0.3790022974748163
0.23509989152992,0.38133828240367856,0.38356182606640155
0.22985181637234758,0.3849135546591416,0.3852346289685109
0.20696882584631052,0.40649981087255305,0.3865313632811367
0.2240262975578672,0.38884856371674115,0.3871251387253918
0.24070583917289212,0.3796474400611869,0.379646720765921
0.2236083722344279,0.39053903750102725,0.38585259026454477
0.20199575515733476,0.4159570100076414,0.38204723483502423
0.2384613658189171,0.3804124148909698,0.38112621929011364
0.19363728811503994,0.4272345745631779,0.3791281373217826
0.19894806192553224,0.4140115002522184,0.3870404378222492
0.1946720384502211,0.42552708998368843,0.37980087156609066
0.1954097620072563,0.42304131979162335,0.3815489182011207
0.22052033488634307,0.3884004444331244,0.3910792206805327
0.21466529733852757,0.40115430000756813,0.3841804026539047
0.2354372276818254,0.38255111960313287,0.3820116527150418
0.20211532815983976,0.4177008583236662,0.3801838135164944
0.2380426629293531,0.380131191738295,0.38182614533235165
0.23696423420699372,0.38041555703923835,0.382620208753768
0.2270642436696732,0.385432352825989,0.3875034035043381
0.20464420913441592,0.4061013623780847,0.38925442848749925
0.19633892519975618,0.4251905686515553,0.3784705061486888
0.19728084452502131,0.4244469047226272,0.37827225075235166
0.1935899399943031,0.4235285486116287,0.3828815113940684
0.24006018694936845,0.37944356985513,0.38049624319550157
0.23277080476355125,0.38444972744192135,0.3827794677945276
0.23354263556506283,0.3837079682244832,0.38274939621045423
0.1920088482104274,0.42798469971637426,0.3800064520731984
0.18923187373683364,0.42756321864721847,0.3832049076159482
0.24388922026138063,0.378382187474969,0.3777285922636506
0.23641745914454357,0.3807992647707905,0.38278327608466634
0.19386299741959045,0.41813572674538957,0.3880012758350201
0.24058815361998465,0.37927607062880436,0.38013577575121105
0.24354065903553462,0.37855110353382115,0.3779082374306443
0.21376514026729826,0.4017497798884573,0.3844850798442446
0.2299121563629667,0.38388130357980615,0.3862065400572273
0.24460217500922396,0.3784650668627995,0.37693275812797666
0.2207476641056356,0.39148146506552045,0.38777087082884426
0.19526444118883476,0.41630960967055575,0.38842594914060946
0.1966168094275884,0.4164471663895093,0.3869360241829026
0.20646593437093202,0.40412248530300277,0.38941158032606554
0.19440266947365378,0.42551771319106624,0.3800796173352803
0.2430014997281836,0.3785664349998452,0.3784320652719714
0.18908146483317367,0.42454621499338074,0.3863723201734458
0.20036008317587878,0.413900592764828,0.38573932405929345
0.2389450166211602,0.37994523291450377,0.38110975046433615
0.243844057084804,0.3787561345513031,0.3773998083638932
0.24050137216088724,0.3796870954516365,0.37981153238747656
0.19797956634066807,0.41842218224682537,0.38359825141250664
0.22261562410083924,0.3901315152194901,0.38725286067967085
0.23751901292094257,0.38041019162110684,0.38207079545795075
0.2360612455099616,0.38175138567888084,0.3821873688111581
0.22219767829310252,0.3880653539824188,0.38973696772447897
0.2024124948465356,0.4156744496978756,0.38191305545558907
0.21246517184885658,0.3975351777823507,0.3899996503687928
0.22307521391648502,0.3902351229649357,0.38668966311857966
0.21891029114191624,0.39533948219892767,0.38575022665915604
0.24133497700382708,0.3791112249987274,0.3795537979974457
0.2070928389438937,0.40537307889545093,0.3875340821606553
0.2016784144689405,0.41708214442610203,0.3812394411049577
0.22520754800206855,0.38907808637987473,0.38571436561805694
0.21617337220036661,0.3940942521466998,0.3897323756529337
0.19235674168350497,0.427126240489632,0.3805170178268633
0.22755246432771686,0.3852481095022994,0.38719942616998393
0.24640332181333072,0.377600316282219,0.3759963619044504
0.1965950530789986,0.4237088997686579,0.37969604715234384
0.229810202242898,0.387762831863694,0.3824269658934081
0.21789817172211018,0.396910609551216,0.38519121872667395
0.19188535983807833,0.42720858188978406,0.3809060582721378
0.23667114209586582,0.38172582473185196,0.3816030331722823
0.19640254376220292,0.4226482279888794,0.3809492282489179
0.22613886327021568,0.3904800181274617,0.3833811186023228
0.22084706524138817,0.3922964893032624,0.38685644545534964
0.20041074887088625,0.42208040626083193,0.37750884486828207
0.2408322320130047,0.3791140840214474,0.38005368396554784
0.21926491935495626,0.39381900784833945,0.38691607279670437
0.20965576275508527,0.40067722478859547,0.3896670124563194
0.19693182497964729,0.4261176009492126,0.3769505740711403
0.1929062255290888,0.42497554504387014,0.3821182294270412
0.20900641715877688,0.4066508143438751,0.38434276849734816
0.24727919528391665,0.37736131294353603,0.37535949177254746
0.24446272985300435,0.37833050086828557,0.37720676927871033
0.19635719269494803,0.4203635605200775,0.3832792467849745
0.23687892960879314,0.38062654623187814,0.38249452415932883
0.20767264973068203,0.40320332992761565,0.3891240203417023
0.20168537136413087,0.41360169223625787,0.38471293639961157
0.20331151310671652,0.41700624805861236,0.3796822388346714
0.20655977328531014,0.4039690734055572,0.38947115330913284
0.188316931933753,0.4304827423421897,0.3812003257240573
0.2339492100892602,0.3814962149949205,0.38455457491581957
0.23209307876747412,0.3847545477301526,0.3831523735023736
0.2305644086110783,0.384007312563626,0.3854282788252961
0.19798841819179178,0.419520490992164,0.38249109081604454
0.22039467781779548,0.39174708136799147,0.38785824081421294
0.24312991632732328,0.3793254348575282,0.377544648815149
0.23177583162938226,0.38244817655577523,0.3857759918148428
0.21551975988281388,0.3966983108468207,0.3877819292703656
0.2378613993171992,0.38079213397157885,0.3813464667112222
0.2416973285513202,0.37902055113939936,0.37928212030928066
0.2238328237996597,0.3869866480028583,0.38918052819748217
0.23198614932355818,0.3838964875352129,0.3841173631412288
0.22682065267914733,0.387669882739486,0.3855094645813667
0.24144241713056236,0.37916366568910037,0.3793939171803374
0.20846655292340263,0.41075228487215776,0.38078116220443986
0.21730741482533406,0.3963638272510467,0.3863287579236197
0.20253825472852813,0.40860027445661884,0.3888614708148532
0.18801154769566733,0.42767926183415517,0.38430919047017786
0.24116547325781898,0.3791346152668804,0.379699911475301
0.22110016054882195,0.3918595344914375,0.3870403049597407
0.19059547818541217,0.42493216613405965,0.3844723556805283
0.20251640096964715,0.4231720293389186,0.3743115696914343
0.22794454085677315,0.386352880509935,0.3857025786332922
0.24400707362753163,0.37881206034291826,0.37718086602955037
0.19953127212437885,0.42064872775803963,0.3798200001175818
0.190836866175168,0.42725281643785246,0.38191031738697967
0.23480777623023186,0.3819460118176541,0.3832462119521143
0.21175216054863333,0.4025217255944405,0.38572611385692623
0.18880629228314674,0.4293858025012961,0.3818079052155575
0.19243116598039386,0.42872342848592526,0.37884540553368085
0.18147514700681544,0.43400150178475383,0.38452335120843084
0.2026735843054708,0.4186574115790761,0.3786690041154532
0.24218187255608464,0.37886204698881865,0.3789560804550969
0.2448032811666914,0.3780062670944788,0.3771904517388297
0.1909642935443805,0.4295229614275665,0.37951274502805304
0.2070478367330228,0.4044481803554768,0.3885039829115007
0.21877374686528325,0.39690937732689285,0.38431687580782403
0.2367726299221649,0.3807740610639976,0.3824533090138375
0.18967967335484393,0.42548771605956487,0.3848326105855914
0.1964453391429044,0.4125558502818958,0.3909988105751999
0.23715180380429807,0.3811683318319629,0.38167986436373946
0.23209281639139215,0.38166061447498867,0.3862465691336193
0.20962097308195354,0.4052896498541424,0.3850893770639042
0.1983036396885859,0.4180902888395453,0.383606071471869
0.23826159373855538,0.38028663505161764,0.381451771209827
0.2347447102763992,0.3842241981323877,0.3810310915912133
0.23760011943404852,0.380303639846465,0.3820962407194869
0.2204779734746616,0.38979900276150425,0.3897230237638346
0.20890845450282391,0.40318843610272226,0.38790310939445416
0.2001375052127004,0.4171880742692739,0.38267442051802597
0.22530561035942498,0.3892509897216041,0.3854433999189709
0.19917852175194847,0.4234766689848544,0.37734480926319725
0.19429734084173061,0.4279391113419826,0.37776354781628707
0.24120050218001457,0.3794363123916723,0.37936318542831293
0.23368228181780673,0.38234868749841433,0.38396903068377886
0.22015396925106423,0.3924562054064093,0.3873898253425266
0.2183150966429719,0.3967357912535018,0.3849491121035263
0.19597883323798587,0.42328046083923254,0.38074070592278175
0.22805805997472714,0.38619407038758485,0.38574786963768837
0.2087335063993926,0.40362304094018997,0.38764345266041744
0.2347706229547216,0.38197682555940005,0.38325255148587867
0.2125180641831109,0.40246359310438934,0.3850183427125
0.2368007624915879,0.3810334267503278,0.3821658107580844
0.24685339246485796,0.37783932923416336,0.3753072783009789
0.2323941362920127,0.38318387714502494,0.38442198656296256
0.18392784290100983,0.4326383016267049,0.3834338554722856
0.1864825999946833,0.4315314814533995,0.3819859185519173
0.22754429778708674,0.38613700050297356,0.38631870170993987
0.2374680694097541,0.3806031545665592,0.3819287760236868
0.1984007316386232,0.4238903316209002,0.3777089367404768
0.18635215311171852,0.4254483186745122,0.38819952821376913
0.24638645683534166,0.3778662133214914,0.3757473298431671
0.20147971467694445,0.41697509474960726,0.38154519057344816
0.19354016213889463,0.422713084734974,0.3837467531261316
0.19158307380145656,0.427616109853043,0.38080081634550056
0.20149633159789898,0.41012399270933153,0.38837967569276977
0.240587400116896,0.37930165373397784,0.3801109461491263
0.189751314643246,0.429007144558161,0.3812415407985934
0.23326113519017366,0.38306634426365016,0.3836725205461765
0.24710390857863307,0.377757292802238,0.37513879861912924
0.19015719747454599,0.42776721977767473,0.38207558274777936
0.2339144564828598,0.3826836180349653,0.3834019254821753
0.22734650820783084,0.3874772428493709,0.3851762489427988
0.2385163901268664,0.3804771243534386,0.38100648551969507
0.19807135525257313,0.4123712324542799,0.3895574122931471
0.2091708370323331,0.4072174295104784,0.3836117334571889
0.22403401733846412,0.3865747783099948,0.3893912043515412
0.1947719714603738,0.4206786655797793,0.38454936295984715
0.19687102424660563,0.4252730647635749,0.37785591098981985
0.23427694310817102,0.3816443578853588,0.3840786990064703
0.2417802446937334,0.37908081142846717,0.3791389438777998
0.2137073211082192,0.39668451035786145,0.38960816853391966
0.20175681550892624,0.4133653318802534,0.38487785261082064
0.19487549836885898,0.4194735784170416,0.38565092321409933
0.24024599555413356,0.37981384706894483,0.3799401573769215
0.22741835865712362,0.3872820791381774,0.3852995622046993
0.23548697213413866,0.3818987765983251,0.3826142512675366
0.2121134035064172,0.39956084232422096,0.3883257541693622
0.22356957443322212,0.3870486741877063,0.3893817513790717
0.23167751334405945,0.3831589046081472,0.38516358204779344
0.20695927534255293,0.40587349559886,0.387167229058587
0.24001642877464752,0.37947313133996263,0.38051043988539
0.18589050467200224,0.43136819744130495,0.38274129788669276
0.18850849277550538,0.4244729294516606,0.3870185777728343
0.2395888940845789,0.3805184624791197,0.3798926434363016
0.19081148149080882,0.42417244324701675,0.3850160752621743
0.1955193314104139,0.4243438949779864,0.38013677361160003
0.1964193101633659,0.4225300844716666,0.3810506053649676
0.22016691158007656,0.390887396145729,0.38894569227419484
0.21784480265987372,0.39348563588444413,0.38866956145568243
0.21785253098635626,0.39545986273156186,0.3866876062820822
0.20528255233772494,0.40909264034916343,0.3856248073131119
0.24853525551393899,0.37726521007285574,0.37419953441320536
0.2022847845426938,0.41424640365416887,0.3834688118031374
0.19829980367539352,0.4214338310650897,0.38026636525951707
0.23974985338339078,0.37998843182118247,0.3802617147954268
0.20502992623100802,0.416421119625333,0.3785489541436593
0.2213047431462802,0.395448890389483,0.3832463664642368
0.23911590438187327,0.379834812576315,0.38104928304181185
0.20342363436629735,0.4068711013052816,0.3897052643284211
0.22659763305894895,0.38529664334267355,0.3881057235983775
0.1982812158735868,0.42339145218308005,0.3783273319433333
0.21196452523490272,0.4081132251909677,0.37992224957412946
0.21760260161210754,0.3938838753800427,0.38851352300785
0.221876259158931,0.3897431647312986,0.3883805761097705
0.19610807159606009,0.42529259568070066,0.37859933272323953
0.1860251723174605,0.4332117540961797,0.38076307358635986
0.20341368948850927,0.40852960641504116,0.38805670409645
0.23858700895339924,0.3810334936797851,0.38037949736681564
0.20890995386058747,0.40543002097606584,0.38566002516334685
0.24059879203544207,0.37924000890536713,0.3801611990591909
0.20918425873741298,0.40586570697685087,0.3849500342857366
0.19054141257856644,0.4294203996628967,0.3800381877585368
0.24353743270762862,0.3784553025963527,0.37800726469601886
0.2381624984996643,0.3811841727656081,0.3806533287347278
0.1997960430462859,0.41299624575239624,0.3872077112013182
0.20927266118079824,0.4070791212112047,0.3836482176079973
0.206701028367121,0.4012225694049416,0.39207640222793744
0.19491942398546427,0.41810834629024424,0.38697222972429146
0.18823231576039154,0.42620543506726816,0.38556224917234033
0.23155239433065067,0.3842537470143772,0.38419385865497235
0.24512500753207103,0.37830054546551617,0.3765744470024128
0.20396041024345685,0.41673262365293573,0.3793069661036076
0.19011354965110608,0.42926364660026245,0.38062280374863194
0.21692067715000554,0.39536558780490705,0.3877137350450879
0.18333591711075656,0.4283640036982106,0.38830007919103293
0.2237741995721608,0.38839972270736767,0.38782607772047173
0.19230165465851637,0.4280639342721658,0.37963441106931783
0.23608111218943012,0.3804915577810436,0.38342733002952645
0.22675846040449685,0.3884225170076197,0.3848190225878837
0.2387400105988112,0.38035724755807426,0.38090274184311484
0.2463051073199591,0.37777176519740996,0.375923127482631
0.18996692536518406,0.42971104618579026,0.3803220284490258
0.23584232131792313,0.38095181844425835,0.38320586023781855
0.2397789407999969,0.37988024175329693,0.3803408174467062
0.24377804940741335,0.37829632678547775,0.3779256238071089
0.22007914979329843,0.3954253618839215,0.38449548832278
0.22079487316866492,0.39139234425881464,0.3878127825725207
0.20149169723053748,0.41450211372128465,0.38400618904817807
0.20528327891141143,0.42027628099829284,0.37444044009029587
0.2232242209431295,0.38866098783645264,0.38811479122041803
0.21317914104623922,0.3998987493484296,0.38692210960533124
0.2423575003715514,0.37913799403903903,0.37850450558940973
0.20094862489779194,0.4100566814851868,0.3889946936170212
0.18762082263996574,0.43051695756967656,0.38186221979035795
0.24303645198112334,0.37876012286140825,0.37820342515746863
0.1916944903454382,0.4201407785531477,0.38816473110141414
0.22517367417939424,0.3894808501842293,0.3853454756363769
0.19495722405086843,0.4241345305190416,0.3809082454300902
0.22489155238724945,0.39049043654754534,0.3846180110652052
0.18984297839170225,0.42938992385225927,0.38076709775603834
0.19907225005262755,0.41478050095457175,0.38614724899280095
0.20210173714444388,0.4148946901637787,0.3830035726917773
0.22504770484637027,0.38649727964771174,0.3884550155059181
0.23345625807612805,0.3812253983418909,0.385318343581981
0.2362635609479102,0.38068850688458566,0.38304793216750466
0.2423759574451617,0.3790353148380403,0.378588727716798
0.21299606161064946,0.407053188985221,0.37995074940412965
0.19161901524362443,0.4233570124259879,0.38502397233038793
0.2188022756241158,0.3928927438504689,0.3883049805254155
0.20422576131663706,0.411792976803402,0.3839812618799612
0.221029897822629,0.3928687154276356,0.3861013867497355
0.24384652902900963,0.3789314893440762,0.37722198162691434
0.24078213684746508,0.3792516827759034,0.37996618037663177
0.24868654444666366,0.3778789867175445,0.373434468835792
0.24355369599298438,0.37875723869075656,0.37768906531625945
0.24752173966515797,0.37748902387559624,0.37498923645924587
