x,y,z
0.24140157930806616,0.3792824832231438,0.3793159374687903
0.24374983358376087,0.3785830572345774,0.3776671091816619
0.23122637220335804,0.38415748180053805,0.3846161459961039
0.18674060415058813,0.4300665937796303,0.3831928020697817
0.23517013415330948,0.3814137958059163,0.38341607004077427
0.22057481607525806,0.3919284648194501,0.38749671910529204
0.23450306768633108,0.38239823659352745,0.38309869572014166
0.23806921527979633,0.3803586556808588,0.381572129039345
0.23325740168592507,0.3825195839574746,0.38422301435660056
0.19500756959682322,0.41650705927307463,0.38848537113010234
0.2197283509887856,0.39068441206389626,0.38958723694731834
0.186596320545294,0.43209525855283526,0.3813084209018712
0.23837201279539777,0.3800434878937061,0.3815844993108961
0.2144905300868623,0.4034807495786884,0.3820287203344495
0.236740021616609,0.380295371502297,0.3829646068810941
0.19298721796528473,0.4252758793393674,0.3817369026953481
0.23990979392868142,0.37962584970582647,0.38046435636549214
0.22860435088801623,0.3849132031666873,0.38648244594529657
0.2406958670240446,0.3793029263210285,0.380001206654927
0.18893293257682248,0.4274241308899642,0.3836429365332136
0.2035716947856459,0.4113596483546089,0.38506865685974545
0.22851999076914303,0.38478408564577604,0.3866959235850811
0.23242872608392018,0.3832105046302542,0.3843607692858258
0.1980018133481304,0.4233459712127603,0.37865221543910943
0.20519215397434806,0.40784210733571513,0.3869657386899371
0.2418674435560062,0.37893342603763414,0.37919913040635966
0.1917607509376225,0.4286040748101563,0.3796351742522214
0.2020390360210689,0.42025980159255794,0.3777011623863734
0.24334889043606567,0.37866186991823364,0.37798923964570064
0.2056702215349838,0.40771985539854183,0.3866099230664744
0.23925609854193253,0.38011059135872566,0.3806333100993422
0.18805490350303297,0.43066784307160133,0.3812772534253658
0.2393072822165556,0.38008477888142517,0.3806079389020195
0.2435015540327931,0.37858010993307745,0.37791833603412966
0.19595365454758226,0.42614860243244146,0.37789774301997636
0.2255180002315179,0.38642940652968766,0.38805259323879476
0.2041764720210636,0.4119320902900029,0.38389143768893363
0.22958934785815363,0.3850411244552059,0.38536952768664057
0.188551723339029,0.4273803021365152,0.3840679745244558
0.247227912399781,0.37745904698101934,0.37531304061919973
0.21511921090902392,0.39376521519162844,0.39111557389934776
0.1953307275392686,0.42562520300447515,0.37904406945625635
0.19902576903457384,0.42197403959625346,0.379000191369173
0.2083167944675136,0.40725146770394854,0.3844317378285378
0.2008359881117758,0.41911799339645484,0.38004601849176967
0.23974292100081543,0.3804175204677678,0.379839558531417
0.21306044157939497,0.39910772709869335,0.3878318313219118
0.2192632159091846,0.3919489543792103,0.3887878297116052
0.24272197192517053,0.37892839979069337,0.3783496282841362
0.24366406295886037,0.3786177317694696,0.37771820527167027
0.22726851697972272,0.38577381162025337,0.3869576714000242
0.244674977416183,0.3781475789788237,0.37717744360499345
0.19944878677209707,0.4198841582569359,0.38066705497096737
0.1934174409824704,0.42800322144126823,0.3785793375762617
0.19684641486636692,0.41934061651070653,0.3838129686229268
0.22750029708603084,0.38510788365116255,0.38739181926280675
0.18114075697557477,0.43347419856551817,0.3853850444589073
0.23908982538498472,0.37956178898163573,0.3813483856333797
0.21813787250142858,0.3941912215567387,0.3876709059418329
0.21740903659881344,0.4035437156939688,0.37904724770721826
0.20382955318011317,0.41521966121547504,0.3809507856044117
0.23997533753184552,0.3798565278685937,0.38016813459956117
0.2108098865318358,0.40152073291534635,0.38766938055281824
0.22649412506055178,0.3874600083475559,0.38604586659189233
0.20811470929509668,0.40961478898167747,0.3822705017232261
0.20231704413365237,0.40949433587574613,0.3881886199906015
0.2431139270942048,0.37838869952560106,0.3784973733801945
0.2283791094992614,0.3890206261388657,0.3826002643618729
0.22595163980078706,0.3872165313139173,0.38683182888529555
0.18743841584064505,0.4240680151353499,0.388493569024005
0.21120591329260974,0.40824301215339065,0.38055107455399984
0.20367389346588233,0.4061653369562255,0.3901607695778922
0.23902980765617504,0.3800480627153191,0.38092212962850625
0.1958645729745218,0.42314673156291344,0.380988695462565
0.23042039388315616,0.38419727838129336,0.3853823277355506
0.22408734183187037,0.3869692179470206,0.3889434402211095
0.21897195333206448,0.39111665095950593,0.3899113957084297
0.19147306683387122,0.4265590784865565,0.38196785467957267
0.2052924888894122,0.4049457574321589,0.38976175367842925
0.19348358961481282,0.42571533206838785,0.38080107831679966
0.24503775001001057,0.3785085326660987,0.376453717323891
0.23270057784557768,0.38362724105481766,0.38367218109960477
0.21842903945424944,0.39890020017843764,0.3826707603673132
0.20356691976099003,0.4108579791681253,0.3855751010708848
0.19196156642849488,0.4288299291903432,0.37920850438116216
0.21722785043642168,0.39446412426837646,0.38830802529520203
0.19612532316467757,0.4208766995857235,0.38299797724959916
0.21888673369439357,0.39358526992375864,0.38752799638184765
0.20005751997107438,0.41478781822933236,0.38515466179959346
0.23873595826174931,0.3800440292625401,0.3812200124757107
0.23545673523296617,0.38179308768650677,0.38275017708052705
0.21610005769659849,0.3944831711699971,0.3894167711334046
0.21492188551832014,0.39710681754256977,0.3879712969391102
0.2105224732954259,0.40591016019145126,0.383567366513123
0.19544023067588806,0.4266141771539094,0.3779455921702024
0.18513009998146515,0.4323566822284914,0.3825132177900438
0.23387085519614184,0.38251557831148353,0.3836135664923748
0.19962538992888135,0.41610318545451513,0.3842714246166037
0.23106495950162562,0.3842855769587882,0.3846494635395864
0.24109938295228595,0.3796465260791535,0.3792540909685607
0.19692619324594848,0.4231165226821688,0.379957284071883
0.22669069983976886,0.3869740296482723,0.38633527051195865
0.19615698474685567,0.4204552432280466,0.3833877720250979
0.2051913062842272,0.40719862931726414,0.38761006439850876
0.20719877855246194,0.4032428128259786,0.38955840862155966
0.22152638152835222,0.3927639580811581,0.3857096603904897
0.23430096934396114,0.3819264720087552,0.38377255864728393
0.19706522213286426,0.42127668132491114,0.3816580965422247
0.24373025181953736,0.37876351004057185,0.3775062381398909
0.20904266356385381,0.4054321946600289,0.3855251417761177
0.21256436054291308,0.3996886718959668,0.38774696756112026
0.1959493837014493,0.4226158867463431,0.3814347295522078
0.21499661261992536,0.40144095897617216,0.38356242840390264
0.2236117856879733,0.3921396593551387,0.38424855495688803
0.22733786427144337,0.3854217329123615,0.3872404028161953
0.21812921506830862,0.3936391618998769,0.3882316230318147
0.19562997582991135,0.4203108706803979,0.3840591534896908
0.21386954859100596,0.39889361984808414,0.38723683156091016
0.21896099818239345,0.39746094293210965,0.3835780588854972
0.22689163045840172,0.3887006409374797,0.38440772860411887
0.22539772236213879,0.3859049129165545,0.38869736472130667
0.18748252526128445,0.43230587969441236,0.38021159504430346
0.20101229876234383,0.4153927509520884,0.3835949502855678
0.20378586822381417,0.4054737985931499,0.3907403331830357
0.1928517081311481,0.4284431486100604,0.37870514325879173
0.20689727190876417,0.40126667613588796,0.3918360519553481
0.20235114987906605,0.4080539425460629,0.3895949075748716
0.19329923408917957,0.42009535541979837,0.38660541049102204
0.19714815007134398,0.42602555794146607,0.3768262919871901
0.21717996075408263,0.39253478418493293,0.39028525506098466
0.20445876024315623,0.41520966409177473,0.38033157566506903
0.197159781728721,0.42130595916934505,0.381534259101934
0.24324484402786303,0.37882391916945446,0.3779312368026825
0.1915152195500579,0.4296990039815425,0.3787857764683999
0.2111830669371274,0.40244125080474824,0.3863756822581247
0.20877348975946664,0.4013835166061601,0.3898429936343734
0.21010487564519953,0.40484877903890315,0.38504634531589754
0.24498209561877138,0.37842733853950616,0.3765905658417229
0.2360616229104631,0.38147735210452727,0.3824610249850098
0.202045852889977,0.414139297355953,0.38381484975407004
0.2081256130474091,0.40747760984082837,0.3843967771117628
0.24603101184019716,0.3783734752392294,0.3755955129205735
0.2446335150591892,0.3781485316343469,0.3772179533064641
0.20646270383013832,0.40129411142921656,0.39224318474064535
0.19459987151156194,0.4273920729906078,0.37800805549783056
0.22116147176819184,0.39801652165074897,0.3808220065810597
0.1901596302823445,0.4284165617588235,0.38142380795883224
0.247487446678193,0.37762933573461344,0.37488321758719395
0.212778166327924,0.40144737058692126,0.3857744630851551
0.2076099262965783,0.40878367975175156,0.3836063939516704
0.2371369493670662,0.3808043656522715,0.3820586849806626
0.20496811274128285,0.41666210500124257,0.37836978225747464
0.19164486350887056,0.42820238960832635,0.3801527468828031
0.24358620200023082,0.37859060506773173,0.37782319293203775
0.2105659999207596,0.39859392752621214,0.3908400725530282
0.2291828397354859,0.3847672239932481,0.38604993627126616
0.2195633873223904,0.39579907549901033,0.3846375371785994
0.2009116006741209,0.4168582886735327,0.3822301106523467
0.21127900244478937,0.4077833243243414,0.38093767323086947
0.21341212883711144,0.39795532642559367,0.38863254473729525
0.21371179343730637,0.4022227024851026,0.3840655040775911
0.24217797385021683,0.3791268357469466,0.37869519040283683
0.2078435840848936,0.40867278737239665,0.3834836285427099
0.19219095466568928,0.41777084504549045,0.3900382002888204
0.22736924947839834,0.3859870455998842,0.38664370492171773
0.21498100223698133,0.39669983263007,0.38831916513294884
0.23036476954219612,0.3838938254987755,0.3857414049590287
0.24356851645154004,0.3785062511228847,0.3779252324255755
0.23645197591716718,0.3808642800314083,0.3826837440514247
0.22589292151631252,0.38737102098614307,0.3867360574975446
0.20315584251372232,0.4137904484504483,0.3830537090358296
0.2260958607105308,0.3875801502327829,0.3863239890566866
0.22457763914604417,0.3862290410490845,0.38919331980487154
0.19913258080981705,0.4209585666982395,0.3799088524919435
0.20251753270686662,0.41053445159586166,0.38694801569727205
0.20547139463084246,0.40877932410890205,0.3857492812602556
0.2352522458365879,0.3812628494835125,0.3834849046798998
0.23251949430347751,0.3840788280487256,0.3834016776477969
0.24393661328935287,0.3786329305159973,0.3774304561946501
0.2309909714618307,0.3855977769929808,0.38341125154518874
0.2408546666524941,0.3794435112738133,0.3797018220736927
0.22555676724135906,0.3864643742646813,0.3879788584939597
0.20517146713998752,0.40401786788008603,0.39081066497992667
0.2440083744740417,0.3786472978443228,0.3773443276816356
0.1930885514000552,0.42313034951234896,0.38378109908759617
0.19032633840385155,0.42836285396056994,0.3813108076355789
0.2036773718684511,0.41652485997686517,0.3797977681546838
0.20744309911603384,0.39970459478185716,0.3928523061021092
0.19807243385728798,0.4222056806359135,0.37972188550679864
0.19588195831850053,0.4170155216059255,0.38710252007557433
0.23155844382387014,0.3854720581128688,0.3829694980632612
0.24149074266776654,0.3790526336647838,0.37945662366745
0.23764362013957233,0.38040976508180135,0.3819466147786265
0.2368653141631925,0.3811204916970965,0.3820141941397111
0.22759882619415542,0.3859244642625426,0.3864767095433024
0.1992152861583061,0.4116137174254748,0.3891709964162193
0.1972224012813037,0.41268916928191957,0.39008842943677713
0.23952412685436006,0.38031661092362024,0.38015926222202
0.2188029596183087,0.38983093799042456,0.3913661023912669
0.21130117481147379,0.4029273788469222,0.3857714463416043
0.19756821336822222,0.41693534720170894,0.38549643943006895
0.2383237482048637,0.3799101915887,0.38176606020643644
0.2217717004372822,0.39097455455109775,0.38725374501162013
0.2353875153192356,0.3809844303891994,0.3836280542915652
0.24029760873279005,0.37947359956964316,0.38022879169756685
0.221986947301037,0.39194135312259804,0.3860716995763653
0.2400662289240658,0.37945584866096876,0.3804779224149657
0.20987675445961332,0.4049412363173114,0.38518200922307577
0.1956395677991875,0.42137847343552015,0.3829819587652925
0.23538975454020097,0.38202681588921505,0.382583429570584
0.18641861405911644,0.42714658484253964,0.3864348010983443
0.2076165801045631,0.4058714407734317,0.38651197912200547
0.20542766790388464,0.42052840274381226,0.3740439293523036
0.1950287853250563,0.4265313356167668,0.3784398790581772
0.23573677623150682,0.3815262772976076,0.38273694647088563
0.2420945519835823,0.37919200313666857,0.3787134448797494
0.2036468707163676,0.41760003560838316,0.37875309367524934
0.22151727474531072,0.3886206854155583,0.38986203983913126
0.20378013284008953,0.4051898258191666,0.3910300413407441
0.19760626024061217,0.41928170772994117,0.3831120320294469
0.2102101307748317,0.4005603218956426,0.38922954732952597
0.19919056572758626,0.42282375647993253,0.3779856777924814
0.20132608777333294,0.4225428661226368,0.37613104610403036
0.24614850354881726,0.3779653455196685,0.37588615093151456
0.23303098180394397,0.382015440773823,0.3849535774222332
0.2319623538385564,0.3830100239092177,0.3850276222522261
0.20429899218320816,0.4171012122431801,0.378599795573612
0.21459176393499255,0.396992129961667,0.38841610610334065
0.2117803207130483,0.40177152625501145,0.3864481530319405
0.21695773812674712,0.3955856182216344,0.3874566436516187
0.20296271777343963,0.41281251501511335,0.3842247672114474
0.21540667555864682,0.39506143549752826,0.38953188894382496
0.20873812131358974,0.40224542481841663,0.3890164538679941
0.23180085173751522,0.38308069773760567,0.3851184505248792
0.24333140033476994,0.3786839542386622,0.37798464542656807
0.2303164803521579,0.3825724052370043,0.3871111144108379
0.19046580032787988,0.42998711000460454,0.3795470896675158
0.19876793685982957,0.41694872213338585,0.38428334100678485
0.21287052516990682,0.40216764646240466,0.3849618283676888
0.22683748190949926,0.38828059866874665,0.384881919421754
0.19244347605244985,0.42334489782595786,0.38421162612159243
0.19523303260737107,0.4223038360903598,0.3824631313022693
0.19259568910209196,0.4282019880313752,0.37920232286653294
0.1955040087036305,0.4227707741818224,0.3817252171145473
0.2085031773811919,0.4040951432367775,0.3874016793820309
0.2117459094971783,0.4107641037913691,0.37748998671145306
0.22786009668025325,0.3860485789586654,0.3860913243610815
0.19667912676200808,0.4231451940277213,0.3801756792102706
0.2426580876945072,0.37843889863911134,0.3789030136663818
0.23652010714730046,0.3811467716131637,0.3823331212395361
0.20252390272282045,0.416673499429123,0.3808025978480566
0.19671252182554572,0.41760938093055044,0.3856780972439041
0.21019123773231105,0.41628193698061444,0.3735268252870747
0.2288310151011705,0.3841972516065726,0.3869717332922572
0.23439063973241037,0.38161866718936127,0.3839906930782284
0.22096693246028315,0.3923418586641549,0.38669120887556213
0.23667971987747113,0.3819382573427951,0.3813820227797339
0.21779408901428843,0.39643548702000864,0.38577042396570305
0.18743785293286747,0.43095972791390585,0.3816024191532266
0.2244632864669819,0.3885360821567819,0.3870006313762364
0.2109056696841038,0.40295161240563104,0.38614271791026544
0.2335296405403053,0.3828336471365566,0.3836367123231383
0.19088513721640915,0.42412387012700314,0.38499099265658776
0.21925274076720702,0.39306136852997253,0.3876858907028208
0.22576602615721358,0.3882211839233935,0.38601278991939314
0.238676744603025,0.380072104641904,0.3812511507550711
0.21190773393118228,0.40298458795312575,0.38510767811569213
0.2152710069752703,0.3970162534566939,0.38771273956803587
0.18740383146096753,0.43030311730451465,0.3822930512345181
0.2360497334676293,0.3811905780565001,0.38275968847587105
0.20829965846696916,0.4048403010421955,0.38686004049083544
0.203017172141225,0.41264237318414576,0.3843404546746296
0.21718919963903857,0.39653552773033507,0.3862752726306266
0.18236096084457099,0.43209332491081826,0.3855457142446108
0.21706436529519071,0.39413067500316834,0.3888049597016412
0.22057810908738792,0.3952025132802527,0.3842193776323597
0.23801233721315557,0.38068035055103144,0.38130731223581327
0.22332397524197012,0.3891836201811516,0.38749240457687845
0.2414354334659877,0.3793067887119079,0.3792577778221047
0.22577146064103015,0.3887185639617863,0.3855099753971838
0.20760079260653413,0.4085904991192625,0.38380870827420366
0.20986435662950334,0.4006925006998865,0.3894431426706103
0.20728194078678988,0.4040287601061717,0.3886892991070386
0.23453720637419345,0.3820097596751266,0.3834530339506802
0.23671429022179513,0.3809911667409689,0.38229454303723615
0.2120873047103678,0.3992432359536168,0.3886694593360154
0.23961328182707112,0.37971198304801085,0.38067473512491795
0.21760868785481793,0.3988344610620247,0.3835568510831578
0.22160593540937018,0.3903545566546923,0.3880395079359375
0.22243955789402176,0.3928664712258082,0.3846939708801702
0.2116651898942609,0.4027982338752656,0.38553657623047344
0.23045503462800804,0.3843056063972707,0.3852393589747215
0.20395428479932715,0.4058209624688037,0.3902247527318694
0.2081763429254261,0.40968394389519835,0.382139713179376
0.2369980403702248,0.3810846411014257,0.3819173185283493
0.20001086447463381,0.424593727306563,0.37539540821880313
0.24182065981887782,0.37923515485032255,0.3789441853308
0.19184434042488802,0.4266640018784953,0.38149165769661686
0.19730748391919345,0.4164771398369816,0.386215376243825
0.20306377392436936,0.40637481125879976,0.39056141481683115
0.19621167117231414,0.41860241852632757,0.3851859103013584
0.2097614677176889,0.399744816120862,0.39049371616144934
0.24371174465425324,0.3788164681583661,0.37747178718738084
0.24204487569988395,0.3792299205932006,0.3787252037069154
0.242800410752098,0.3789712441017844,0.3782283451461178
0.21839868666381398,0.3907461414786356,0.3908551718575506
0.19160335471334838,0.4288937844483268,0.37950286083832485
0.20849124009382644,0.4078478521751012,0.38366090773107225
0.1904000523703056,0.4295457607413702,0.3800541868883244
0.21827991377755096,0.3931449109886172,0.3885751752338321
0.21614342659494465,0.3956450281181225,0.3882115452869328
0.19865762279532995,0.41721498041033944,0.3841273967943308
0.20963824374596407,0.4004271874565928,0.38993456879744304
0.22174903960279113,0.3956568287687733,0.38259413162843575
0.2073935788956184,0.40295997904519354,0.3896464420591883
0.24176424156863935,0.3792641859131346,0.3789715725182262
0.21537165980614456,0.39684936106038166,0.38777897913347414
0.21375342343770193,0.3979321181664317,0.38831445839586665
0.19856228864289624,0.4178644016979126,0.3835733096591911
0.23973231678802767,0.37956815648793113,0.3806995267240414
0.19136035897163492,0.42171199936567194,0.38692764166269344
0.2183235372486559,0.39384000958205545,0.3878364531692887
0.22416932974221032,0.39106448146645123,0.3847661887913387
0.23741867263463118,0.38017662408810793,0.3824047032772612
0.1879427644649521,0.43048504775391355,0.3815721877811348
0.2353599537175383,0.3822769695612134,0.3823630767212486
0.19379213430787542,0.4276997584254556,0.3785081072666693
0.1892691363382426,0.4255042684547094,0.3852265952070486
0.24627837162255772,0.37807566558940037,0.3756459627880422
0.23599197607918726,0.3816925772411362,0.382315446679677
0.1940828072467323,0.42142405590013315,0.3844931368531348
0.2252842274872589,0.38926680645072465,0.3854489660620164
0.2027071946784821,0.4202330506714851,0.37705975465003316
0.24028803727475784,0.3796320189015343,0.3800799438237081
0.20464587834686104,0.41940104732795225,0.375953074325187
0.20391203516506906,0.41823578513590964,0.3778521796990215
0.20918709844379746,0.40766542229306685,0.38314747926313597
0.2434388761728199,0.37881602244978096,0.3777451013773994
0.18160273417746403,0.4338180485662308,0.3845792172563051
0.1823642937871399,0.43397238394760573,0.38366332226525457
0.22711177860918214,0.38627448881697446,0.386613732573844
0.2293544766593582,0.38487961087523426,0.3857659124654076
0.21216590816993597,0.401174824025251,0.3866592678048132
0.20090473407971324,0.4128907349985333,0.38620453092175366
0.21901986453370403,0.3934493547376403,0.3875307807286559
0.19271529418914157,0.42795042908395053,0.37933427672690834
0.21511417278072717,0.39783718948591873,0.3870486377333546
0.18678428410531828,0.42751252351949554,0.38570319237518624
0.2444593672141655,0.37857009658041213,0.3769705362054225
0.22318917105668734,0.3877592992033345,0.38905152973997836
0.19050298881140368,0.4273422426254315,0.3821547685631651
0.2171380970293519,0.3928953539456208,0.3899665490250275
0.23392907273174204,0.38251480770117924,0.3835561195670787
0.22096233100702328,0.3929741291095423,0.3860635398834346
0.1869881832267898,0.43088928466591636,0.38212253210729386
0.24297399302995665,0.37887684163979485,0.37814916533024845
0.24294172844925327,0.3789409860679358,0.378117285482811
0.24768990284079567,0.37781977750361273,0.3744903196555918
0.2333011382593809,0.38357597648046093,0.38312288526015814
0.19257438855583917,0.4264895104153703,0.3809361010287908
0.2010375683473165,0.41736597921553265,0.3815964524371512
0.234122512431035,0.3814522130083155,0.38442527456064957
0.24150311327730753,0.37893504315782806,0.37956184356486466
0.2305675824813887,0.3848032999092995,0.38462911760931195
0.21118173321247194,0.40604380130864415,0.38277446547888416
0.20463145967843818,0.41334487744922327,0.3820236628723387
0.19229550273405238,0.4267193202612489,0.3809851770046988
0.2398657822425953,0.3794885078751268,0.38064570988227775
0.22123211941787302,0.3910984803036786,0.3876694002784483
0.21084398911438057,0.40168613190436575,0.38746987898125373
0.22575436279911532,0.3870608459757938,0.38718479122509103
0.24514495375811973,0.37839012690495333,0.3764649193369272
0.21388493765048008,0.3985876873278015,0.3875273750217186
0.19209205443834865,0.42746181645839376,0.3804461291032578
0.20107552208081964,0.4167577623944051,0.38216671552477555
0.1970768239996882,0.42621513791536847,0.37670803808494374
0.2185108578310845,0.3957305148426731,0.38575862732624266
0.21220432532109232,0.40314178988847127,0.3846538847904366
0.2052602213014047,0.40708460386630096,0.3876551748322944
0.21345084206870205,0.3999704036010968,0.3865787543302013
0.19417466764642316,0.4201644910165523,0.3856608413370246
0.2443039295277537,0.37859651425989294,0.37709955621235325
0.18602560222307038,0.431326848153486,0.38264754962344383
0.21409631089388362,0.4019692525086424,0.38393443659747417
0.2330439224358099,0.38449112972836774,0.3824649478358224
0.19654384668959135,0.41663476906838137,0.3868213842420273
0.1859086835632602,0.4313681456301365,0.38272317080660356
0.2409601702707602,0.379369375657337,0.3796704540719028
0.24258039788405608,0.37858611561422295,0.3788334865017211
0.1958459211178659,0.4244047582278033,0.37974932065433087
0.24487507017776142,0.37828621692028264,0.37683871290195614
0.2368275417624183,0.3816914004162342,0.3814810578213477
0.21596579000003757,0.3932297198930828,0.39080449010688
0.21062284003788356,0.3998976019885183,0.3894795579735981
0.20718685276913354,0.4187234569715681,0.3740896902592985
0.22820014682506712,0.38620411211113415,0.3855957410637988
0.199321692859297,0.4225407394129779,0.3781375677277254
0.19520570843198282,0.424689720731798,0.38010457083621935
0.1878246081285473,0.4305141587726313,0.38166123309882183
0.2471819077456865,0.3777927669373058,0.3750253253170079
0.19036399000687673,0.4290139992773574,0.38062201071576607
0.205064422904259,0.41230280381617673,0.38263277327956413
0.1941634939307465,0.4271638483732203,0.3786726576960336
0.20364621770887775,0.408065839571606,0.3882879427195164
0.20078600024134993,0.41855740177660095,0.3806565979820492
0.23784131152611582,0.38096484368861405,0.3811938447852702
0.20109065063651269,0.40875081404480584,0.39015853531868167
0.19293647397588234,0.4197896639467686,0.3872738620773496
0.23423827218159182,0.38133551749474165,0.3844262103236666
0.19399855460929827,0.42544559997166487,0.380555845419037
0.2458979667772303,0.37807088068115746,0.37603115254161246
0.18865123384604077,0.43183393760847316,0.3795148285454861
0.2124759664407443,0.39987807870492403,0.38764595485433173
0.19137515321049803,0.421740418897635,0.38688442789186694
0.2403098668230003,0.3798079881206383,0.3798821450563617
0.19093468052842033,0.4284170632797136,0.38064825619186615
0.24637334474814915,0.3777376190072434,0.37588903624460757
0.23478042475014257,0.38151273964815346,0.38370683560170415
0.2312466047658467,0.3842591277498012,0.38449426748435234
0.23996915399489158,0.37943531522110285,0.3805955307840058
0.19544630466322196,0.4229567306731832,0.3815969646635954
0.24407569412262906,0.3781681404333627,0.37775616544400825
0.1930364477650455,0.42820096247443873,0.3787625897605159
0.23527149598325145,0.38102309767066356,0.3837054063460852
0.2166914671982057,0.39695869817494894,0.3863498346268453
0.1955350275683088,0.4201672435080499,0.3842977289236414
0.23894062701065522,0.3800007782814927,0.3810585947078522
0.20870878251374475,0.4061313065475348,0.3851599109387207
0.2242017576002981,0.3890779625326647,0.3867202798670373
0.22401335635956754,0.3901383915242631,0.38584825211616963
0.24023980598189637,0.3794254589887631,0.380334735029341
0.24210113521133847,0.379099282816145,0.37879958197251695
0.23586437501320212,0.3823010191411408,0.3818346058456572
0.2395629955392418,0.37996885944067216,0.38046814502008636
0.19473929842269563,0.41334730475883114,0.39191339681847326
0.20435750169200542,0.42045369130893895,0.3751888069990559
0.1942395117313242,0.41762127157455053,0.3881392166941255
0.22860854023890234,0.3849282088838015,0.38646325087729627
0.21450100203443073,0.39589078358264934,0.3896082143829202
0.21944560004872474,0.3949643125468658,0.38559008740440986
0.2301870046488426,0.38499030206012147,0.38482269329103613
0.20181466801235498,0.42065802582153533,0.37752730616611
0.24574403100337466,0.3776490383587082,0.37660693063791717
0.23463643778550616,0.3815986334376529,0.3837649287768412
0.23536662094780633,0.38131625033260974,0.3833171287195839
0.1952413303282633,0.4224378988468014,0.3823207708249357
0.21998453774366905,0.3904183605305849,0.3895971017257465
0.23263387449170084,0.38260070912551425,0.3847654163827852
0.19464085624444735,0.42294493256187615,0.3824142111936764
0.20532095282014004,0.411537121388246,0.38314192579161405
0.24175240066937403,0.37889871831723454,0.3793488810133918
0.19098232836001772,0.421110077819029,0.38790759382095336
0.2414290017519352,0.37911728010159207,0.3794537181464729
0.20446458732924516,0.41317060049356347,0.3823648121771917
0.24814088805397197,0.37728522789638086,0.37457388404964725
0.2408058275838441,0.3797383547092047,0.3794558177069514
0.2386052196951881,0.3799037871182168,0.3814909931865954
0.18433210265651231,0.42959192414781366,0.3860759731956743
0.2041129816086702,0.4084619070229344,0.3874251113683955
0.2319870590182423,0.3834559008005896,0.3845570401811681
0.1993364659548878,0.41807105498939845,0.3825924790557139
0.20099827606183782,0.41309451470117664,0.3859072092369856
0.2401016103911964,0.3798093582475296,0.38008903136127425
0.23366161141426448,0.38346940636766325,0.38286898221807236
0.24179192088645396,0.37941669749035,0.37879138162319637
0.2063410574391334,0.41418171996631953,0.37947722259454747
0.23504350588688414,0.3815864128051748,0.3833700813079412
0.19045309188072515,0.4154858905406411,0.3940610175786341
0.2297715169153812,0.38725055473916037,0.38297792834545874
0.2228624455621621,0.3872972790398597,0.3898402753979785
0.2390409798539355,0.37964450541404887,0.38131451473201583
0.22489772493209353,0.3883430361913444,0.3867592388765619
0.221223036495232,0.3914781954490214,0.3872987680557467
0.20705555411759025,0.4027198509923309,0.3902245948900793
0.2290052803026236,0.38442106811770527,0.38657365157967144
0.20960544099134637,0.40304142810433663,0.3873531309043172
0.19625359788386906,0.42095991721246945,0.3827864849036615
0.22691513012149594,0.3866725591263388,0.3864123107521652
0.21579410282555575,0.39854949399997214,0.38565640317447225
0.22862278895088414,0.38886938725836784,0.38250782379074844
0.20747132534149845,0.40628857179304045,0.38624010286546107
0.23377334635006017,0.382542489709624,0.38368416394031624
0.23335100194711786,0.38178302938579356,0.38486596866708866
0.24521056118218718,0.3781679596471069,0.37662147917070626
0.20202355881437303,0.41707847263558284,0.38089796855004443
0.2109394666211015,0.40239493649854086,0.3866655968803578
0.2347090161572769,0.3822586532392176,0.38303233060350583
0.22217878439078617,0.39136279294167364,0.3864584226675404
0.18688461445899648,0.4305356566877789,0.38257972885322467
0.24498796106465223,0.37816795810264214,0.37684408083270593
0.19708104612194563,0.4248797347764416,0.3780392191016127
0.21607818832657896,0.39932096120979943,0.3846008504636216
0.23697791779212954,0.38201347143802244,0.3810086107698484
0.2338059194507409,0.3836930169123929,0.38250106363686653
0.19055340361895187,0.42859228547884365,0.3808543109022049
0.2415442588445797,0.37897095201270736,0.3794847891427132
0.19689297386199242,0.4216033178065801,0.38150370833142766
0.22774014047286212,0.3846838203309572,0.3875760391961809
0.20575312918496969,0.41572857071463787,0.3785183001003924
0.2165408762389334,0.3957700467823696,0.38768907697869703
0.2336454082933995,0.3826331733056088,0.3837214184009917
0.20118875400114097,0.4133122424844618,0.3854990035143975
0.19083556191335552,0.4292987249995813,0.3798657130870632
0.24568471759360455,0.37823752880126393,0.3760777536051314
0.25141631328756414,0.3770661772259541,0.3715175094864821
0.18585037423784231,0.4297670934039265,0.3843825323582316
0.20349274861664154,0.4114422629530303,0.385064988430328
0.19794910986390857,0.424799135264026,0.37725175487206575
0.2056440604773846,0.4061571726609473,0.3881987668616683
0.22976308114101388,0.38633578700321136,0.38390113185577507
0.22730880086086863,0.38926471155755166,0.38342648758158016
0.20110546401425292,0.40902381368047747,0.38987072230526987
0.18709744792840374,0.4220938774272492,0.3908086746443473
0.21618811293657467,0.39211493392554003,0.39169695313788544
0.24139093651789123,0.37905333888643067,0.37955572459567843
0.2234793487800754,0.3922595330556341,0.38426111816429065
0.23649665128943376,0.38047961541165676,0.38302373329890943
0.18558314688763058,0.43275186503761087,0.38166498807475857
0.20701003431526763,0.40633061247502783,0.38665935320970485
0.22975101766348824,0.38470212066138854,0.38554686167512353
0.23729700016652328,0.38034697983944427,0.3823560199940328
0.19516087044189548,0.41842923298332374,0.3864098965747811
0.2430284998561583,0.3787573788637168,0.3782141212801255
0.23996146951539205,0.37981968604321964,0.38021884444138854
0.1968710763017542,0.4174221613029999,0.38570676239524593
0.2204382518273015,0.3904139566490099,0.3891477915236887
0.18435352006608996,0.43276237340939794,0.38288410652451255
0.18666332055107818,0.42762888785796993,0.38570779159095214
0.23811734622760664,0.380031669427773,0.38185098434462056
0.21572875649497675,0.40171215417443107,0.38255908933059257
0.2077914953344037,0.4094557381199504,0.3827527665456461
0.24706197311231953,0.37776386421543134,0.37517416267224923
0.1936706982469306,0.42553638570632696,0.3807929160467425
0.1934314198924666,0.4215815161025377,0.3849870640049958
0.22092020943169904,0.389831916175541,0.38924787439276015
0.24062348313390947,0.3804782422039026,0.3788982746621881
0.24396354201741596,0.378403737421956,0.3776327205606283
0.20135482467987023,0.4216612004490181,0.3769839748711119
0.22860582371758564,0.38730673279477656,0.3840874434876381
0.2168393153767611,0.39423132040400943,0.3889293642192294
0.24020032233051106,0.37948113512791615,0.3803185425415728
0.18698406834538248,0.4303371122203081,0.38267881943430976
0.20461132942112187,0.40551923402311363,0.3898694365557649
0.204709848434422,0.41644772218036946,0.37884242938520896
0.21218000657126881,0.39989832914886847,0.38792166427986313
0.20133396217297356,0.41625155586293383,0.38241448196409267
0.19940236964586674,0.4220872704826857,0.3785103598714478
0.22697213153679563,0.3880552297645379,0.3849726386986667
0.2246471216080196,0.3879252217916971,0.3874276566002838
0.19511754098102269,0.4213053311516165,0.38357712786736115
0.2319340144135684,0.38336087809933694,0.384705107487095
0.23462910310669596,0.3823640522583328,0.38300684463497164
0.2214839081769771,0.39188176224834315,0.38663432957467975
0.2346822017236839,0.3833966478166918,0.3819211504596244
0.18788213275873034,0.42831469272408207,0.38380317451718804
0.19960281561883345,0.4184774117291614,0.3819197726520051
0.23334160129402198,0.3825765766577459,0.38408182204823227
0.21308230444529064,0.3958649046483608,0.39105279090634865
0.23730625059817606,0.3811250931254255,0.3815686562763989
0.19395841990025858,0.42550325328595723,0.3805383268137845
0.22297826283346903,0.3888356102784189,0.38818612688811216
0.18851560306568957,0.42871960416563926,0.3827647927686715
0.1855553157308251,0.43093577694083773,0.38350890732833753
0.21934733626038974,0.3923049352101558,0.38834772852945487
0.1914328900218144,0.42963413408257023,0.3789329758956156
0.19364270424567598,0.4290272573213072,0.37733003843301693
0.24437028973400798,0.37866407958071,0.37696563068528216
0.24391057183614945,0.3784196464299955,0.37766978173385524
0.20106548027171744,0.4094412881240825,0.3894932316042002
0.201703397957024,0.4158473259665682,0.382449276076408
0.22178828691648028,0.39210908877929435,0.3861026243042255
0.19649699061075124,0.42438129828960336,0.37912171109964576
0.2018684948100687,0.4224734606916313,0.37565804449830004
0.23679123536074087,0.38027571795291504,0.3829330466863444
0.24105006168500198,0.37922364057731917,0.37972629773767913
0.24234974445015636,0.37929686357814385,0.3783533919717002
0.24443272233381894,0.3780331553289442,0.37753412233723727
0.19254169382347225,0.4263307476980968,0.38112755847843116
0.20958152999245072,0.4071350608971659,0.3832834091103833
0.20092145231247888,0.41398760015151304,0.38509094753600837
0.2073570614206532,0.4076482591055247,0.3849946794738224
0.229951758038096,0.38327472567889365,0.38677351628301043
0.22301864249144826,0.3902562749752394,0.38672508253331245
0.21901692569482423,0.3918295945411109,0.38915347976406534
0.17874872659900992,0.43286484562009353,0.3883864277808966
0.1944282041437858,0.42405354311187665,0.3815182527443377
0.2143595786213554,0.39971344189907565,0.3859269794795691
0.22378599081761438,0.39066499036056873,0.385549018821817
0.19224223140588348,0.4278727749131599,0.37988499368095674
0.2422006803132842,0.3790924719334292,0.37870684775328695
0.22107896640009927,0.3898871866931964,0.3890338469067046
0.2410528600118135,0.3792957428767428,0.3796513971114438
0.22017982186323123,0.3926828804497325,0.3871372976870364
0.2072062857887199,0.4058269263561072,0.38696678785517313
0.19615265976409077,0.4253445134453318,0.37850282679057784
0.20588037849991658,0.40791001110702807,0.38620961039305557
0.20175329160747668,0.41255436769725407,0.38569234069526964
0.2091489732165079,0.41096477341226034,0.3798862533712318
0.2267477244070246,0.3867845875580802,0.38646768803489523
0.18894608616300393,0.42772049687113084,0.38333341696586537
0.22237887840940215,0.3905421346306175,0.38707898695998044
0.23201376745715954,0.3831797086074774,0.3848065239353634
0.23426991570218195,0.3814569517381772,0.38427313255964096
0.2395097499792149,0.3798626473532435,0.38062760266754186
0.21438382033530443,0.40264032324295657,0.38297585642173915
0.23769321547647154,0.3801221037305782,0.3821846807929506
0.23668696173241086,0.38034128664851935,0.3829717516190697
0.23772662647187695,0.38015351588081137,0.3821198576473117
0.20240625666382012,0.4146623653433468,0.3829313779928335
0.22650654136117887,0.388372221162319,0.38512123747650234
0.22856701287255668,0.38513869282453694,0.3862942943029066
0.2113525135423226,0.40373102404366984,0.3849164624140079
0.23096623031291627,0.3825029186974306,0.38653085098965323
0.2083977904650816,0.4030349905784252,0.3885672189564936
0.2093576960858296,0.40129231764184675,0.38934998627232376
0.23472131196247717,0.3831018692360512,0.3821768188014717
0.23870136749626789,0.3798642252510752,0.3814344072526571
0.19428944950921526,0.4241876904273082,0.3815228600634768
0.2046649039660767,0.419882290391562,0.3754528056423616
0.224891466740305,0.3888523071144815,0.38625622614521354
0.24500776690615825,0.37859918564453093,0.3763930474493109
0.1978746632801948,0.4237831665832429,0.37834217013656257
0.23120013285992144,0.38463349752583653,0.38416636961424233
0.1922232794697754,0.42760804662491736,0.3801686739053077
0.21188743150402878,0.40336646609184024,0.38474610240413154
0.2211488434303776,0.38777278341222354,0.3910783731573993
0.23608175474591375,0.38132829573283444,0.38258994952125214
0.23301264058286122,0.3815210797528452,0.3854662796642937
0.18566877782815713,0.4289118794661361,0.3854193427057069
0.22965176105745416,0.38475889013956593,0.38558934880298024
0.20941814133363187,0.41235526585301463,0.3782265928133538
0.19906628742520824,0.42499906124558895,0.375934651329203
0.2401342037351675,0.3797206343678431,0.3801451618969898
0.2178783937985664,0.39613022323000097,0.38599138297143243
0.19420553090054377,0.42379527133664896,0.3819991977628071
0.23642180412554684,0.3817637120929104,0.38181448378154303
0.24025374582587417,0.3796934526476124,0.380052801526514
0.18776395022479458,0.43241741828499813,0.3798186314902072
0.18720736494748222,0.4279951459246591,0.384797489127859
0.24448167102799598,0.3780104314877294,0.3775078974842747
0.19608787013121656,0.42764056387599103,0.3762715659927923
0.24245126790665758,0.37938856960310574,0.3781601624902372
0.24720975299461645,0.3776577513509214,0.3751324956544623
0.24697304417143429,0.37795986446527563,0.3750670913632904
0.18963462333169362,0.4291779595288987,0.38118741713940796
0.21813373985974954,0.39805588327873276,0.38381037686151764
0.2352888606078996,0.38173317001652707,0.3829779693755735
0.19234408521112847,0.42319890970631985,0.3844570050825519
0.20989395403034958,0.40755758550756727,0.3825484604620836
0.24266234043625648,0.37933246224405925,0.3780051973196844
0.19153123230010208,0.4248680516181643,0.3836007160817335
0.21801086262496033,0.3949109149962181,0.3870782223788215
0.1899301651277724,0.42877326948288375,0.3812965653893441
0.24121547215425138,0.3791699410531819,0.3796145867925672
0.19450754929297662,0.4228878570702396,0.3826045936367839
0.194707649847731,0.4252414819110376,0.38005086824123163
0.2161989563490962,0.39669792580073404,0.3871031178501698
0.21142563126403507,0.4042671820702701,0.3843071866656952
0.1948661399633468,0.42006356712571286,0.38507029291094075
0.20905498076787055,0.406564766501703,0.38438025273042664
0.21373992623823015,0.39917979509470025,0.3870802786670696
0.2180772337144759,0.39815889254543724,0.3837638737400869
0.20400468356187265,0.4076037054962942,0.3883916109418337
0.2137271939311557,0.39426712376464434,0.3920056823041998
0.243939485105053,0.3783067470224653,0.3777537678724817
0.18892982329239813,0.42895419025922826,0.38211598644837375
0.2322114453776508,0.3825010207141252,0.38528753390822423
0.19436600182749,0.4235021557955269,0.3821318423769833
0.21174107745394885,0.40268013110625933,0.38557879143979207
0.18859727381005142,0.4314591741558256,0.379943552034123
0.1980119244631041,0.4259858393494167,0.37600223618747947
0.21298759942771928,0.3949966682171204,0.39201573235516063
0.23995620811016247,0.3798897564923227,0.3801540353975148
