x,y,z
0.548126679820787,0.24140157930806616,0.2104717408711472
0.551371432953366,0.24374983358376087,0.20487873346287333
0.5507942743378123,0.23122637220335804,0.21797935345882954
0.5630604699853555,0.18674060415058813,0.2501989258640564
0.5599582208970432,0.23517013415330948,0.20487164494964719
0.5521710331610155,0.22057481607525806,0.22725415076372638
0.5470479411539596,0.23450306768633108,0.21844899115970937
0.5551059118994944,0.23806921527979633,0.20682487282070913
0.557066904155532,0.23325740168592507,0.20967569415854326
0.565672948859605,0.19500756959682322,0.23931948154357216
0.5633101188821833,0.2197283509887856,0.2169615301290309
0.5600554516469682,0.186596320545294,0.2533482278077382
0.5561599754071116,0.23837201279539777,0.20546801179749044
0.5366180515258573,0.2144905300868623,0.24889141838728063
0.5641480272357887,0.236740021616609,0.1991119511476022
0.5547684850923389,0.19298721796528473,0.2522442969423766
0.5552764071607763,0.23990979392868142,0.2048137989105424
0.5588419929945695,0.22860435088801623,0.21255365611741414
0.5553335479082588,0.2406958670240446,0.20397058506769672
0.5616499454856172,0.18893293257682248,0.24941712193756016
0.55167581733357,0.2035716947856459,0.24475248788078455
0.5617223858343172,0.22851999076914303,0.20975762339654
0.5537178416937382,0.23242872608392018,0.21385343222234154
0.5454908402974497,0.1980018133481304,0.25650734635442
0.5547724296162553,0.20519215397434806,0.2400354164093967
0.5512557987833017,0.2418674435560062,0.20687675766069205
0.5527686479713254,0.1917607509376225,0.2554706010910521
0.5400283969378342,0.2020390360210689,0.2579325670410969
0.5492661035456785,0.24334889043606567,0.2073850060182557
0.553577328086056,0.2056702215349838,0.2407524503789601
0.5492332180856974,0.23925609854193253,0.21151068337237044
0.558729445996527,0.18805490350303297,0.2532156505004398
0.5487764487334833,0.2393072822165556,0.2119162690499614
0.5502857825506198,0.2435015540327931,0.20621266341658706
0.54639588765917,0.19595365454758226,0.25765045779324774
0.5636667119857308,0.2255180002315179,0.21081528778275133
0.548648774311747,0.2041764720210636,0.24717475366718947
0.5523862194941959,0.22958934785815363,0.21802443264765042
0.5627116729332821,0.188551723339029,0.2487366037276886
0.5442039211121674,0.247227912399781,0.20856816648805118
0.5675593644686684,0.21511921090902392,0.21732142462230777
0.5486420099039492,0.1953307275392686,0.2560272625567822
0.5450435140188699,0.19902576903457384,0.25593071694655667
0.5465064244311086,0.2083167944675136,0.2451767811013777
0.5449480112674601,0.2008359881117758,0.2542160006207641
0.5361218060618939,0.23974292100081543,0.22413527293729085
0.5532689977461062,0.21306044157939497,0.2336705606744989
0.5580508282182627,0.2192632159091846,0.22268595587255263
0.5446127866820182,0.24272197192517053,0.21266524139281115
0.5474247444347863,0.24366406295886037,0.20891119260635344
0.5591837265058823,0.22726851697972272,0.21354775651439512
0.5514623754072492,0.244674977416183,0.20386264717656774
0.5472149521054731,0.19944878677209707,0.2533362611224301
0.5497152846529915,0.1934174409824704,0.2568672743645382
0.5548557615485898,0.19684641486636692,0.2482978235850433
0.5645253675055457,0.22750029708603084,0.2079743354084234
0.5717265060745356,0.18114075697557477,0.24713273694988988
0.562439561758946,0.23908982538498472,0.19847061285606937
0.5522106776663912,0.21813787250142858,0.22965144983218022
0.5280962549615528,0.21740903659881344,0.2544947084396342
0.5434919270703219,0.20382955318011317,0.25267851974956457
0.5539318464242491,0.23997533753184552,0.2060928160439058
0.5535594863709409,0.2108098865318358,0.23563062709722357
0.549836838460667,0.22649412506055178,0.22366903647878103
0.5421662844409944,0.20811470929509668,0.24971900626390903
0.5597377242240447,0.20231704413365237,0.2379452316423028
0.5576928322434196,0.2431139270942048,0.19919324066237576
0.5319920200469227,0.2283791094992614,0.23962887045381573
0.554585639377711,0.22595163980078706,0.2194627208215017
0.5717987911543253,0.18743841584064505,0.24076279300502954
0.5363170124797204,0.21120591329260974,0.25247707422767
0.5643345928319868,0.20367389346588233,0.23199151370213067
0.5541650891562088,0.23902980765617504,0.2068051031876165
0.5510811939908808,0.1958645729745218,0.25305423303459723
0.5554102029638442,0.23042039388315616,0.21416940315299957
0.5675154013862682,0.22408734183187037,0.20839725678186163
0.5642150283169645,0.21897195333206448,0.21681301835097094
0.5565427104636727,0.19147306683387122,0.25198422270245613
0.5623795732859682,0.2052924888894122,0.2323279378246197
0.5527066661932519,0.19348358961481282,0.2538097441919355
0.5456947057695958,0.24503775001001057,0.20926754422039373
0.547368579399932,0.23270057784557768,0.2199308427544903
0.5353108770722095,0.21842903945424944,0.246260083473541
0.5526913484376267,0.20356691976099003,0.24374173180138317
0.55200721737371,0.19196156642849488,0.25603121619779545
0.5548155089855504,0.21722785043642168,0.22795664057802795
0.5539287250388174,0.19612532316467757,0.2499459517965052
0.5517628536155611,0.21888673369439357,0.22935041269004508
0.5545677858589657,0.20005751997107438,0.24537469416995988
0.5580139531881031,0.23873595826174931,0.20325008855014784
0.5504979791370657,0.23545673523296617,0.21404528562996816
0.5595468439112535,0.21610005769659849,0.22435309839214815
0.5533798341175401,0.21492188551832014,0.23169828036413967
0.5429799539806195,0.2105224732954259,0.24649757272395453
0.5467631645262909,0.19544023067588806,0.25779660479782074
0.5633829159274397,0.18513009998146515,0.2514869840910952
0.5502316688271486,0.23387085519614184,0.2158974759767095
0.5531356813536797,0.19962538992888135,0.24723892871743908
0.5501627791795285,0.23106495950162562,0.21877226131884592
0.5456393642640036,0.24109938295228595,0.21326125278371025
0.548453270943103,0.19692619324594848,0.25462053581094846
0.5520161334720791,0.22669069983976886,0.22129316668815163
0.5547725040114158,0.19615698474685567,0.24907051124172888
0.5564311354958128,0.2051913062842272,0.2383775582199601
0.5609396943010304,0.20719877855246194,0.23186152714650768
0.5442921885702716,0.22152638152835222,0.23418142990137608
0.5592961898555964,0.23430096934396114,0.20640284080044247
0.5510041785079629,0.19706522213286426,0.25193059935917306
0.5428162710116052,0.24373025181953736,0.21345347716885718
0.5486149637202222,0.20904266356385381,0.2423423727159243
0.5531370431752051,0.21256436054291308,0.23429859628188185
0.5512074764293078,0.1959493837014493,0.2528431398692427
0.5397918583190554,0.21499661261992536,0.2452115290610194
0.5384112347533052,0.2236117856879733,0.23797697955872132
0.5620302237949707,0.22733786427144337,0.21063191193358613
0.554706682455956,0.21812921506830862,0.2271641024757354
0.5563535786812404,0.19562997582991135,0.24801644548884816
0.5510202749393269,0.21386954859100596,0.23511017646966714
0.5375083550769558,0.21896099818239345,0.24353064674065084
0.5401790925775655,0.22689163045840172,0.23292927696403312
0.5701652738542242,0.22539772236213879,0.20443700378363672
0.5574724501162656,0.18748252526128445,0.25504502462245027
0.5508788368706398,0.20101229876234383,0.24810886436701607
0.5660375742870293,0.20378586822381417,0.23017655748915608
0.5504200098999144,0.1928517081311481,0.2567282819689377
0.5688595863060715,0.20689727190876417,0.22424314178516444
0.5634377431846807,0.20235114987906605,0.23421110693625366
0.5632315006729945,0.19329923408917957,0.24346926523782586
0.5435072656421533,0.19714815007134398,0.25934458428650287
0.5646754961619093,0.21717996075408263,0.2181445430840084
0.5419732233743121,0.20445876024315623,0.2535680163825314
0.5507030202425494,0.197159781728721,0.25213719802872947
0.5506368917624588,0.24324484402786303,0.2061182642096782
0.5516725248297987,0.1915152195500579,0.2568122556201435
0.5495785112962891,0.2111830669371274,0.2392384217665838
0.5613413704013774,0.20877348975946664,0.22988513983915598
0.5467655239849014,0.21010487564519953,0.24312960036989892
0.5468599845565031,0.24498209561877138,0.20815791982472606
0.5483261682341923,0.2360616229104631,0.21561220885534482
0.5503438611634581,0.202045852889977,0.24761028594656476
0.5466104976409241,0.2081256130474091,0.24526388931166687
0.5399360762402102,0.24603101184019716,0.21403291191959253
0.5522222882705199,0.2446335150591892,0.203144196670291
0.5704455096522418,0.20646270383013832,0.22309178651761982
0.5476776846355679,0.19459987151156194,0.25772244385287035
0.5288621269528242,0.22116147176819184,0.24997640127898427
0.557061274812337,0.1901596302823445,0.2527790949053185
0.5426068466780612,0.247487446678193,0.2099057066437459
0.5470152371532876,0.212778166327924,0.24020659651878848
0.5452852444314008,0.2076099262965783,0.24710482927202088
0.55403456779122,0.2371369493670662,0.20882848284171399
0.5383319814788564,0.20496811274128285,0.256699905779861
0.5536737758292692,0.19164486350887056,0.25468136066186
0.5524135835585131,0.24358620200023082,0.20400021444125618
0.5647759375495084,0.2105659999207596,0.22465806252973194
0.5571841945248125,0.2291828397354859,0.21363296573970172
0.5405447161601679,0.2195633873223904,0.2398918965174418
0.548528836041888,0.2009116006741209,0.2505595632839914
0.53689695995859,0.21127900244478937,0.25182403759662053
0.5560460998279977,0.21341212883711144,0.230541771334891
0.5419324977629092,0.21371179343730637,0.24435570879978438
0.5474599436000752,0.24217797385021683,0.21036208254970792
0.544867964388301,0.2078435840848936,0.24728845152680534
0.5713426800817263,0.19219095466568928,0.23646636525258438
0.5560653412558081,0.22736924947839834,0.21656540926579404
0.5547043752386298,0.21498100223698133,0.23031462252438897
0.5588693445689573,0.23036476954219612,0.21076588588884693
0.5534789582064588,0.24356851645154004,0.20295252534200123
0.5584159931486489,0.23645197591716718,0.2051320309341841
0.5534451412147781,0.22589292151631252,0.2206619372689097
0.5479175351007952,0.20315584251372232,0.24892662238548247
0.5512020034337154,0.2260958607105308,0.22270213585575402
0.5717698611554637,0.22457763914604417,0.20365249969849208
0.5462519256887358,0.19913258080981705,0.2546154935014472
0.5565780959987687,0.20251753270686662,0.2409043712943649
0.5516445120036809,0.20547139463084246,0.2428840933654763
0.5599395407004678,0.2352522458365879,0.20480821346294437
0.5433179473621459,0.23251949430347751,0.22416255833437662
0.5444901534153552,0.24393661328935287,0.21157323329529207
0.5388703934745992,0.2309909714618307,0.23013863506357002
0.5515094489190693,0.2408546666524941,0.2076358844284365
0.5636810623062355,0.22555676724135906,0.21076217045240536
0.5657158292445297,0.20517146713998752,0.22911270361548264
0.5495520815909652,0.2440083744740417,0.20643954393499322
0.5580011558678659,0.1930885514000552,0.2489102927320789
0.5568160714998732,0.19032633840385155,0.25285759009627556
0.5416359590342767,0.2036773718684511,0.2546866690972716
0.5728620095945589,0.20744309911603384,0.21969489128940717
0.5470611881354841,0.19807243385728798,0.2548663780072279
0.5620412311421455,0.19588195831850053,0.2420768105393541
0.5370371023574599,0.23155844382387014,0.23140445381866975
0.5564030737619965,0.24149074266776654,0.20210618357023696
0.5573513430625704,0.23764362013957233,0.20500503679785712
0.5476199415901288,0.2368653141631925,0.21551474424667863
0.5560660940869823,0.22759882619415542,0.21633507971886234
0.5642479221039367,0.1992152861583061,0.23653679173775732
0.5678882224391827,0.1972224012813037,0.23488937627951362
0.5492268844611662,0.23952412685436006,0.2112489886844739
0.5740459937158227,0.2188029596183087,0.20715104666586873
0.5478295134443985,0.21130117481147379,0.24086931174412776
0.5574103840519956,0.19756821336822222,0.2450214025797822
0.5667746285903764,0.2383237482048637,0.19490162320475996
0.5517433032507437,0.2217717004372822,0.22648499631197375
0.5667622105894222,0.2353875153192356,0.19785027409134223
0.5535368492706906,0.24029760873279005,0.20616554199651926
0.5459633010407512,0.221986947301037,0.23204975165821193
0.5603503043853273,0.2400662289240658,0.19958346669060695
0.5472237342698175,0.20987675445961332,0.24289951127056916
0.5544667898956034,0.1956395677991875,0.2498936423052091
0.5471354524834172,0.23538975454020097,0.21747479297638178
0.5688496862186772,0.18641861405911644,0.24473169972220685
0.5520787538794973,0.2076165801045631,0.2403046660159398
0.5321050091228159,0.20542766790388464,0.26246732297329983
0.5479711041865545,0.1950287853250563,0.2570001104883894
0.5521895384611091,0.23573677623150682,0.21207368530738405
0.5506012385896036,0.2420945519835823,0.20730420942681416
0.5403239937477785,0.2036468707163676,0.256029135535854
0.5682195102517382,0.22151727474531072,0.210263215002951
0.5669442326670985,0.20378013284008953,0.2292756344928119
0.5527433060819485,0.19760626024061217,0.24965043367743958
0.5588431735278514,0.2102101307748317,0.23094669569731718
0.5435560461257145,0.19919056572758626,0.25725338814669946
0.5386362878666168,0.20132608777333294,0.2600376243600504
0.546422290119434,0.24614850354881726,0.20742920633174877
0.5670761474448702,0.23303098180394397,0.19989287075118586
0.559391162077653,0.2319623538385564,0.20864648408379055
0.5395881782431733,0.20429899218320816,0.25611282957361875
0.5551050113933839,0.21459176393499255,0.2303032246716236
0.5494661543265814,0.2117803207130483,0.23875352496037056
0.5512467609083193,0.21695773812674712,0.23179550096493365
0.5503744654801463,0.20296271777343963,0.24666281674641413
0.5598531015169677,0.21540667555864682,0.22474022292438542
0.5586243654206415,0.20873812131358974,0.23263751326576895
0.5585560081385217,0.23180085173751522,0.20964314012396312
0.552762982227677,0.24333140033476994,0.20390561743755334
0.5806254257337424,0.2303164803521579,0.18905809391409972
0.5537882542864718,0.19046580032787988,0.2557459453856485
0.5539626299690625,0.19876793685982957,0.247269433171108
0.5447198615719204,0.21287052516990682,0.24240961325817317
0.5427187849160356,0.22683748190949926,0.23044373317446482
0.5593799433471257,0.19244347605244985,0.2481765806004247
0.5538746709699301,0.19523303260737107,0.250892296422699
0.5510813191397961,0.19259568910209196,0.25632299175811196
0.552525782739174,0.1955040087036305,0.25197020855719554
0.5539189519888307,0.2085031773811919,0.23757787062997748
0.5305249399994983,0.2117459094971783,0.25772915050332373
0.5528919969316196,0.22786009668025325,0.21924790638812702
0.5486428041656528,0.19667912676200808,0.25467806907233886
0.5566794993140564,0.2426580876945072,0.20066241299143678
0.5493355631399459,0.23652010714730046,0.21414432971275388
0.5446130824537029,0.20252390272282045,0.25286301482347656
0.5585214974335224,0.19671252182554572,0.24476598074093198
0.5264458470261746,0.21019123773231105,0.26336291524151445
0.5657582228451243,0.2288310151011705,0.20541076205370537
0.5619075192707941,0.23439063973241037,0.20370184099679559
0.548503654132196,0.22096693246028315,0.230529413407521
0.5385889541741953,0.23667971987747113,0.22473132594833323
0.5448997530812625,0.21779408901428843,0.237306157904449
0.5598784207878772,0.18743785293286747,0.2526837262792551
0.5531336118758916,0.2244632864669819,0.22240310165712657
0.5490909164682611,0.2109056696841038,0.24000341384763507
0.5494252058416896,0.2335296405403053,0.2170451536180052
0.5622421203262028,0.19088513721640915,0.24687274245738816
0.5525357002129831,0.21925274076720702,0.2282115590198101
0.5485221847106496,0.22576602615721358,0.22571178913213696
0.5548687718747976,0.238676744603025,0.20645448352217727
0.5457282163797366,0.21190773393118228,0.24236404968908123
0.5523683353866603,0.2152710069752703,0.23236065763806918
0.5610877606374306,0.18740383146096753,0.2515084079016021
0.5550741372155167,0.2360497334676293,0.2088761293168542
0.5525658554596969,0.20829965846696916,0.23913448607333393
0.5505273412355729,0.203017172141225,0.24645548662320227
0.5468099232764146,0.21718919963903857,0.23600087708454698
0.5709465558146691,0.18236096084457099,0.2466924833407598
0.5570146763881036,0.21706436529519071,0.2259209583167056
0.538827552903645,0.22057810908738792,0.2405943380089672
0.5457530572058047,0.23801233721315557,0.21623460558103993
0.5543727488162467,0.22332397524197012,0.2223032759417834
0.5458323720710944,0.2414354334659877,0.2127321944629182
0.545419870807156,0.22577146064103015,0.228808668551814
0.5457199416903445,0.20760079260653413,0.2466792657031216
0.55967057959726,0.20986435662950334,0.23046506377323683
0.558255274540797,0.20728194078678988,0.23446278467241322
0.5537587199205125,0.23453720637419345,0.2117040737052942
0.5546069673248808,0.23671429022179513,0.20867874245332424
0.5564222583043419,0.2120873047103678,0.23149043698528993
0.5575507303253907,0.23961328182707112,0.20283598784753798
0.538166127000388,0.21760868785481793,0.2442251851447944
0.555947909149165,0.22160593540937018,0.2224461554414648
0.5401972663149569,0.22243955789402176,0.23736317579102142
0.5470294766543966,0.2116651898942609,0.24130533345134253
0.5544691649720015,0.23045503462800804,0.21507580039999058
0.5644009302388696,0.20395428479932715,0.23164478496180327
0.5419311831538781,0.2081763429254261,0.24989247392069602
0.5496237190004264,0.2369980403702248,0.21337824062934874
0.538944586100072,0.20001086447463381,0.2610445494252941
0.5541444445035354,0.24182065981887782,0.20403489567758726
0.5556560913198585,0.19184434042488802,0.25249956825525344
0.5590509675052024,0.19730748391919345,0.24364154857560388
0.5658189293320097,0.20306377392436936,0.23111729674362086
0.5579560933492693,0.19621167117231414,0.24583223547841643
0.5634737350733205,0.2097614677176889,0.22676479720899068
0.5399672340492974,0.24371174465425324,0.2163210212964492
0.5535223653848206,0.24204487569988395,0.20443275891529536
0.5475795969593977,0.242800410752098,0.20961999228850453
0.569332059817123,0.21839868666381398,0.21226925351906295
0.5527295509595611,0.19160335471334838,0.2556670943270904
0.5446909561716716,0.20849124009382644,0.24681780373450177
0.554745046684601,0.1904000523703056,0.2548549009450931
0.5564195550174337,0.21827991377755096,0.22530053120501548
0.5542647201995141,0.21614342659494465,0.22959185320554118
0.5538738697699799,0.19865762279532995,0.24746850743468998
0.5614466959113137,0.20963824374596407,0.22891506034272205
0.5332413848707133,0.22174903960279113,0.24500957552649572
0.5611467635109956,0.2073935788956184,0.23145965759338566
0.5540040719606669,0.24176424156863935,0.2042316864706936
0.5526035480852485,0.21537165980614456,0.2320247921086075
0.5548191940216797,0.21375342343770193,0.23142738254061868
0.55288077202504,0.19856228864289624,0.24855693933206358
0.5550509674732073,0.23973231678802767,0.2052167157387654
0.5653430902570501,0.19136035897163492,0.24329655077131543
0.5529933703499996,0.2183235372486559,0.2286830924013444
0.5406520976413396,0.22416932974221032,0.23517857261645017
0.5567332506353283,0.23741867263463118,0.20584807673004052
0.5593821380049419,0.1879427644649521,0.25267509753010636
0.5428738277925446,0.2353599537175383,0.22176621848991737
0.5492249090772522,0.19379213430787542,0.2569829566148726
0.5641210019453913,0.1892691363382426,0.24660986171636673
0.5404500768146123,0.24627837162255772,0.21327155156283026
0.5459591381629229,0.23599197607918726,0.2180488857578902
0.5584741975479954,0.1940828072467323,0.2474429952052727
0.5445412616033732,0.2252842274872589,0.23017451090936752
0.5386878581723494,0.2027071946784821,0.25860494714916893
0.5509655148268774,0.24028803727475784,0.20874644789836502
0.535573502974807,0.20464587834686104,0.2597806186783321
0.5385169599963778,0.20391203516506906,0.257571004838553
0.5430824270928066,0.20918709844379746,0.24773047446339597
0.5503394168069281,0.2434388761728199,0.20622170702025205
0.5700303319596255,0.18160273417746403,0.2483669338629103
0.5677823285600692,0.1823642937871399,0.24985337765279114
0.5554590844457657,0.22711177860918214,0.21742913694505267
0.5539298927478697,0.2293544766593582,0.21671563059277188
0.5498961970509632,0.21216590816993597,0.2379378947791009
0.5561148209519443,0.20090473407971324,0.24298044496834265
0.5517939815960621,0.21901986453370403,0.2291861538702341
0.5514761407784627,0.19271529418914157,0.25580856503239585
0.5500188971689864,0.21511417278072717,0.23486693005028675
0.567196304410387,0.18678428410531828,0.2460194114842946
0.5479241831361622,0.2444593672141655,0.2076164496496724
0.5657110139315409,0.22318917105668734,0.211099815011772
0.5579466468832961,0.19050298881140368,0.25155036430530037
0.5627945781250295,0.2171380970293519,0.22006732484561825
0.5511243682002362,0.23392907273174204,0.21494655906802176
0.545729264914113,0.22096233100702328,0.23330840407886388
0.5611286225119138,0.1869881832267898,0.2518831942612962
0.5520647745509684,0.24297399302995665,0.20496123241907477
0.5495292318892364,0.24294172844925327,0.20752903966150998
0.5394740660092869,0.24768990284079567,0.21283603114991742
0.5430388556126846,0.2333011382593809,0.22366000612793416
0.5539170472084587,0.19257438855583917,0.25350856423570217
0.5472179264598853,0.2010375683473165,0.25174450519279856
0.567608974734256,0.234122512431035,0.19826851283470887
0.5568380919391517,0.24150311327730753,0.2016587947835408
0.5476949139259076,0.2305675824813887,0.2217375035927037
0.5407653050680394,0.21118173321247194,0.24805296171948868
0.5447878110400636,0.20463145967843818,0.2505807292814982
0.5543519499459761,0.19229550273405238,0.2533525473199714
0.5603780218225973,0.2398657822425953,0.19975619593480706
0.5534850246919454,0.22123211941787302,0.22528285589018143
0.552934457195963,0.21084398911438057,0.23622155368965642
0.5564112066291371,0.22575436279911532,0.2178344305717476
0.5466049856966476,0.24514495375811973,0.20825006054523296
0.5519973912945417,0.21388493765048008,0.23411767105497833
0.553749996242342,0.19209205443834865,0.25415794931930935
0.5480955400607057,0.20107552208081964,0.25082893785847493
0.5434103281509535,0.1970768239996882,0.25951284784935846
0.5446864889511556,0.2185108578310845,0.2368026532177599
0.5443582798475652,0.21220432532109232,0.24343739483134252
0.5565099542921912,0.2052602213014047,0.23822982440640428
0.5490647887884891,0.21345084206870205,0.23748436914280885
0.5606339215362158,0.19417466764642316,0.24519141081736098
0.5368359107302396,0.2443039295277537,0.21886015974200634
0.5628103550160982,0.18602560222307038,0.2511640427608315
0.5412910358543118,0.21409631089388362,0.24461265325180462
0.5364120290628481,0.2330439224358099,0.23054404850134202
0.5608164253990631,0.19654384668959135,0.24263972791134547
0.5631155472820242,0.1859086835632602,0.2509757691547156
0.5573383956046837,0.2409601702707602,0.20170143412455604
0.5582417217612703,0.24258039788405608,0.1991778803546735
0.5488859284860638,0.1958459211178659,0.2552681503960703
0.5411103238211001,0.24487507017776142,0.21401460600113847
0.5406268031886766,0.2368275417624183,0.2225456550489051
0.5664468679332114,0.21596579000003757,0.21758734206675112
0.5596182669395535,0.21062284003788356,0.2297588930225627
0.5304610839850141,0.20718685276913354,0.26235206324585236
0.5494883597092867,0.22820014682506712,0.22231149346564597
0.5431721498015222,0.199321692859297,0.2575061573391809
0.5503957647295873,0.19520570843198282,0.2543985268384296
0.5596568530122029,0.1878246081285473,0.25251853885925013
0.5421953685506584,0.2471819077456865,0.210622723703655
0.5557115383231783,0.19036399000687673,0.25392447166994503
0.5454934285864096,0.205064422904259,0.24944214850933114
0.549137203670394,0.1941634939307465,0.25669930239885985
0.5591390763265037,0.20364621770887775,0.2372147059646184
0.546041918643063,0.20078600024134993,0.25317208111558687
0.5447498377314273,0.23784131152611582,0.21740885074245664
0.5656837133601368,0.20109065063651269,0.23322563600335064
0.5647571956347907,0.19293647397588234,0.2423063303893276
0.5671037040959117,0.23423827218159182,0.1986580237224964
0.5521570630027887,0.19399855460929827,0.2538443823879128
0.5454182331537551,0.2458979667772303,0.2086838000690145
0.5553905415860505,0.18865123384604077,0.2559582245679085
0.5528344469225057,0.2124759664407443,0.2346895866367501
0.5653109735155237,0.19137515321049803,0.2433138732739781
0.5407265806535595,0.2403098668230003,0.21896355252344027
0.555163358121755,0.19093468052842033,0.25390196134982473
0.5471726012962258,0.24637334474814915,0.2064540539556252
0.5589452709856803,0.23478042475014257,0.20627430426417714
0.5493201598312208,0.2312466047658467,0.21943323540293247
0.5590214709756189,0.23996915399489158,0.20100937502948968
0.5523900399646994,0.19544630466322196,0.252163655372079
0.5492447538468335,0.24407569412262906,0.2066795520305373
0.5503486616235509,0.1930364477650455,0.2566148906114037
0.5669925778978251,0.23527149598325145,0.19773592611892377
0.5471916125552669,0.2166914671982057,0.23611692024652706
0.5569434119128324,0.1955350275683088,0.24752156051885882
0.5601095288209044,0.23894062701065522,0.20094984416844047
0.5480399491102478,0.20870878251374475,0.24325126837600744
0.5509085261727494,0.2242017576002981,0.2248897162269525
0.5457827306255209,0.22401335635956754,0.23020391301491192
0.5613067362787424,0.24023980598189637,0.19845345773936146
0.5532303802731524,0.24210113521133847,0.20466848451550923
0.5397056290104255,0.23586437501320212,0.22442999597637253
0.5546408600306536,0.2395629955392418,0.20579614443010472
0.5741475149552066,0.19473929842269563,0.23111318662209784
0.5345502227616143,0.20435750169200542,0.2610922755463803
0.5655231179037304,0.1942395117313242,0.2402373703649454
0.559785682766834,0.22860854023890234,0.2116057769942634
0.5599911810778059,0.21450100203443073,0.2255078168877637
0.5439013990391198,0.21944560004872474,0.2366530009121557
0.5480547241327848,0.2301870046488426,0.22175827121837252
0.5402700936978804,0.20181466801235498,0.25791523828976465
0.550361320513786,0.24574403100337466,0.2038946484828391
0.5593934479251621,0.23463643778550616,0.2059701142893319
0.5617107167607912,0.23536662094780633,0.2029226622914026
0.5537412833601966,0.1952413303282633,0.25101738631154014
0.5636424696017427,0.21998453774366905,0.21637299265458854
0.5582616996960866,0.23263387449170084,0.2091044258122125
0.5544773616418868,0.19464085624444735,0.2508817821136655
0.5462882525363557,0.20532095282014004,0.248390794643504
0.5558076028038261,0.24175240066937403,0.20243999652680017
0.5676830371205711,0.19098232836001772,0.24133463451941103
0.5525988592291093,0.2414290017519352,0.2059721390189553
0.545420737319141,0.20446458732924516,0.2501146753516139
0.5408640890770958,0.24814088805397197,0.21099502286893215
0.5416953652061219,0.2408058275838441,0.21749880721003417
0.5578888679248324,0.2386052196951881,0.2035059123799798
0.5700620326037839,0.18433210265651231,0.2456058647397038
0.556687004756619,0.2041129816086702,0.2392000136347109
0.553342307451779,0.2319870590182423,0.2146706335299787
0.5505003733784857,0.1993364659548878,0.2501631606666266
0.5554815997635525,0.20099827606183782,0.24352012417460975
0.5508671724057087,0.2401016103911964,0.20903121720309534
0.541085547635131,0.23366161141426448,0.2252528409506043
0.5379357611805051,0.24179192088645396,0.2202723179330411
0.5387324760131805,0.2063410574391334,0.2549264665476866
0.558414131199596,0.23504350588688414,0.2065423629135199
0.5824578252277351,0.19045309188072515,0.2270890828915396
0.5346289062322697,0.2297715169153812,0.23559957685234936
0.5723238991828558,0.2228624455621621,0.2048136552549824
0.55634204169265,0.2390409798539355,0.20461697845341442
0.5521003311720365,0.22489772493209353,0.22300194389586978
0.5515822888462831,0.221223036495232,0.22719467465848506
0.5631485561579969,0.20705555411759025,0.229795889724413
0.5614626712229469,0.2290052803026236,0.2095320484744298
0.553197692556783,0.20960544099134637,0.23719686645187044
0.5534638395135595,0.19625359788386906,0.2502825626025713
0.5527038153166418,0.22691513012149594,0.22038105456186208
0.5452192879531805,0.21579410282555575,0.23898660922126383
0.5316519919076315,0.22862278895088414,0.23972521914148484
0.5514698432739158,0.20747132534149845,0.24105883138458528
0.5518606891263697,0.23377334635006017,0.21436596452357048
0.568020192308997,0.23335100194711786,0.19862880574388495
0.5481479732488088,0.24521056118218718,0.20664146556900415
0.5450786470234626,0.20202355881437303,0.2528977941621642
0.5505254088542076,0.2109394666211015,0.23853512452469092
0.5483244887601912,0.2347090161572769,0.2169664950825322
0.5478728360597709,0.22217878439078617,0.22994837954944314
0.5619190421057798,0.18688461445899648,0.2511963434352237
0.5498983029194937,0.24498796106465223,0.2051137360158543
0.5454323104192542,0.19708104612194563,0.25748664345879996
0.5419479581551312,0.21607818832657896,0.24197385351828973
0.5361061011314483,0.23697791779212954,0.22691598107642236
0.5381566912362706,0.2338059194507409,0.22803738931298842
0.5556792262423883,0.19055340361895187,0.25376737013866013
0.5574114744377549,0.2415442588445797,0.20104426671766534
0.5507683248326996,0.19689297386199242,0.2523387013053079
0.5681368568214877,0.22774014047286212,0.20412300270565029
0.5376503668480772,0.20575312918496969,0.2565965039669529
0.5521731505453605,0.2165408762389334,0.23128597321570582
0.5503891166603818,0.2336454082933995,0.21596547504621855
0.5543393847858535,0.20118875400114097,0.24447186121300557
0.5540605819386214,0.19083556191335552,0.255103856148023
0.5447595636330247,0.24568471759360455,0.2095557187733708
0.5311227987166998,0.25141631328756414,0.2174608879957362
0.5656577218593594,0.18585037423784231,0.2484919039027986
0.5517282452974588,0.20349274861664154,0.24477900608589953
0.5432429764248653,0.19794910986390857,0.2588079137112262
0.5577475258265997,0.2056440604773846,0.23660841369601554
0.5403152248595413,0.22976308114101388,0.2299216939994448
0.5355132236648442,0.22730880086086863,0.2371779754742875
0.5648953951310441,0.20110546401425292,0.233999140854703
0.5768826661145008,0.18709744792840374,0.23601988595709567
0.5718301649555478,0.21618811293657467,0.21198172210787747
0.5593655285351808,0.24139093651789123,0.19924353494692795
0.5384619838412116,0.2234793487800754,0.23805866737871298
0.5672802921891372,0.23649665128943376,0.19622305652142882
0.5615894204430734,0.18558314688763058,0.25282743266929597
0.5528618821238201,0.20701003431526763,0.24012808356091236
0.5540529451312391,0.22975101766348824,0.2161960372052727
0.5619061486521255,0.23729700016652328,0.20079685118135138
0.5612722696637389,0.19516087044189548,0.24356685989436586
0.5536684906508759,0.2430284998561583,0.2033030094929663
0.5553970486522762,0.23996146951539205,0.20464148183233175
0.5583395278986717,0.1968710763017542,0.2447893957995741
0.5611136332929838,0.2204382518273015,0.21844811487971474
0.5647365918374249,0.18435352006608996,0.2509098880964854
0.5670813756440026,0.18666332055107818,0.2462553038049193
0.561588494365998,0.23811734622760664,0.20029415940639522
0.5368407549493688,0.21572875649497675,0.2474304885556548
0.5434034864722721,0.2077914953344037,0.24880501819332426
0.5433192042861426,0.24706197311231953,0.20961882260153797
0.5526526007641522,0.1936706982469306,0.25367670098891704
0.5599366258644459,0.1934314198924666,0.2466319542430872
0.5626305755879296,0.22092020943169904,0.21644921498037173
0.5295858892454505,0.24062348313390947,0.22979062762064015
0.5523298628728807,0.24396354201741596,0.20370659510970307
0.539892918144951,0.20135482467987023,0.25875225717517886
0.5398100371780444,0.22860582371758564,0.23158413910436992
0.5575263184752037,0.2168393153767611,0.2256343661480351
0.5552816269967062,0.24020032233051106,0.20451805067278256
0.5620057019909249,0.18698406834538248,0.2510102296636926
0.5630221233165043,0.20461132942112187,0.23236654726237413
0.5393413529949108,0.204709848434422,0.2559487985706673
0.5538415602725234,0.21218000657126881,0.23397843315620812
0.548324750878306,0.20133396217297356,0.25034128694872015
0.544012447532078,0.19940236964586674,0.25658518282205506
0.5433746261763326,0.22697213153679563,0.22965324228687192
0.5564598111368295,0.2246471216080196,0.21889306725515129
0.555819015797754,0.19511754098102269,0.24906344322122362
0.5553333685305613,0.2319340144135684,0.21273261705587046
0.5465705687518393,0.23462910310669596,0.21880032814146486
0.5484433862379553,0.2214839081769771,0.23007270558506748
0.5358089050427789,0.2346822017236839,0.22950889323353724
0.5629554670139347,0.18788213275873034,0.24916240022733524
0.5489930003583356,0.19960281561883345,0.2514041840228309
0.5547703224168344,0.23334160129402198,0.2118880762891434
0.5661582304811674,0.21308230444529064,0.2207594650735416
0.5441511451636006,0.23730625059817606,0.21854260423822372
0.5521483675532676,0.19395841990025858,0.2538932125464738
0.5585679131629678,0.22297826283346903,0.21845382400356295
0.5607032287684214,0.18851560306568957,0.25078116816588925
0.564455459171178,0.1855553157308251,0.2499892250979971
0.5558556459932407,0.21934733626038974,0.22479701774636968
0.5520303647455407,0.1914328900218144,0.25653674523264525
0.5475310345804898,0.19364270424567598,0.25882626117383395
0.5474812483475545,0.24437028973400798,0.20814846191843747
0.5459506001890505,0.24391057183614945,0.2101388279748001
0.5638889753678497,0.20106548027171744,0.235045544360433
0.5481144856472712,0.201703397957024,0.250182116395705
0.5460189307071431,0.22178828691648028,0.2321927823763764
0.547537578990013,0.19649699061075124,0.25596543039923614
0.5376124236167068,0.2018684948100687,0.26051908157322434
0.5674035096377459,0.23679123536074087,0.19580525500151327
0.5558444189109484,0.24105006168500198,0.20310551940404967
0.5330567317313386,0.24234974445015636,0.22459352381850545
0.55196102341561,0.24443272233381894,0.2036062542505714
0.5544201936290192,0.19254169382347225,0.25303811254750885
0.5431352887536025,0.20958152999245072,0.24728318125394647
0.5538074360407632,0.20092145231247888,0.24527111164675816
0.5485587952934761,0.2073570614206532,0.2440841432858708
0.5701798027011025,0.229951758038096,0.19986843926080144
0.5497909647237418,0.22301864249144826,0.2271903927848099
0.5600162703764991,0.21901692569482423,0.22096680392867676
0.5790619981711136,0.17874872659900992,0.24218927522987646
0.5532896334516838,0.1944282041437858,0.2522821624045304
0.5466708700488037,0.2143595786213554,0.23896955132984105
0.5442031593011883,0.22378599081761438,0.23201084988119744
0.5528519853160649,0.19224223140588348,0.25490578327805147
0.547676832483095,0.2422006803132842,0.21012248720362103
0.5613840922423712,0.22107896640009927,0.21753694135752996
0.5578831822651009,0.2410528600118135,0.20106395772308563
0.5502853942037313,0.22017982186323123,0.22953478393303747
0.553516406016079,0.2072062857887199,0.23927730819520113
0.546966386354881,0.19615265976409077,0.25688095388102844
0.5524708098926959,0.20588037849991658,0.24164881160738758
0.5543924513094894,0.20175329160747668,0.2438542570830343
0.5369065776355424,0.2091489732165079,0.25394444914794934
0.5534082520626434,0.2267477244070246,0.2198440235303319
0.561028563337935,0.18894608616300393,0.25002535049906083
0.5512154546191762,0.22237887840940215,0.22640566697142175
0.5561462248603882,0.23201376745715954,0.21184000768245237
0.5663823678372024,0.23426991570218195,0.1993477164606155
0.5553281287618914,0.2395097499792149,0.20516212125889366
0.5387982208154861,0.21438382033530443,0.2468179588492095
0.5670109957950036,0.23769321547647154,0.19529578872852532
0.5668351674156197,0.23668696173241086,0.1964778708519692
0.5638836113526791,0.23772662647187695,0.19838976217544388
0.5483441096466195,0.20240625666382012,0.24924963368956068
0.5439719913136233,0.22650654136117887,0.2295214673251981
0.5572542233640252,0.22856701287255668,0.21417876376341838
0.5455860700611053,0.2113525135423226,0.24306141639657247
0.5748711127577346,0.23096623031291627,0.19416265692934903
0.5573631788141028,0.2083977904650816,0.23423903072081576
0.5595008235228566,0.2093576960858296,0.23114148039131385
0.5384185321981911,0.23472131196247717,0.22686015583933172
0.5635488448296971,0.23870136749626789,0.19774978767403514
0.553492291114574,0.19428944950921526,0.25221825937621095
0.5347860384135671,0.2046649039660767,0.2605490576203563
0.5488097018533625,0.224891466740305,0.22629883140633242
0.5401985661300809,0.24500776690615825,0.21479366696376065
0.545102882220077,0.1978746632801948,0.25702245449972877
0.5452078137077376,0.23120013285992144,0.2235920534323411
0.5530573991381207,0.1922232794697754,0.25471932139210424
0.5447993912263749,0.21188743150402878,0.24331317726959695
0.5775828731360247,0.2211488434303776,0.20126828343359793
0.5493460008215183,0.23608175474591375,0.2145722444325678
0.573476549714422,0.23301264058286122,0.19351080970271678
0.5676554403134965,0.18566877782815713,0.24667578185834627
0.5540005622894062,0.22965176105745416,0.21634767665313992
0.5338390573831343,0.20941814133363187,0.2567428012832339
0.5404708511365385,0.19906628742520824,0.26046286143825365
0.551048550222329,0.2401342037351675,0.20881724604250368
0.5456518267565764,0.2178783937985664,0.23646977944485664
0.5539642125224411,0.19420553090054377,0.2518302565770149
0.5450065853397794,0.23642180412554684,0.2185716105346738
0.5533302223695531,0.24025374582587417,0.20641603180457316
0.5566679233904142,0.18776395022479458,0.2555681263847909
0.5652270224595091,0.18720736494748222,0.24756561259300905
0.5537286070597088,0.24448167102799598,0.201789721912295
0.5437517678741519,0.19608787013121656,0.26016036199463116
0.5393915755231772,0.24245126790665758,0.2181571565701654
0.540560485490823,0.24720975299461645,0.21222976151456052
0.5408224312809468,0.24697304417143429,0.21220452454761912
0.55720837976586,0.18963462333169362,0.25315699690244686
0.5386042528940744,0.21813373985974954,0.24326200724617583
0.55235353365842,0.2352888606078996,0.2123576057336802
0.5600407165692999,0.19234408521112847,0.24761519821957154
0.5412459738968943,0.20989395403034958,0.24886007207275623
0.5383253998601751,0.24266234043625648,0.21901225970356816
0.5592904192179965,0.19153123230010208,0.24917834848190124
0.5497306113039894,0.21801086262496033,0.2322585260710502
0.5571187575725512,0.1899301651277724,0.25295107729967636
0.5540522924217668,0.24121547215425138,0.20473223542398208
0.5549318580223683,0.19450754929297662,0.2505605926846551
0.5506615570014457,0.194707649847731,0.2546307931508235
0.5499786080633404,0.2161989563490962,0.23382243558756347
0.5440656657998145,0.21142563126403507,0.24450870293615068
0.5588295752777164,0.1948661399633468,0.24630428475893726
0.5458634288978548,0.20905498076787055,0.24508159033427487
0.550546217217443,0.21373992623823015,0.23571385654432653
0.538512287938305,0.2180772337144759,0.2434104783472191
0.5591988301036968,0.20400468356187265,0.23679648633443098
0.5713212531147731,0.2137271939311557,0.21495155295407084
0.5529331660791794,0.243939485105053,0.20312734881576758
0.5592208213394865,0.18892982329239813,0.2518493553681153
0.564324981708033,0.2322114453776508,0.20346357291431597
0.5542360712562378,0.19436600182749,0.25139792691627205
0.5470668535934651,0.21174107745394885,0.2411920689525862
0.5561534803197907,0.18859727381005142,0.2552492458701575
0.5416306384831904,0.1980119244631041,0.2603574370537059
0.5709047237564213,0.21298759942771928,0.2161076768158597
0.5462551445485152,0.23995620811016247,0.21378864734132214
0.5449613530191089,0.19681628297640844,0.25822236400448273
0.5454815039535718,0.2025873788646558,0.25193111718177214
0.5520922731772481,0.22889087451834736,0.21901685230440465
