x,y,z
0.5747878435508961,0.2355188035745485,0.18969335287455588
0.5387703066368923,0.2318324246660715,0.22939726869703606
0.5518670390926878,0.2351290890495456,0.21300387185776704
0.5657179210215074,0.23695532768668728,0.19732675129180519
0.5633332860601725,0.21786721321920702,0.21879950072062077
0.5477250136016785,0.20148123661030573,0.2507937497880157
0.5601995037534483,0.19622202139913053,0.24357847484742104
0.5417283779017731,0.1997755948628232,0.2584960272354038
0.5570115940695718,0.2121315846853314,0.230856821245097
0.5359404429074899,0.2397624952388816,0.22429706185362858
0.5454073266891384,0.24149258113969913,0.2131000921711625
0.5438168573187773,0.24018107878295966,0.21600206389826326
0.5491702994950606,0.23855739768237133,0.21227230282256834
0.5399634039826818,0.21536675292092453,0.24466984309639384
0.5626819110353738,0.18434398597542126,0.2529741029892047
0.5451576306561199,0.20716893647233903,0.24767343287154114
0.5649796757318162,0.1973118075816644,0.23770851668651935
0.5413377806987499,0.2288234939285773,0.22983872537267275
0.5499394017799498,0.2001533929245024,0.24990720529554752
0.5551733798051812,0.19238599492425904,0.25244062527055994
0.5618317912520746,0.22781893558125446,0.21034927316667082
0.5386865537878222,0.24667669648958904,0.21463674972258895
0.5423920827532726,0.2457754316613759,0.21183248558535128
0.5465923707300007,0.2054589567527456,0.24794867251725372
0.5456724193570082,0.24548211808566528,0.20884546255732642
0.5617744846903461,0.1935855844513301,0.24463993085832395
0.5639909923412764,0.23613852965414084,0.19987047800458316
0.5601540507096325,0.23633690684085443,0.20350904244951287
0.5478655211358835,0.19518594416082824,0.2569485347032884
0.5573670375524729,0.20099133888589796,0.24164162356162922
0.5361998129092187,0.24283758458324134,0.22096260250753985
0.5630353563459486,0.22382981040761077,0.21313483324644092
0.5498723317555453,0.2116040164839018,0.23852365176055348
0.5583277941981607,0.1906323978187611,0.2510398079830779
0.560995461238667,0.20956627036037395,0.2294382684009592
0.5504139501433115,0.23627763633585822,0.2133084135208301
0.5359551557496223,0.20478420572815714,0.2592606385222204
0.535400367305908,0.24876640630366254,0.21583322639042946
0.5503149685549353,0.2410549330200587,0.20863009842500574
0.567176154879898,0.23667290622665915,0.19615093889344273
0.5585253573717991,0.2331582248867872,0.2083164177414136
0.5549021979127997,0.23827108865644694,0.20682671343075307
0.553879847190632,0.24354583439404937,0.20257431841531853
0.5634522927094069,0.18708164908080938,0.24946605820978404
0.5486978861587942,0.19549444796160467,0.255807665879601
0.5590963475533488,0.19673968575806017,0.24416396668859133
0.5532431585800549,0.2084092453442651,0.23834759607568037
0.5547218604840254,0.1899891214046615,0.25528901811131294
0.5647937784618889,0.19588889035843704,0.23931733117967396
0.544811476452453,0.200577155908473,0.25461136763907416
0.5499458111962334,0.23879723627442948,0.21125695252933757
0.5485638704062188,0.24493219629416474,0.2065039332996165
0.5574263683447866,0.24173074102636904,0.20084289062884464
0.5428450763789693,0.2464202461215921,0.21073467749943847
0.5465995976995492,0.23502204575876148,0.2183783565416894
0.548558219589016,0.2443665166599767,0.2070752637510074
0.5503494975271283,0.19618675463627572,0.25346374783659575
0.5610608494812547,0.19116050365848475,0.24777864686026066
0.5556677205067461,0.20133406899634654,0.24299821049690754
0.5503789350034021,0.20095833021496184,0.24866273478163622
0.5540117325849374,0.19790887652027844,0.2480793908947838
0.555953801137302,0.2007056714965303,0.24334052736616768
0.5395372507517735,0.21988825446190585,0.2405744947863209
0.5600501723385157,0.20459470972816815,0.23535511793331584
0.5552532361319396,0.2406515640456827,0.20409519982237795
0.5393891394334914,0.2284268846534537,0.23218397591305476
0.5407548855841992,0.20138383518115271,0.2578612792346484
0.5383996811582157,0.2232366448154487,0.2383636740263356
0.5517946602147822,0.218334832984439,0.22987050680077897
0.5549641331803604,0.21211323083611852,0.23292263598352134
0.5649945897887758,0.23816552113812597,0.19683988907309827
0.5620828496566873,0.21916694680428944,0.21875020353902352
0.5676796154001628,0.22621790080262782,0.20610248379720947
0.5613084464300356,0.22987036764085036,0.20882118592911408
0.5579453509817742,0.19798584300971478,0.24406880600851089
0.5564495795707346,0.1908333707503481,0.2527170496789173
0.5674678466498738,0.18683577719614855,0.24569637615397752
0.5776485416593716,0.20757774564758735,0.21477371269304096
0.5518116595383211,0.20219978636264643,0.24598855409903267
0.5373824705781335,0.21495704152811915,0.24766048789374728
0.5612329804506886,0.217366854179436,0.2214001653698756
0.5409513332695276,0.21794293037419699,0.24110573635627527
0.5658693024430577,0.18523845967625327,0.24889223788068945
0.5629251420718449,0.1856245205106827,0.2514503374174725
0.5609505471996329,0.2274298677806539,0.21161958501971342
0.5480686857908836,0.24490357897619064,0.2070277352329253
0.5487233428476483,0.21517215297391362,0.23610450417843798
0.5523460345828755,0.1914826661318212,0.256171299285303
0.5496754327197425,0.2299647068133174,0.22035986046693984
0.5423361775324219,0.2006597827141196,0.25700403975345826
0.5615826871990298,0.20416433707497492,0.23425297572599554
0.5519827842130718,0.20434289094676036,0.2436743248401679
0.5415409361563227,0.24391980588441212,0.21453925795926554
0.5605511430841701,0.22032458347597644,0.21912427343985372
0.5635871754078194,0.1944593891919581,0.24195343540022224
0.5476170471153484,0.22998070534724654,0.222402247537405
0.5486405087673025,0.20312320055147093,0.2482362906812268
0.5476731133793425,0.19887308916637952,0.25345379745427804
0.5600731384187022,0.2031486400672306,0.23677822151406752
0.5559037498192929,0.24079738360049507,0.203298866580212
0.5518885853138675,0.19412349109963004,0.2539879235865026
0.5444135073587116,0.24167708811591782,0.21390940452537058
0.5582897577913891,0.2416234482857172,0.20008679392289394
0.5446829497111274,0.20166844512381674,0.253648605165056
0.5763686648906629,0.18005462711327813,0.2435767079960591
0.5582524657159768,0.20751241735654155,0.23423511692748167
0.552817363560658,0.20316889348335804,0.24401374295598433
0.5542074424485991,0.19095042274686957,0.25484213480453133
0.5593762107259367,0.23986308479518229,0.200760704478881
0.5622807867823996,0.18751912291556802,0.25020009030203244
0.5536909684615902,0.23844154471498716,0.20786748682342265
0.5417266622468973,0.21121767417296017,0.24705566358014297
0.535115005332017,0.23393515507667112,0.23094983959131227
0.5652809799972746,0.1841791611966016,0.2505398588061239
0.5578908374079098,0.19290056418412824,0.24920859840796175
0.5526350110561703,0.2096135838321147,0.23775140511171466
0.5392113737816285,0.222554044877129,0.2382345813412424
0.5567301975168147,0.18944264433298547,0.2538271581501997
0.537306547670184,0.20298194008558998,0.25971151224422634
0.5626233940394142,0.20780628393770303,0.22957032202288316
0.5432358924652789,0.19828819436657844,0.258475913168143
0.5360200918404987,0.2230202606403126,0.24095964751918902
0.5548496740304572,0.1925048091447984,0.2526455168247444
0.553829429157567,0.20788313238639108,0.23828743845604183
0.5488259291268873,0.2054606721802714,0.2457133986928416
0.5511190269869584,0.19158310194227146,0.2572978710707705
0.5615716496808382,0.1866751542367855,0.25175319608237656
0.5578752443201913,0.24074394525188297,0.20138081042792574
0.5510412174332822,0.22519085123297522,0.22376793133374273
0.5473704988850464,0.24271505800925905,0.20991444310569457
0.5462748867874117,0.2002743232193795,0.2534507899932089
0.5545404095789859,0.24005984779216022,0.2053997426288537
0.5618925438653375,0.20729832828807776,0.23080912784658475
0.5443516374643047,0.22392429180944154,0.23172407072625345
0.5471831136612461,0.20904165802444,0.243775228314314
0.5517185451939586,0.2116145295935331,0.23666692521250848
0.5710032226397341,0.19788655276508219,0.23111022459518363
0.5629932275743292,0.1883071474566952,0.24869962496897555
0.5510196102630489,0.19627640873254595,0.2527039810044051
0.552560659782466,0.23553758666305186,0.21190175355448201
0.5506716564319996,0.24174292608647516,0.2075854174815253
0.5413135691234978,0.19887489547991455,0.2598115353965873
0.5357107930556526,0.2025805461261575,0.2617086608181901
0.5506911246623938,0.1980322106589944,0.2512766646786117
0.5644205826185228,0.21955718962226653,0.21602222775921073
0.5465863920226902,0.2242638451233985,0.22914976285391142
0.5490128986937218,0.21432213948716491,0.2366649618191134
0.5630829321425402,0.2377790834042189,0.19913798445324127
0.5489311942267148,0.22592475436739268,0.22514405140589247
0.5502852565227028,0.19486167932142684,0.2548530641558705
0.5671348744078143,0.18425047080158535,0.24861465479060052
0.5656703042648751,0.22787580776656371,0.20645388796856123
0.5509218825567714,0.2439696794292233,0.20510843801400533
0.544022645063585,0.19810827834520534,0.2578690765912096
0.5647096254754831,0.2277571708916622,0.20753320363285488
0.5542088275524842,0.1983006500102902,0.24749052243722558
0.5436169037846563,0.24624251397376035,0.21014058224158366
0.5439500343391799,0.20153076115535698,0.2545192045054632
0.5489383861125712,0.23821556095968943,0.21284605292773953
0.5545875779665858,0.1930091468677874,0.25240327516562694
0.5588667672429787,0.18813739119571504,0.25299584156130633
0.5409506418351924,0.2275903782582849,0.23145897990652256
0.5602857882720492,0.2302557716115052,0.2094584401164456
0.5339445047419007,0.23676682982535738,0.22928866543274232
0.5811327437562523,0.21504659957762434,0.20382065666612298
0.5492593140094143,0.22028712365907055,0.23045356233151504
0.5618720796707517,0.1894950792543832,0.24863284107486472
0.5625015522504394,0.23799503150509274,0.1995034162444677
0.5542604918577728,0.1900984882003381,0.25564101994188915
0.5586077728650621,0.2361476356616966,0.20524459147324123
0.5473692922442991,0.24294896629539756,0.20968174146030333
0.5467082998760494,0.21954932240337968,0.23374237772057097
0.543828201604323,0.1989523167910425,0.25721948160463465
0.5477984035676458,0.24522865694487442,0.20697293948747986
0.5623600183287618,0.22735627801849484,0.2102837036527434
0.5481010905950385,0.2437289759545509,0.20816993345041054
0.5630184022869719,0.19797171309278766,0.23900988462024084
0.5577289727266395,0.23986487319582686,0.20240615407753354
0.5512573094438319,0.21103705400303843,0.23770563655312954
0.5556030014703969,0.19870536417500406,0.2456916343545994
0.5667606078316564,0.19084420233835953,0.242395189829984
0.5568433100603625,0.22756109260250776,0.21559559733712996
0.5609950183636089,0.20087188139598086,0.2381331002404108
0.566522557760907,0.19045255785283818,0.2430248843862549
0.5549255349835657,0.19124728196040572,0.2538271830560288
0.5590129602193509,0.21822086750937067,0.2227661722712787
0.5533448419235207,0.200810073958958,0.24584508411752135
0.5415894233692395,0.23841303858274387,0.2199975380480167
0.5379857668565385,0.20893102128937183,0.2530832118540896
0.5586201776385619,0.2399008469566458,0.20147897540479273
0.559881204085055,0.2340598478610195,0.20605894805392563
0.5525443815183362,0.2130843140938498,0.23437130438781387
0.5578817085796535,0.19352052628247732,0.24859776513786933
0.5467252862896601,0.2362660846753106,0.21700862903502913
0.5384457381136393,0.20080796309118662,0.2607462987951746
0.5604426188612701,0.19057831263915007,0.2489790684995801
0.5352522125123903,0.2423732861699843,0.2223745013176256
0.5496644198853436,0.23392025351737883,0.2164153265972777
0.5558121356400498,0.2359390224696303,0.20824884189031997
0.5384046925804388,0.24763002012910482,0.2139652872904566
0.5550565839947259,0.2258902655059085,0.21905315049936552
0.5456101347210981,0.19619199856075176,0.2581978667181499
0.5359522952043985,0.23105845747598253,0.23298924731961873
0.5605392270245332,0.2105315708126009,0.2289292021628658
0.5532859362541586,0.24249876555704308,0.20421529818879822
0.5563604866294991,0.21618371225615632,0.22745580111434438
0.5571057776542021,0.22312972694063937,0.21976449540515866
0.5548457053547012,0.21161764353247728,0.2335366511128211
0.5508172874369586,0.22573786895717293,0.2234448436058686
0.5511297193264916,0.20306626044016268,0.2458040202333457
0.564174151268617,0.22027816406909176,0.21554768466229143
0.5557712877121392,0.2312565529772255,0.21297215931063557
0.5548997163470061,0.22165156749587994,0.2234487161571137
0.5470890082641118,0.19525602955274365,0.2576549621831444
0.5586711636287562,0.24060580315127847,0.20072303321996537
0.5516862889400854,0.19169218040713412,0.2566215306527804
0.5516655993593611,0.203584623688868,0.2447497769517706
0.5523500048629141,0.19795071688325644,0.24969927825382984
0.5400963101611849,0.20082818560454585,0.2590755042342692
0.5391678502991343,0.2072124433157539,0.2536197063851118
0.548415782356256,0.20909215576185106,0.242492061881893
0.5625652254362359,0.2315933316410846,0.2058414429226796
0.5566887021243944,0.22649573965468436,0.21681555822092136
0.5491719235186009,0.23414897497474765,0.21667910150665148
0.5607501283121477,0.19089320121263906,0.24835667047521334
0.5681348627468352,0.22659984233291028,0.20526529492025447
0.5612545331851981,0.1916595848572326,0.24708588195756928
0.5487565427710918,0.20832564330999423,0.24291781391891423
0.5729013853054107,0.1927458572524107,0.2343527574421786
0.5445700047209834,0.22922814978259934,0.22620184549641725
0.5557485460430516,0.2410521879124794,0.2031992660444696
0.5489882806769171,0.20462696081353748,0.24638475850954564
0.552427868107615,0.24354470127623096,0.2040274306161541
0.5454406647478949,0.21058677168524367,0.24397256356686137
0.5451174643228147,0.2378189772193945,0.21706355845779085
0.5479101699400918,0.21775873828509895,0.23433109177480915
0.5466144983592787,0.19658223391890223,0.25680326772181916
0.5618804447268033,0.23616881440866533,0.2019507408645315
0.5620103125550093,0.18636517848961912,0.25162450895537153
0.5428116538981145,0.2150816026275216,0.24210674347436367
0.549431410998392,0.22314035819871328,0.22742823080289457
0.5501140352350146,0.22626870872553498,0.22361725603945093
0.5698857280655387,0.21504410951964056,0.21507016241482077
0.5616472468473861,0.22451465394162062,0.2138380992109934
0.5455567657971431,0.21875701700025438,0.23568621720260263
0.5490865889700972,0.2406648986013184,0.21024851242858442
0.5582005679185311,0.23482071559389564,0.20697871648757307
0.5477108138482848,0.1969173728344887,0.2553718133172265
0.5488006278095398,0.22252298387378416,0.22867638831667622
0.5528063090042038,0.2011126178284651,0.24608107316733102
0.5591798478405937,0.24000228572594143,0.20081786643346486
0.53668906418741,0.24607509880468115,0.21723583700790886
0.5621028041103119,0.23547148487003086,0.20242571101965726
0.549337069083935,0.24531796136314007,0.2053449695529252
0.5427811267627896,0.19966646257461027,0.2575524106626003
0.5417584190504445,0.22970425874353206,0.22853732220602377
0.5416485979743986,0.24597775720865622,0.21237364481694496
0.5500658264005238,0.22502741068293958,0.2249067629165367
0.5418988972062856,0.2258250453934399,0.2322760574002746
0.5679930723479019,0.18497453748739826,0.24703239016469972
0.5656658620321876,0.21869464972913025,0.2156394882386822
0.5305942293942976,0.23790129945253963,0.23150447115316278
0.5424525314266366,0.24207367550352915,0.21547379306983405
0.5525183488293307,0.21868861076172175,0.22879304040894752
0.5333674594009519,0.20486479125264562,0.2617677493464028
0.5435569851251634,0.24450860560380375,0.21193440927103294
0.5531938471302918,0.19253503367037383,0.25427111919933426
0.542553358259067,0.2020069752669482,0.25543966647398475
0.547398962775022,0.24340977882096534,0.20919125840401268
0.5374675719239209,0.24710827401333466,0.2154241540627442
0.5546755723216322,0.24168773099635957,0.20363669668200823
0.5560213062568143,0.19061228542062042,0.2533664083225654
0.5563826632217593,0.24306876386900234,0.20054857290923833
0.5309035553799544,0.24112336828783285,0.22797307633221262
0.5584621569709909,0.19019333130458269,0.25134451172442646
0.5478860539733715,0.21103711534139788,0.24107683068523064
0.5483528962733528,0.24438487908924475,0.20726222463740254
0.543013201178338,0.23600289255000675,0.22098390627165532
0.5554263617942475,0.20969033979882343,0.23488329840692934
0.557436139026524,0.19951559191659862,0.24304826905687796
0.5433644781596043,0.24356213524452563,0.21307338659586977
0.5568970647831619,0.22752229931228152,0.21558063590455653
0.5664702954999842,0.2334317791480227,0.20009792535199283
0.5583383452346445,0.228199687070187,0.21346196769516854
0.5470931804575667,0.21289732908712786,0.24000949045530573
0.5521601286351351,0.19292998214559817,0.2549098892192669
0.5394814136862811,0.2417946135099918,0.21872397280372757
0.5573918644506043,0.2132866046751355,0.22932153087426027
0.5387854607031562,0.221034424670597,0.24018011462624686
0.5540664642695798,0.1914933149378148,0.2544402207926054
0.546097504130255,0.2313351502580712,0.222567345611674
0.5489085003570273,0.21047872254413,0.24061277709884263
0.5592013607364388,0.2026858303591336,0.2381128089044281
0.5548529395419916,0.189497884545534,0.2556491759124745
0.5488022384548393,0.19630308170288102,0.2548946798422797
0.5523125969529025,0.1993646331444429,0.24832276990265484
0.5543348243261397,0.21074174042727487,0.23492343524658527
0.549794601172988,0.19334651363886304,0.25685888518814926
0.5651481357066821,0.18811276914047528,0.24673909515284267
0.5401423125896353,0.2236628841188585,0.23619480329150633
0.5520856945042347,0.2307716680658449,0.21714263742992068
0.5399107664512495,0.20038158073575407,0.2597076528129963
0.5505523610879997,0.21058480922243486,0.2388628296895656
0.5424676194788641,0.20158901550336636,0.2559433650177695
0.5550961914986581,0.23401922664476604,0.21088458185657596
0.570152491072295,0.1972776381544276,0.23256987077327743
0.5493888902554381,0.2040270275269782,0.24658408221758352
0.556183618979375,0.19183167936988488,0.25198470165074044
0.5601464891602843,0.19457264684641268,0.24528086399330307
0.5506904088528719,0.2302161665367586,0.21909342461036957
0.56133464311671,0.21706122593271163,0.22160413095057804
0.5472987431528397,0.2013015552257483,0.25139970162141234
0.5450007696556375,0.19860641894594874,0.256392811398414
0.5553503499300151,0.24258664961373738,0.20206300045624787
0.5613332695266571,0.20813341447852118,0.23053331599482177
0.5502447887193621,0.19386713525680171,0.2558880760238364
0.5509558264906586,0.23836028015057104,0.21068389335877027
0.5515305142435207,0.2128022800334132,0.23566720572306576
0.5538419880228976,0.2429692774622314,0.20318873451487124
0.5325083812068601,0.24853628047540524,0.21895533831773492
0.563548624889311,0.2050658327119424,0.23138554239874626
0.5414091489337822,0.24753115890309138,0.211059692163126
0.5446407181823937,0.24271652524311402,0.21264275657449255
0.5475775405054318,0.21032819819386778,0.24209426130070053
0.5458257760329335,0.2176795888804548,0.23649463508661164
0.5400622078951627,0.2131521369787679,0.24678565512606948
0.5410659421547034,0.24674178224817786,0.21219227559711895
0.5598191703496266,0.24150298890558813,0.19867784074478537
0.5356840640873316,0.22977754363296357,0.23453839227970505
0.5359353673912014,0.20555480366007264,0.2585098289487261
0.5440386060839042,0.2050566062616388,0.25090478765445695
0.5413997226861564,0.1993134117177551,0.2592868655960887
0.5644356635240646,0.2131366012407193,0.22242773523521625
0.5445339865539851,0.1964748659424628,0.25899114750355223
0.54623259780824,0.2459775497651727,0.2077898524265871
0.5778706170905035,0.22027908600391882,0.20185029690557788
0.550995830654081,0.22454769081173637,0.2244564785341829
0.5545733029732237,0.20150916812938463,0.24391752889739202
0.5407058537667231,0.2416425795467944,0.21765156668648258
0.55280671614003,0.236871008393123,0.2103222754668471
0.5757039114231762,0.19376660074595325,0.2305294878308709
0.5540542496464251,0.1994243447480706,0.24652140560550448
0.5545053486429808,0.23600097113734525,0.20949368021967404
0.565199378174717,0.19500971220810112,0.2397909096171818
0.5608709371793453,0.1898798459822967,0.24924921683835818
0.558199233113063,0.22489973103919011,0.2169010358477472
0.5562409550664268,0.22758255737515523,0.216176487558418
0.5479173516347432,0.2159204335831711,0.23616221478208604
0.5546127743084657,0.1965237269429719,0.24886349874856234
0.548057960000078,0.2397382637669247,0.21220377623299724
0.554728657257293,0.19150283485099143,0.25376850789171607
0.5604176415654272,0.22061048236302325,0.21897187607154928
0.5551800219020651,0.21266054193563308,0.23215943616230164
0.5631801858093944,0.20734000536102293,0.22947980882958258
0.5574331700184202,0.19707375657421908,0.24549307340736107
0.5487672473575577,0.2417489797075887,0.2094837729348537
0.556918667296224,0.20205518331533082,0.24102614938844535
0.5545711256512531,0.19626918021351128,0.24915969413523587
0.5473728049574929,0.2325882470121642,0.2200389480303428
0.5408976381416181,0.2403571709707705,0.21874519088761152
0.5554667773474432,0.19041690163243413,0.25411632102012255
0.5531804349296119,0.21413433052969397,0.2326852345406946
0.5416163607979819,0.2002261071009774,0.2581575321010407
0.5448944085567201,0.23683920903133604,0.21826638241194407
0.543427804129684,0.23614892214630936,0.22042327372400689
0.5515938951799887,0.20674821500862942,0.24165788981138192
0.5327050067497276,0.2512760669042955,0.21601892634597647
0.5455696135989015,0.21055095946869218,0.24387942693240616
0.5410548578053833,0.2462616564883183,0.21268348570629841
0.5466516660623933,0.2446264802726358,0.20872185366497106
0.5671429950338422,0.19259473515220218,0.24026226981395551
0.5545946165824231,0.23900246781850912,0.20640291559906757
0.5548102275388507,0.19044559941890585,0.2547441730422432
0.5398817483365839,0.2250261790908227,0.23509207257259315
0.5516800721067302,0.24175973578976223,0.2065601921035079
0.5412898480984234,0.2404536757135214,0.21825647618805535
0.5410626188521196,0.2441230428206227,0.2148143383272579
0.5565261164166787,0.22957705709941276,0.21389682648390812
0.5596686660655207,0.2412649342730163,0.19906639966146336
0.5453956865608848,0.23591874684193812,0.21868556659717717
0.5305132281032974,0.23440196293329768,0.23508480896340506
0.5633760034411586,0.22396136084049534,0.2126626357183459
0.557224742181732,0.1904414581030774,0.2523337997151904
0.5515398788336826,0.23914097933164202,0.20931914183467565
0.550723889961982,0.20407330954325742,0.2452028004947606
0.5379839141867923,0.20186753913046998,0.26014854668273785
0.5528607979648698,0.24147152333828087,0.20566767869684957
0.554596723318718,0.23544399259088933,0.20995928409039263
0.5557937664539042,0.2136517229163599,0.23055451062973636
0.5483470104197103,0.20046525470726959,0.25118773487302004
0.5368144370565407,0.20120998671772664,0.26197557622573275
0.5619035701187687,0.19878483414294412,0.23931159573828725
0.5519188677042073,0.21325911004779413,0.23482202224799878
0.555399922604963,0.19185824769808862,0.2527418296969482
0.5472326749186202,0.19704297481788907,0.2557243502634909
0.557577953278852,0.19249897964801602,0.24992306707313203
0.5568325573517945,0.19034581942736262,0.25282162322084284
0.5510713840205773,0.19260138989429587,0.25632722608512715
0.5621046408493788,0.23509989152992,0.2027954676207011
0.5511204718323967,0.22985181637234758,0.2190277117952561
0.5525019963211076,0.20696882584631052,0.2405291778325819
0.553250493351993,0.2240262975578672,0.22272320909013973
0.5504670048002952,0.24070583917289212,0.20882715602681268
0.5455595555044684,0.2236083722344279,0.2308320722611033
0.5469915698855616,0.20199575515733476,0.2510126749571039
0.5496363467058115,0.2384613658189171,0.21190228747527176
0.550296732847465,0.19363728811503994,0.2560659790374951
0.5594765951802579,0.19894806192553224,0.24157534289420937
0.550526519869911,0.1946720384502211,0.25480144167986807
0.5522244325602699,0.1954097620072563,0.25236580543247394
0.5758550930394407,0.22052033488634307,0.203624572074216
0.5416094138730331,0.21466529733852757,0.24372528878843971
0.5391417445806509,0.2354372276818254,0.22542102773752382
0.5437560497553332,0.20211532815983976,0.25412862208482706
0.5645663317458153,0.2380426629293531,0.19739100532483117
0.5651920862105563,0.23696423420699372,0.19784367958244994
0.5642636722919765,0.2270642436696732,0.2086720840383505
0.5612250214552733,0.20464420913441592,0.23413076941031036
0.5466138552983917,0.19633892519975618,0.2570472195018524
0.5456210315973234,0.19728084452502131,0.2570981238776552
0.5561858866419511,0.1935899399943031,0.2502241733637458
0.5619188071453405,0.24006018694936845,0.19802100590529087
0.5380823028342192,0.23277080476355125,0.22914689240222957
0.540049430239621,0.23354263556506283,0.2264079341953164
0.5530752975890199,0.1920088482104274,0.2549158542005526
0.5605501089319312,0.18923187373683364,0.25021801733123544
0.550625502249744,0.24388922026138063,0.20548527748887535
0.5578417942192627,0.23641745914454357,0.20574074663619382
0.5655269402030354,0.19386299741959045,0.2406100623773741
0.5612417418331103,0.24058815361998465,0.19817010454690515
0.5533995725153267,0.24354065903553462,0.20305976844913853
0.5429299374596268,0.21376514026729826,0.24330492227307526
0.5612167377987032,0.2299121563629667,0.20887110583833007
0.5486459542697719,0.24460217500922396,0.20675187072100404
0.5537357704542308,0.2207476641056356,0.22551656544013374
0.5653151862764276,0.19526444118883476,0.23942037253473744
0.5610705894246766,0.1966168094275884,0.24231260114773526
0.5607920624735391,0.20646593437093202,0.2327420031555293
0.5510411578890964,0.19440266947365378,0.2545561726372501
0.5561544746623965,0.2430014997281836,0.20084402560942025
0.5663935530377908,0.18908146483317367,0.24452498212903584
0.5555573172587849,0.20036008317587878,0.24408259956533646
0.5535991274261657,0.2389450166211602,0.20745585595267396
0.546008544007257,0.243844057084804,0.21014739890793915
0.5525994106759023,0.24050137216088724,0.20689921716321072
0.5535910450832469,0.19797956634066807,0.24842938857608493
0.5523439557454037,0.22261562410083924,0.2250404201537572
0.559496843685877,0.23751901292094257,0.20298414339318058
0.5464296127254387,0.2360612455099616,0.2175091417646003
0.5689401120984529,0.22219767829310252,0.20886220960844482
0.5466891081475085,0.2024124948465356,0.25089839700595606
0.5614182854923916,0.21246517184885658,0.22611654265875175
0.5497043483047845,0.22307521391648502,0.22722043777873072
0.5445785674062532,0.21891029114191624,0.23651114145183047
0.5585749609074677,0.24133497700382708,0.2000900620887055
0.5550664891367333,0.2070928389438937,0.23784067191937283
0.5459375869236891,0.2016784144689405,0.25238399860737076
0.5459328372939461,0.22520754800206855,0.2288596147039853
0.5611040377657769,0.21617337220036661,0.2227225900338567
0.5534363796650975,0.19235674168350497,0.25420687865139774
0.5618772085149304,0.22755246432771686,0.2105703271573527
0.5489370405176103,0.24640332181333072,0.2046596376690589
0.5483465104265933,0.1965950530789986,0.2550584364944083
0.5317538158857686,0.229810202242898,0.23843598187133314
0.5429290454385483,0.21789817172211018,0.23917278283934146
0.5546465822061301,0.19188535983807833,0.2534680579557916
0.5431225861333949,0.23667114209586582,0.22020627177073906
0.55049894100961,0.19640254376220292,0.25309851522818727
0.5349876668230207,0.22613886327021568,0.23887346990676353
0.5492309520979393,0.22084706524138817,0.2299219826606725
0.5414390529735944,0.20041074887088625,0.2581501981555194
0.5573955734167967,0.2408322320130047,0.2017721945701982
0.5491439223068677,0.21926491935495626,0.2315911583381758
0.5605017700258448,0.20965576275508527,0.22984246721906984
0.544060422998956,0.19693182497964729,0.2590077520213966
0.555534747881406,0.1929062255290888,0.25155902658950524
0.5458317444271692,0.20900641715877688,0.2451618384140538
0.5475618332563318,0.24727919528391665,0.2051589714597516
0.5423565715464668,0.24446272985300435,0.21318069860052885
0.5545125700076755,0.19635719269494803,0.24913023729737596
0.5573205820180906,0.23687892960879314,0.2058004883731161
0.5593927853303504,0.20767264973068203,0.23293456493896741
0.5523974865353246,0.20168537136413087,0.24591714210054477
0.5419081615945929,0.20331151310671652,0.254780325298691
0.5609338618489089,0.20655977328531014,0.23250636486578105
0.5584512197924695,0.188316931933753,0.25323184827377754
0.5705135773664591,0.2339492100892602,0.19553721254428078
0.5395604603869937,0.23209307876747412,0.2283464608455325
0.5569885151093018,0.2305644086110783,0.21244707627962017
0.5515066729470395,0.19798841819179178,0.2505049088611692
0.5539477503879034,0.22039467781779548,0.2256575717943009
0.5306453772350043,0.24312991632732328,0.22622470643767287
0.5690218185492365,0.23177583162938226,0.19920234982138138
0.5525983162969598,0.21551975988281388,0.2318819238202262
0.5496789700267174,0.2378613993171992,0.21245963065608353
0.5579030059838345,0.2416973285513202,0.20039966546484503
0.5681979531192862,0.2238328237996597,0.20796922308105442
0.5483912000126224,0.23198614932355818,0.219622650663819
0.5465792726370112,0.22682065267914733,0.2266000746838414
0.5489646768857401,0.24144241713056236,0.2095929059836975
0.5391141242683518,0.20846655292340263,0.25241932280824586
0.5469736408455376,0.21730741482533406,0.23571894432912854
0.5613875643793722,0.20253825472852813,0.23607418089209958
0.5634936960319175,0.18801154769566733,0.2484947562724154
0.5497498534642055,0.24116547325781898,0.20908467327797567
0.550195966886632,0.22110016054882195,0.2287038725645461
0.5614985541095631,0.19059547818541217,0.24790596770502454
0.5350838857608032,0.20251640096964715,0.26239971326954936
0.5496585484020534,0.22794454085677315,0.22239691074117357
0.5400609480450853,0.24400707362753163,0.21593197832738292
0.5458504942030008,0.19953127212437885,0.2546182336726203
0.5570064149278763,0.190836866175168,0.25215671889695557
0.5531136645462494,0.23480777623023186,0.21207855922351865
0.5474425235018685,0.21175216054863333,0.2408053159494979
0.5588228019654647,0.18880629228314674,0.25237090575138865
0.551010439392716,0.19243116598039386,0.25655839462688995
0.570065341411861,0.18147514700681544,0.24845951158132348
0.5410595671960612,0.2026735843054708,0.2562668484984681
0.5542361429954641,0.24218187255608464,0.2035819844484514
0.551882696060255,0.2448032811666914,0.20331402277305363
0.5533379700877745,0.1909642935443805,0.2556977363678451
0.5578047240684136,0.2070478367330228,0.23514743919856357
0.5398082777813795,0.21877374686528325,0.24141797535333737
0.5586365026879971,0.2367726299221649,0.20459086738983778
0.5631984337489253,0.18967967335484393,0.247121892896231
0.570676433606661,0.1964453391429044,0.23287822725043442
0.545864278077292,0.23715180380429807,0.21698391811841045
0.5799560413433967,0.23209281639139215,0.1879511422652112
0.5472193624185465,0.20962097308195354,0.24315966449950008
0.5531326394553172,0.1983036396885859,0.24856372085609701
0.5555778027762347,0.23826159373855538,0.20616060348520984
0.5284586902359294,0.2347447102763992,0.236796599487671
0.5576650558846586,0.23760011943404852,0.2047348246812927
0.5652585433839171,0.2204779734746616,0.2142634831414214
0.555144617409178,0.20890845450282391,0.23594692808799847
0.549915460332855,0.2001375052127004,0.24994703445444474
0.5445723266365373,0.22530561035942498,0.23012206300403756
0.5425564314522108,0.19917852175194847,0.25826504679584034
0.5476519423322761,0.19429734084173061,0.25805071682599345
0.5486706577569187,0.24120050218001457,0.2101288400630664
0.5546441509285208,0.23368228181780673,0.21167356725367215
0.5514421323901227,0.22015396925106423,0.22840389835881303
0.5419927819641228,0.2183150966429719,0.2396921213929052
0.5506928679301725,0.19597883323798587,0.2533282988318416
0.5506693036446657,0.22805805997472714,0.22127263638060735
0.5544835208223774,0.2087335063993926,0.2367829727782301
0.5546785301563028,0.2347706229547216,0.21055084688897588
0.5451039494204556,0.2125180641831109,0.2423779863964338
0.5525096203888936,0.2368007624915879,0.21068961711951803
0.5402097229519854,0.24685339246485796,0.21293688458315688
0.5538146641666855,0.2323941362920127,0.2137911995413019
0.5660613254992243,0.18392784290100983,0.25001083159976606
0.5613060192848612,0.1864825999946833,0.25221138072045546
0.554819281151086,0.22754429778708674,0.2176364210618274
0.5549781517142303,0.2374680694097541,0.2075537788760155
0.5438607959195713,0.1984007316386232,0.2577384724418055
0.5721209159914534,0.18635215311171852,0.24152693089682806
0.5439375355452724,0.24638645683534166,0.2096760076193862
0.5468675411173,0.20147971467694445,0.2516527442057554
0.5575988497926343,0.19354016213889463,0.2488609880684709
0.5548240554896128,0.19158307380145656,0.2535928707089308
0.5608235525829585,0.20149633159789898,0.23768011581914278
0.5585132747246532,0.240587400116896,0.20089932515845105
0.5572322287426638,0.189751314643246,0.2530164566140905
0.5494155748689781,0.23326113519017366,0.21732328994084857
0.5419648173009438,0.24710390857863307,0.2109312741204235
0.5581115113198418,0.19015719747454599,0.2517312912056122
0.5496963527185148,0.2339144564828598,0.21638919079862545
0.5452172701687887,0.22734650820783084,0.22743622162338084
0.5469167686116457,0.2385163901268664,0.2145668412614875
0.5659959193085564,0.19807135525257313,0.23593272543887056
0.5440955325597786,0.2091708370323331,0.24673363040788834
0.571353071958318,0.22403401733846412,0.204612910703218
0.5580857302387289,0.1947719714603738,0.24714229830089757
0.5452346492390553,0.19687102424660563,0.2578943265143394
0.5595647482201785,0.23427694310817102,0.20615830867165047
0.5551760004022962,0.2417802446937334,0.20304375490397059
0.5598800837242194,0.2137073211082192,0.22641259516756193
0.5526997362443177,0.20175681550892624,0.24554344824675609
0.5599949995977281,0.19487549836885898,0.24512950203341285
0.5504139485326147,0.24024599555413356,0.20934005591325125
0.5459457282647414,0.22741835865712362,0.22663591307813488
0.5477448244578009,0.23548697213413866,0.2167682034080607
0.5552217844981266,0.2121134035064172,0.2326648119954564
0.5697800942024052,0.22356957443322212,0.20665033136437255
0.5576529702667595,0.23167751334405945,0.21066951638918122
0.5541962023005217,0.20695927534255293,0.2388445223569252
0.5618452098559089,0.24001642877464752,0.1981383613694438
0.5629862858095585,0.18589050467200224,0.25112320951843903
0.567874557341364,0.18850849277550538,0.2436169498831309
0.5389963839345377,0.2395888940845789,0.2214147219808833
0.5623337890736988,0.19081148149080882,0.24685472943549194
0.5500166412013056,0.1955193314104139,0.2544640273882809
0.5504531095772153,0.1964193101633659,0.2531275802594188
0.5598749911888475,0.22016691158007656,0.2199580972310762
0.5566656216394094,0.21784480265987372,0.225489575700717
0.5482089391943578,0.21785253098635626,0.23393852981928606
0.5515894127366642,0.20528255233772494,0.24312803492561116
0.5425707675986342,0.24853525551393899,0.20889397688742706
0.5494900877985215,0.2022847845426938,0.24822512765878474
0.5475891695568117,0.19829980367539352,0.2541110267677949
0.5453198054397214,0.23974985338339078,0.21493034117688778
0.5385453582301652,0.20502992623100802,0.25642471553882695
0.5354318379481768,0.2213047431462802,0.24326341890554273
0.5620050922494058,0.23911590438187327,0.19887900336872102
0.5631491691160306,0.20342363436629735,0.2334271965176718
0.567939739154607,0.22659763305894895,0.20546262778644395
0.5447220555160677,0.1982812158735868,0.2569967286103457
0.5344780554673064,0.21196452523490272,0.2535574192977906
0.55585490433142,0.21760260161210754,0.22654249405647267
0.5584248004315046,0.221876259158931,0.21969894040956425
0.5471377490728284,0.19610807159606009,0.2567541793311113
0.5597502505291508,0.1860251723174605,0.25422457715338886
0.5587240151356688,0.20341368948850927,0.2378622953758224
0.5364468240335581,0.23858700895339924,0.22496616701304253
0.5490788122086697,0.20890995386058747,0.24201123393074284
0.559919315083875,0.24059879203544207,0.19948189288068283
0.5471450095898438,0.20918425873741298,0.24367073167274342
0.55459838602762,0.19054141257856644,0.2548602013938132
0.5458302672506397,0.24353743270762862,0.21063230004173172
0.5393443703272119,0.2381624984996643,0.22249313117312364
0.5592420306744282,0.1997960430462859,0.24096192627928614
0.5441086672357316,0.20927266118079824,0.24661867158347034
0.5697884302236095,0.206701028367121,0.22351054140926954
0.5624844822906075,0.19491942398546427,0.24259609372392796
0.565513607310211,0.18823231576039154,0.2462540769293974
0.546991480565501,0.23155239433065067,0.22145612510384843
0.5459453745224874,0.24512500753207103,0.20892961794544157
0.5407569319052452,0.20396041024345685,0.25528265785129794
0.5557238642455247,0.19011354965110608,0.2541625861033699
0.5522732390047448,0.21692067715000554,0.23080608384525017
0.5749547178462043,0.18333591711075656,0.2417093650430391
0.5576756686987764,0.2237741995721608,0.21855013172906276
0.5523963926544143,0.19230165465851637,0.2553019526870695
0.5728881318241982,0.23608111218943012,0.1910307559863718
0.5422545847349897,0.22675846040449685,0.23098695486051388
0.5482048957356913,0.2387400105988112,0.21305509366549788
0.5448728442729546,0.2463051073199591,0.2088220484070861
0.5555657803495828,0.18996692536518406,0.2544672942852333
0.5656758686247917,0.23584232131792313,0.1984818100572853
0.5484918447913821,0.2397789407999969,0.21172921440862094
0.5537241360798655,0.24377804940741335,0.20249781451272109
0.5399073824700383,0.22007914979329843,0.24001346773666302
0.5539783049896159,0.22079487316866492,0.22522682184171938
0.5510952035342703,0.20149169723053748,0.24741309923519242
0.5327269174575735,0.20528327891141143,0.26198980363101515
0.5582378241447269,0.2232242209431295,0.21853795491214362
0.5502492759869156,0.21317914104623922,0.23657158296684513
0.5497743645124985,0.2423575003715514,0.20786813511595023
0.562670210889716,0.20094862489779194,0.23638116421249186
0.5601105576843898,0.18762082263996574,0.25226861967564457
0.5456907576973923,0.24303645198112334,0.21127279032148438
0.56766217221643,0.1916944903454382,0.2406433374381317
0.5439031237938481,0.22517367417939424,0.23092320202675806
0.5517429511605236,0.19495722405086843,0.2532998247886079
0.5401936584268705,0.22489155238724945,0.23491478918587994
0.5563885652595684,0.18984297839170225,0.2537684563487293
0.5574843840341563,0.19907225005262755,0.24344336591321628
0.5487087524157511,0.20210173714444388,0.24918951043980472
0.5660520664036923,0.22504770484637027,0.20890022874993727
0.5752461988035199,0.23345625807612805,0.19129754312035202
0.5691604420755713,0.2362635609479102,0.19457599697651884
0.5532057347085384,0.2423759574451617,0.20441830784629988
0.533618883881221,0.21299606161064946,0.2533850545081294
0.5616575094216538,0.19161901524362443,0.246723475334722
0.555280571449809,0.2188022756241158,0.22591715292607534
0.5489744942000149,0.20422576131663706,0.2467997444833481
0.5459169433039566,0.221029897822629,0.2330531588734146
0.544287181693581,0.24384652902900963,0.21186628927740928
0.5590035418140843,0.24078213684746508,0.20021432133845077
0.5332874622575948,0.24868654444666366,0.21802599329574157
0.5466377861159925,0.24355369599298438,0.2098085178910233
0.5442629608718091,0.24752173966515797,0.20821529946303272
0.5618511045756015,0.221564325354322,0.21658457007007648
0.5604879741819778,0.24147948544101341,0.19803254037700885
0.5435089605504342,0.24236885804069827,0.2141221814088672
