x,y,z
0.40515332356272227,0.30805798821407476,0.28678868822320336
0.3853013656514819,0.30840496352875924,0.30629367081975895
0.39349806407111665,0.3085012308851686,0.29800070504371506
0.40133662435409734,0.30870782916917905,0.28995554647672356
0.39060024963968976,0.30503617701164243,0.30436357334866804
0.3746031251059921,0.3089544145899574,0.31644246030405065
0.3782107625762894,0.3068529388893375,0.314936298534373
0.3707519863822981,0.31131676393564933,0.31793124968205266
0.3845715893774516,0.30558108588409505,0.30984732473845356
0.38785146907318574,0.31007888826509056,0.30206964266172387
0.3934499539144187,0.3104080391353645,0.2961420069502167
0.3919989680508685,0.31002424194803724,0.2979767900010946
0.3938638485887159,0.3093899256065499,0.2967462258047345
0.3776650784518032,0.3081348744616001,0.3142000470865969
0.3735129485053975,0.3091703902915134,0.317316661203089
0.37616328356422946,0.3083129788445603,0.31552373759121033
0.3811457416567403,0.3055383864926646,0.31331587185059506
0.3850806373136636,0.3078644137939142,0.30705494889242213
0.3750463973522261,0.30864766727259413,0.3163059353751797
0.3737796873647201,0.3092192464923984,0.3170010661428817
0.3948253634166645,0.3064805906256908,0.2986940459576447
0.3926816251387056,0.31231160783195194,0.2950067670293426
0.39408375720732425,0.31203510843530824,0.2938811343573674
0.37602566374137314,0.3083263923721927,0.31564794388643425
0.3955772687213367,0.3117479247145286,0.2926748065641347
0.3776800345708381,0.3070080342399936,0.3153119311891685
0.4000647609977086,0.30845888816427997,0.29147635083801177
0.39824547877524347,0.30848572492135934,0.2932687963033971
0.37152573264835587,0.31077299423261284,0.31770127311903135
0.3791791882191854,0.3066041735738889,0.3142166382069258
0.38951869874623,0.3108993433437769,0.29958195790999315
0.39343258337677967,0.30572750562192264,0.3008399110012979
0.38073817411972355,0.3067221361906986,0.31253968968957835
0.3744800960084609,0.3086678928136115,0.31685201117792744
0.3852808657995205,0.3050990085205476,0.30962012567993213
0.39334579323958485,0.30875560555683207,0.297898601203583
0.3703696807388897,0.31168166757786114,0.31794865168324915
0.39208338680478527,0.31314647453411015,0.2947701386611046
0.395684950787497,0.3102150536305771,0.2940999955819258
0.4019245305532786,0.3085069988217991,0.28956847062492236
0.39584179112929313,0.30782298604163993,0.2963352228290669
0.39658664328462334,0.30935742261093313,0.2940559341044435
0.3987128407923407,0.31102739396959184,0.29025976523806746
0.37526697089510813,0.30814583204705726,0.31658719705783495
0.37209616706019943,0.3103509421699968,0.31755289076980375
0.37791801665570446,0.3070100954294537,0.3150718879148421
0.38082620196216,0.30642929606580765,0.3127445019720327
0.37235549094434345,0.31009161230027,0.3175528967553865
0.380341334410163,0.3057984377774591,0.313860227812378
0.372694316180463,0.31001883282583437,0.3172868509937028
0.39437152373533146,0.3095116692345609,0.296116807030108
0.39674803335019176,0.3116274244800723,0.29162454216973605
0.39957855468557785,0.3103925133798866,0.290028931934536
0.3946326612502807,0.31223732765650875,0.2931300110932106
0.3908108217291554,0.3085820355974492,0.3006071426733956
0.3964623681244963,0.31144902649288425,0.2920886053826196
0.373268126081702,0.3096164549281867,0.3171154189901112
0.37611067656986974,0.3077500843432388,0.3161392390868917
0.3785008947515463,0.30694432768705593,0.3145547775613978
0.37566863260918193,0.30830166973511697,0.3160296976557012
0.3759603045526079,0.3080703611187242,0.31596933432866775
0.37832973631691613,0.30698087061558116,0.31468939306750277
0.3797127526068397,0.30781747269803317,0.31246977469512743
0.38232244103334195,0.30558552851366605,0.31209203045299194
0.3979524000888111,0.31011075471793564,0.29193684519325347
0.3839080120434726,0.3079701704903386,0.3081218174661888
0.3710693603826759,0.3112309775503592,0.3176996620669652
0.3808181629868322,0.3078781224807467,0.3113037145324212
0.3850647465996106,0.30621886219680094,0.3087163912035886
0.3835386820082395,0.30587486760620364,0.31058645038555727
0.4015800554634509,0.3089057954031584,0.2895141491333909
0.3906248982304884,0.3052379945080646,0.30413710726144744
0.3969487581013953,0.305888928517963,0.29716231338064175
0.395589407035443,0.3069384767456687,0.29747211621888847
0.3779655969957445,0.30701355528821167,0.31502084771604383
0.37364147516054136,0.3093202758624507,0.31703824897700805
0.37715181192301117,0.30705140375349005,0.3157967843234988
0.3926131436534795,0.3030361957777729,0.3043506605687477
0.3770057229504838,0.30768072406638936,0.31531355298312713
0.3761697560531263,0.30871872904706515,0.3151115148998085
0.3892999173150623,0.3051857446380311,0.30551433804690686
0.3794471318218623,0.3077141918688383,0.31283867630929935
0.3755538810596555,0.307923760321386,0.3165223586189589
0.37427483129126377,0.3087695469669749,0.3169556217417615
0.3941902074901434,0.3064691842961046,0.2993406082137522
0.39648613238353714,0.31155624522028735,0.29195762239617534
0.381947747910781,0.30666397767215614,0.311388274417063
0.3719143503573483,0.31042230324901177,0.3176633463936398
0.38982006976652994,0.307482402797511,0.302697527435959
0.37149798012327073,0.31083742630483235,0.3176645935718969
0.3828735121370024,0.3053545358311397,0.3117719520318582
0.3781628375799161,0.30724253280432584,0.3145946296157582
0.3927303710203674,0.31124887827555336,0.2960207507040795
0.39043786328007324,0.3054800940137735,0.3040820427061536
0.3790232822998888,0.3063306238856143,0.31464609381449693
0.3887988762312975,0.3076191186261485,0.303582005142554
0.3758818546593867,0.30828668255695835,0.31583146278365526
0.37327310127286106,0.3097399582968329,0.3169869404303062
0.3816108892429664,0.3057352171092781,0.31265389364775587
0.398350566709894,0.3101016519064512,0.2915477813836549
0.37300603820674877,0.3097879603019929,0.3172060014912585
0.3930452977373147,0.31048695608201177,0.2964677461806737
0.3999566030385532,0.31029016297988443,0.28975323398156266
0.3731756974174721,0.30976436502134425,0.3170599375611839
0.3782116460019705,0.3062339740255612,0.3155543799724685
0.38288244153625917,0.30563770600246737,0.31147985246127363
0.37799312852200806,0.3072738708993583,0.314733000578634
0.37257893259773434,0.30999040291564506,0.3174306644866207
0.39961964776055947,0.30981791152301524,0.29056244071642523
0.3748999548489838,0.3084170892667655,0.316682955884251
0.39606625658828865,0.30943563193827517,0.2944981114734363
0.3764721682099287,0.30837062367891677,0.315157208111155
0.38452508020434406,0.3089170406318982,0.3065578791637581
0.3747300705969381,0.3084456050889598,0.31682432431410223
0.375395700796019,0.3082367056654544,0.3163675935385264
0.3811242974441425,0.306420405309126,0.3124552972467313
0.38088270932937873,0.3077793030440146,0.3113379876266067
0.3730864209249001,0.3095922122418504,0.31732136683324946
0.370144243877887,0.31185900948369877,0.3179967466384146
0.3852148389885586,0.304930948277269,0.3098542127341728
0.37076204341592867,0.3112897065543083,0.3179482500297634
0.3795201762404057,0.30820248680229134,0.3122773369573033
0.3736772415876278,0.3093018800056416,0.31702087840673054
0.3808562807719791,0.30637920112477984,0.31276451810324113
0.37714330065357937,0.3077680415513704,0.3150886577950506
0.3713510644646149,0.31077945816399183,0.31786947737139354
0.37412340195881183,0.30887007732964944,0.31700652071153906
0.3993095947860371,0.3100750572142902,0.29061534799967287
0.3881160343331287,0.3067332776021764,0.30515068806469503
0.39504277844715274,0.3108053515647813,0.2941518699880661
0.3732746050033956,0.3097148252898449,0.31701056970675967
0.3973001286855731,0.3098712552462205,0.2928286160682063
0.38459543607670765,0.3050666838427143,0.31033788008057817
0.3841379646368731,0.30721735482544993,0.3086446805376768
0.378112385842843,0.30754538239657325,0.3143422317605839
0.38166653739374584,0.306408030266674,0.31192543233958037
0.38444488770240814,0.3042902011673891,0.3112649111302029
0.3756501875155122,0.30796107755627034,0.3163887349282176
0.3736480094977974,0.309334461438283,0.31701752906391956
0.394049123222759,0.30857614469538264,0.29737473208185844
0.39620729125923737,0.31039360703605906,0.2933991017047037
0.3700942323017062,0.31179560716783306,0.3181101605304605
0.36914566959090506,0.3125378032151058,0.31831652719398945
0.3743616676606941,0.3089712778913368,0.31666705444796905
0.3919888861203947,0.3050903174115818,0.3029207964680237
0.38542511857304435,0.3070232537695545,0.3075516276574013
0.3816675190904434,0.30666405180535916,0.3116684291041977
0.4004310077733796,0.3089825533111025,0.29058643891551833
0.3874279742970537,0.3069704489920646,0.30560157671088173
0.3725734679220648,0.31004748965761636,0.317379042420319
0.37569267260469985,0.3078288021799743,0.31647852521532605
0.3967730560157194,0.3062856730108972,0.2969412709733834
0.3974457809929974,0.31125155077984923,0.2913026682271535
0.37106546170439514,0.3111778146423405,0.31775672365326446
0.3962333981835726,0.30632229436533664,0.2974443074510911
0.3762547387813872,0.3079087146972513,0.3158365465213615
0.3949297088792083,0.31216856002933524,0.2929017310914568
0.3727403977472684,0.31001339631809005,0.31724620593464165
0.3935769735361303,0.30936734615439854,0.2970556803094713
0.37379836241718656,0.3092231506117655,0.31697848697104813
0.37350207921934686,0.3093093583348652,0.3171885624457881
0.3842705100467386,0.3077900676171583,0.3079394223361029
0.39527077994177723,0.30701426301655566,0.2977149570416673
0.385355667283629,0.30951690144605387,0.3051274312703175
0.3980896716669383,0.30335239068032693,0.29855793765273453
0.3847732188342424,0.3065506307820425,0.3086761503837151
0.3756835794625675,0.3080164414448048,0.3162999790926276
0.40024829187776606,0.30902672929588404,0.2907249788263499
0.3721794900290555,0.31017655344310047,0.3176439565278443
0.39737770426337937,0.3085317429188423,0.29409055281777846
0.3951591292698483,0.3107992187142662,0.29404165201588556
0.38312881113971453,0.30683820124179145,0.3100329876184941
0.37139025919768276,0.31089931989598646,0.31771042090633106
0.39651353025626007,0.31174070858503594,0.29174576115870415
0.3948581481736283,0.30634382730918563,0.2987980245171862
0.3959150332747947,0.3111457919023297,0.2929391748228756
0.3804950576898798,0.30585838746750116,0.31364655484261944
0.39879692296123315,0.30981550713689493,0.29138756990187187
0.38114718172343515,0.3065320395587022,0.3123207787178627
0.37715418282270047,0.30744593415032406,0.31539988302697586
0.37880240508500795,0.306292982064768,0.3149046128502239
0.39220220133143513,0.3066853572350056,0.3011124414335594
0.3809334498797949,0.3058504233702887,0.3132161267499169
0.3784875578068726,0.306405139198245,0.3151073029948826
0.3730864084719857,0.30961633144634393,0.3172972600816706
0.38861691386436076,0.3054562600927465,0.3059268260428929
0.37707745794123937,0.3075862598465099,0.3153362822122508
0.3900012309759917,0.30963644487969455,0.30036232414431396
0.37345839407295517,0.309799748120358,0.31674185780668684
0.39926051229760384,0.30971876710452856,0.291020720597868
0.3969705259730373,0.30805649451185224,0.2949729795151107
0.382814347806093,0.30619048616483524,0.31099516602907173
0.3757011174310654,0.308061095339907,0.31623778722902773
0.39149568548248537,0.30894296513463,0.2995613493828847
0.36962685060241296,0.3122316434887689,0.3181415059088186
0.3755104657502101,0.30809085150974475,0.3163986827400455
0.3888127493411873,0.3109296412564354,0.30025760940237756
0.39179233670136127,0.3082534904501848,0.29995417284845416
0.39587557905484005,0.3086265653395921,0.295497855605568
0.3930173563547718,0.3127464129504972,0.2942362306947313
0.3904734247503172,0.3065252229094753,0.30300135234020753
0.3709010666409249,0.31119347386852275,0.3179054594905522
0.3835053763401905,0.30851076320691984,0.3079838604528895
0.38553539891856703,0.3051345952370379,0.30933000584439513
0.3978923509056008,0.3107474235446942,0.29136022554970503
0.3862720994428277,0.3056491195684137,0.30807878098875857
0.39011775229742074,0.30604580643232143,0.3038364412702581
0.38323167444358924,0.30591541658944676,0.3108529089669637
0.38827757819706576,0.30682544799244726,0.3048969738104871
0.3770979898833271,0.30766163106969546,0.3152403790469775
0.3922261576688544,0.3051887546125454,0.30258508771860043
0.39351392034468236,0.30747044690229547,0.29901563275302245
0.38827564192144304,0.30606287700123036,0.3056614810773266
0.37117251890842773,0.31102108424959,0.3178063968419823
0.39963848339001734,0.3099874498435318,0.290374066766451
0.37168923467360976,0.3105620444832226,0.31774872084316763
0.37762511152411454,0.3074534309035349,0.3149214575723504
0.3751503608730853,0.30851198115878775,0.31633765796812746
0.37046224788286536,0.3116272332143813,0.31791051890275346
0.3731901468074441,0.3099417212991453,0.3168681318934107
0.3787539690590535,0.3072790579599189,0.31396697298102766
0.3970792785386602,0.3072858211356498,0.2956349003256901
0.3915922208895394,0.30651879873229876,0.301888980378162
0.39166044924667426,0.30835561750558127,0.2999839332477445
0.37582166476239337,0.30793822926828535,0.31624010596932145
0.39736735253987276,0.30591740234841636,0.29671524511171093
0.3764570590212154,0.3075500320291431,0.31599290894964177
0.378541093040543,0.3073259972463611,0.31413290971309615
0.3828236212789107,0.30454943037998944,0.31262694834109994
0.38689907725179135,0.3076801257079308,0.3054207970402779
0.3984003669777655,0.31023068437125667,0.29136894865097834
0.3768076207452273,0.3078769721412117,0.31531540711356126
0.397986284691923,0.31108571007089925,0.29092800523717793
0.37801371821656926,0.3076747788449831,0.3143115029384477
0.3914682207711046,0.3093628761254298,0.2991689031034657
0.38283445411259537,0.3066971271281803,0.3104684187592242
0.3715983661390905,0.3108075378312752,0.31759409602963445
0.3990246295677343,0.30845352085424044,0.29252184957802535
0.3741877455223142,0.3088442242386359,0.31696803023904985
0.37894662826281805,0.3076412071694319,0.31341216456775
0.3862858845985526,0.30668259871668,0.3070315166847673
0.38819137198027476,0.30692418344635874,0.3048844445733669
0.39246491879258966,0.3042122018489484,0.3033228793584621
0.39308095039450336,0.30590988714312933,0.3010091624623675
0.38215689139869874,0.3069947803418539,0.3108483282594475
0.3948757437857078,0.3101866148442578,0.2949376413700346
0.39651064175621337,0.3082109427706109,0.2952784154731757
0.37231409334138676,0.31017424690411194,0.31751165975450146
0.385661805841662,0.306700941964125,0.30763725219421334
0.37695946341633446,0.3076666072635366,0.315373929320129
0.39959106678326756,0.3097048478726715,0.29070408534406095
0.3913820814960456,0.3121802694705593,0.29643764903339526
0.3987871444901714,0.30831037425674473,0.292902481253084
0.39732751522353754,0.3117011504610859,0.2909713343153769
0.3712237946686999,0.31106656388316645,0.31770964144813374
0.3857313388969883,0.30794966770507326,0.3063189933979388
0.3938131775915274,0.31206808771946526,0.2941187346890072
0.38754661854173167,0.30679093497108856,0.30566244648717983
0.38386197129986277,0.30756844732951083,0.30856958137062657
0.37648380491765004,0.3073685930520702,0.3161476020302796
0.3921802558806589,0.30491265668027967,0.30290708743906153
0.38424776442341857,0.3098909794987972,0.3058612560777843
0.39226310346508286,0.31067197185926476,0.29706492467565226
0.3856034797955262,0.30614467034217724,0.3082518498622966
0.3691161253267987,0.3126353752361424,0.3182484994370592
0.39403279536448355,0.311263962551213,0.29470324208430343
0.37286444040033284,0.30982078991711626,0.317314769682551
0.3722801667630076,0.31031524607391814,0.3174045871630743
0.3954043707979937,0.31097556900280715,0.2936200601991993
0.3922879229686278,0.3126165986508985,0.29509547838047356
0.3981816516589959,0.31037828005326207,0.29144006828774216
0.37331679583871735,0.30944038041320976,0.31724282374807306
0.39972571354538083,0.31073676035712283,0.28953752609749656
0.3860134618338936,0.31057135978538103,0.30341517838072535
0.3743277441377868,0.30877724545761964,0.3168950104045936
0.3794615846573847,0.30713245933302985,0.3134059560095855
0.3963688876812988,0.3113588692689718,0.2922722430497296
0.38950804686417234,0.308996832488832,0.3014951206469958
0.3825583507965355,0.30594043113964026,0.31150121806382464
0.3784758654715613,0.30685030448181727,0.314673830046622
0.393463306702065,0.3110289286849224,0.2955077646130124
0.3922096820477217,0.30666231899446494,0.3011279989578134
0.39995103732400344,0.3076614305780828,0.2923875320979135
0.3932690161524158,0.3067397158576225,0.29999126798996184
0.3799952547723473,0.30708507152182135,0.3129196737058316
0.37254505539036664,0.3100185255730657,0.31743641903656794
0.39063801359813644,0.31056789498652854,0.2987940914153354
0.3853392345628699,0.30550747925251726,0.3091532861846129
0.3799099426868766,0.3078766695070513,0.3122133878060723
0.37277988960369735,0.3098043029464067,0.3174158074498961
0.3887163271941631,0.30791919713097027,0.3033644756748669
0.37969361145057867,0.3070065623105745,0.3132998262388468
0.3809435955477862,0.3059728912688775,0.3130835131833368
0.3721754120437628,0.31017649300576144,0.31764809495047586
0.3725526600788602,0.3100673858814742,0.3173799540396658
0.37583861504867266,0.3081964259873965,0.31596495896393106
0.3825382823767073,0.30604535119443094,0.31141636642886183
0.3715705574059255,0.31067304148977437,0.31775640110430037
0.3766304524235787,0.3074077557064062,0.3159617918700153
0.3819025983542469,0.3076675544862592,0.3104298471594941
0.3914286812850398,0.3074836024286667,0.30108771628629377
0.37014617359350177,0.31186240554430245,0.3179914208621958
0.38056858515521724,0.3066950658236988,0.3127363490210841
0.37202831749111526,0.31048305949622373,0.3174886230126611
0.39455770907171206,0.3080373599950996,0.29740493093318837
0.3837150646133613,0.30450360604557064,0.31178132934106817
0.37670795889120817,0.3079040026882085,0.3153880384205833
0.3740076491746299,0.30902271415695937,0.31696963666841105
0.37735956800334847,0.3071855947513996,0.3154548372452519
0.39045328769481524,0.30749767401752276,0.30204903828766216
0.3891979345247108,0.30515827571440735,0.3056437897608817
0.374300149189294,0.30909244653417806,0.3166074042765282
0.3718035943007931,0.31062651339395997,0.3175698923052471
0.3989684997718762,0.3105381337693931,0.29049336645873114
0.38473334200258913,0.30510843379828767,0.3101582241991233
0.3720559619880819,0.3103609901899287,0.31758304782198965
0.39465805332061477,0.3094084870754218,0.2959334596039634
0.38216639713846695,0.30636004603056527,0.3114735568309676
0.3984056327425645,0.31086973681441854,0.29072463044301733
0.39052233084113264,0.31320660232637776,0.29627106683248977
0.38430722880062673,0.3049451247465136,0.31074764645285957
0.3944701539184368,0.31263104755145654,0.2928987985301063
0.39367862171275386,0.31078663314896154,0.2955347451382848
0.3789528693496498,0.30728364683357856,0.31376348381677177
0.38175268245669414,0.30698567078079503,0.31126164676251084
0.3766071724369653,0.3084292099797293,0.3149636175833056
0.39390386220144064,0.31229521391804854,0.29380092388051116
0.40066107962760733,0.31021618774157245,0.28912273263082033
0.3827308038601476,0.3084010149379738,0.3088681812018788
0.370745085525637,0.3114546306240753,0.3178002838502878
0.3745476061727715,0.30907364558060685,0.3163787482466217
0.37035656720195576,0.311697445094619,0.3179459877034255
0.38878613238239196,0.3046614134452045,0.30655245417240384
0.37050442624822394,0.31148693178199277,0.31800864196978346
0.39610507378670634,0.31198822066979,0.2919067055435036
0.3990748515472111,0.3043244412783922,0.2966007071743969
0.38777176073290864,0.3066520655045736,0.30557617376251806
0.3780412355513042,0.30716604247809975,0.31479272197059643
0.3911742166567588,0.31061627849672635,0.29820950484651504
0.3948388622665765,0.30882412206125276,0.29633701567217086
0.3847352560845647,0.3038544939476494,0.31141024996778616
0.37673929719724786,0.3076884897364584,0.31557221306629396
0.3952531598901631,0.30864462849279994,0.2961022116170372
0.38010454519140907,0.3058703789564731,0.3140250758521178
0.375375391580821,0.3081736316284711,0.31645097679070805
0.39154948207612655,0.3061914303984022,0.3022590875254716
0.391911756220791,0.30670521677858326,0.30138302700062586
0.3819188926089572,0.3067500395773305,0.31133106781371267
0.3755682506257188,0.3082681110654181,0.3161636383088632
0.3938981118835013,0.30987901753045644,0.29622287058604224
0.3731157460541422,0.3096083366528462,0.3172759172930121
0.3905140619642252,0.30551493270027635,0.30397100533549837
0.3839202819188491,0.30582277721366197,0.31025694086748895
0.3852600955852087,0.30486937991847884,0.3098705244963126
0.37725346329631965,0.3073463776890587,0.31540015901462204
0.3952581135325732,0.3105390065598807,0.29420287990754634
0.3794869253057774,0.3065422039167636,0.31397087077745905
0.3754201529323822,0.3082720529352668,0.3163077941323512
0.3899805259848285,0.3080862161279814,0.30193325788718994
0.39062740455619427,0.31017501341823234,0.29919758202557356
0.37294183948993864,0.30971830812431367,0.3173398523857477
0.38365738272965294,0.3060592593420359,0.3102833579283116
0.3709212339494797,0.31129998592242775,0.3177787801280927
0.3908668087940281,0.3091153419630592,0.3000178492429131
0.38978836313799664,0.3089688725274599,0.30124276433454356
0.37917105509430904,0.30695727290668084,0.31387167199901017
0.39199053682701157,0.3140717172496421,0.2939377459233461
0.37806028653379686,0.307646754309358,0.3142929591568451
0.3936582571468508,0.31218167349627207,0.2941600693568772
0.39563907316751457,0.31159414572187044,0.29276678111061516
0.3798688650930222,0.3058414842531986,0.31428965065377923
0.3967985422004661,0.30959032188662455,0.2936111359129092
0.37262791347887825,0.3099263990136712,0.3174456875074504
0.38245396371370327,0.30772822066217304,0.30981781562412364
0.3967199039482462,0.31039099823355804,0.29288909781819605
0.3908717619059724,0.3101592120717748,0.2989690260222529
0.39259283083637114,0.31140582074105794,0.29600134842257114
0.39305158675804575,0.3070437518750042,0.2999046613669498
0.4004668001692685,0.31017666520324444,0.2893565346274874
0.39065721670141146,0.308900056465519,0.3004427268330696
0.3824575955182975,0.3093089249829374,0.30823347949876534
0.39366868214082695,0.30571472665831523,0.3006165912008578
0.3738331001424047,0.3091453146929409,0.3170215851646544
0.3953404290826623,0.3095927158270847,0.2950668550902533
0.3773985997526197,0.3075948759114834,0.31500652433589704
0.3699257266586311,0.3120672335443294,0.3180070397970396
0.3971661606515753,0.31030378153097515,0.2925300578174498
0.39502035795480367,0.3084531554740804,0.296526486571116
0.38472274468513207,0.3057133287568088,0.30956392655805953
0.37440613256349,0.3090364068103103,0.31655746062619977
0.3690122118871337,0.3125988060683736,0.31838898204449295
0.3803442021308564,0.30597145262395586,0.31368434524518796
0.3825889888760007,0.3062760337497674,0.31113497737423207
0.3736290851515258,0.3093118542186589,0.3170590606298151
0.37213782486825464,0.31042460147570416,0.3174375736560414
0.375038466463434,0.30843839842404946,0.3165231351125167
0.37358918838957855,0.3092847894328284,0.3171260221775932
0.3718363869574366,0.31049885126259197,0.3176647617799717
0.39860226618964945,0.3082190869667993,0.2931786468435513
0.39048614410237215,0.3073826855157446,0.30213117038188353
0.37973541108370906,0.30673431835943177,0.3135302705568593
0.38863839545493006,0.30643743063730416,0.30492417390776577
0.39558642198659366,0.3101766396170395,0.29423693839636683
0.38458396386944815,0.30707370486772756,0.30834233126282407
0.3744936625214482,0.30897638258248805,0.31652995489606406
0.3940488562623643,0.30943689035494343,0.2965142533826927
0.37196701048125247,0.31043593133910896,0.31759705817963885
0.3792123285528951,0.3064797810888753,0.31430789035822926
0.372599279160066,0.3100995642169548,0.31730115662297936
0.3738170972837631,0.3092255408994398,0.31695736181679734
0.3981877139628919,0.3044603896597337,0.29735189637737436
0.3781373556057803,0.30790979867304785,0.3139528457211722
0.38728948613123815,0.30899417364247916,0.3037163402262828
0.3729356889575865,0.309908093241753,0.3171562178006607
0.4013044973375842,0.30908692733382404,0.2896085753285914
0.401078160208775,0.30868989562311605,0.290231944168109
0.3956639579808249,0.30624829824783106,0.2980877437713443
0.3829346152948446,0.3053727857562503,0.3116925989489048
0.3714763902490739,0.31076474692565575,0.3177588628252706
0.37145093806117235,0.31086387462382425,0.3176851873150034
0.3748879133181271,0.3085592443029659,0.31655284237890713
0.4009894970473545,0.3097518784022492,0.2892586245503962
0.38542655379888524,0.3086102661027363,0.3059631800983786
0.38679603290234194,0.308625301894773,0.30457866520288535
0.37254207289972363,0.30999677396340086,0.3174611531368755
0.3748909913343824,0.3083975461920261,0.31671146247359183
0.3972573612555623,0.3111357038681748,0.291606934876263
0.39712962668190316,0.30860836195766705,0.29426201136043006
0.3796949688113129,0.30599936208249,0.31430566910619706
0.40091494772654745,0.30993211212439453,0.2891529401490581
0.3984701157754307,0.3110458812846779,0.2904840029398914
0.3783475388634625,0.30775746007787774,0.31389500105866
0.39556444708083494,0.3068967299713864,0.29753882294777867
0.39662406463949795,0.3115336209360117,0.2918423144244904
0.38724171727993323,0.306114564585578,0.306643718134489
0.3802898137326312,0.30578702542969527,0.31392316083767347
0.3788436994261325,0.30653198790854885,0.31462431266531893
0.3836289984222355,0.3052942098369674,0.3110767917407974
0.3727219136813751,0.30996019133236,0.31731789498626517
0.3995779871952901,0.3107839673640144,0.2896380454406958
0.37773750893548225,0.3068138399132772,0.3154486511512408
0.3779587002173318,0.3071303379703534,0.3149109618123149
0.39627207202366294,0.309445124767832,0.2942828032085051
0.3949263005460305,0.3113000958180535,0.2937736036359162
0.39655039141839477,0.3100942338062619,0.2933553747753436
0.37578530571195745,0.3082008742937467,0.3160138199942958
0.3874797899231215,0.30637356966016466,0.306146640416714
0.3985079283034098,0.30896460227102474,0.2925274694255657
0.3912454291177001,0.3089063155944212,0.2998482552878792
0.3955688951957777,0.3051315161377607,0.2992995886664619
0.374550801497022,0.3090434722722056,0.31640572623077257
0.3869417286706241,0.30500017481560365,0.30805809651377225
0.38638978111063477,0.30665516844071034,0.3069550504486552
0.3817444292740847,0.3071248866704219,0.31113068405549327
0.3999549689556474,0.31022310100127726,0.2898219300430756
0.38107966404031346,0.3062329589196723,0.3126873770400141
0.3738080006963148,0.3093802794475213,0.31681171985616424
0.38557019264800735,0.30714281719097164,0.3072869901610211
0.38863870498307174,0.3051338121735332,0.3062274828433952
0.3728965606743012,0.30974149108656845,0.31736194823913055
0.39471483642132366,0.3064002869150081,0.2988848766636683
0.3976701811654705,0.31200181904777485,0.29032799978675466
0.37247078175279597,0.31015197642382825,0.31737724182337607
0.38078200906433335,0.30878651705329596,0.3104314738823706
0.38041360858032924,0.3074043906366631,0.31218200078300773
0.3732659710221042,0.3095469708639312,0.3171870581139647
0.38989686411463037,0.3091984834138589,0.30090465247151066
0.3734507423859065,0.3095253858755412,0.3170238717385526
0.3805632650466182,0.3083094406988387,0.31112729425454316
0.38503900866966373,0.30657177727232526,0.30838921405801106
0.37092490092224034,0.3112455775658591,0.3178295215119007
0.39911390271490066,0.309973158017226,0.29091293926787304
0.384204420830912,0.30654196360164787,0.3092536155674401
0.385078766390465,0.30516649377184035,0.30975473983769464
0.37049612398930165,0.31152471296442996,0.31797916304626844
0.3742204867052474,0.30894088528647945,0.3168386280082732
0.37741908079297304,0.30782861575132603,0.314752303455701
0.3974205142701242,0.3123202541137263,0.2902592316161495
0.39340965069973555,0.31139661536064495,0.29519373393961956
0.37543488135131176,0.30836037660751275,0.3162047420411752
0.3970997558134419,0.30875273792033564,0.29414750626622244
0.3835327175305162,0.3054379898291488,0.31102929264033485
0.37704142894972775,0.3076435318001944,0.3153150392500782
0.37260983735065467,0.31015888058266444,0.31723128206668116
0.38374681756710954,0.3052644233454337,0.31098875908745693
0.37338407586311123,0.30939983713797137,0.31721608699891746
0.40223139372785965,0.3077227125420903,0.2900458937300502
0.3858267695772339,0.30842381324881335,0.30574941717395304
0.39377646186019005,0.3072858605873522,0.29893767755245815
0.37474754556941564,0.30875445459197787,0.3164979998386069
0.3871712141028495,0.3060708795928935,0.3067579063042569
0.3868876467811638,0.3112276755924257,0.3018846776264109
0.40039882508930935,0.30711200409257877,0.2924891708181121
0.38405903808988684,0.3061090353648173,0.3098319265452959
0.3937701846719583,0.309326766644389,0.29690304868365286
0.39980016726757733,0.3103589398453598,0.28984089288706283
0.396015388459473,0.305409735901259,0.2985748756392683
0.3901886746680903,0.30794131842938555,0.3018700069025239
0.38669996265807927,0.30724526770931665,0.30605476963260403
0.39520354700815125,0.31030304140983134,0.2944934115820175
0.37379033859587724,0.3096094188977802,0.3166002425063429
0.38214052783543584,0.3068356210381904,0.3110238511263741
0.3819629095539502,0.3055692645925735,0.31246782585347643
0.3757526218637924,0.30784540476491123,0.3164019733712966
0.39545766336101223,0.3101500442623497,0.29439229237663833
0.385648063717727,0.30647984752012974,0.3078720887621434
0.3760470161474876,0.3077638221597359,0.31618916169277644
0.3688001433652252,0.3128442151542829,0.31835564148049184
0.3888015446294133,0.3071487106833541,0.3040497446872329
0.39203401083630846,0.31140956698522493,0.29655642217846667
0.3726908831636898,0.3100899999412092,0.31721911689510107
0.37392164055152216,0.3090448413065102,0.3170335181419676
0.39396072038824065,0.30837689402394297,0.29766238558781644
0.3795973420252509,0.30713694307153694,0.3132657149032121
0.37381454712430573,0.3090960473922214,0.3170894054834731
0.37172080268655494,0.3105772972331596,0.3177019000802854
0.37577024420933824,0.30773832439578463,0.3164914313948772
0.371866575750766,0.31066549794227344,0.31746792630696063
0.3982090077757744,0.31052195977245167,0.29126903245177416
0.39834298861347317,0.3114047741305851,0.2902522372559417
0.3721511318160775,0.3102436274859735,0.31760524069794904
0.38242628040071824,0.30574800854424977,0.3118257110550321
0.3792910123233314,0.30784156209608804,0.31286742558058067
0.397704566305081,0.3087733454930812,0.29352208820183767
0.3764390535518846,0.30758369470720437,0.3159772517409112
0.3835608863747827,0.3045005947124001,0.31193851891281715
0.39150804094079505,0.3091600678181305,0.29933189124107495
0.4060244288673944,0.3068767154331904,0.2870988556994153
0.37842016775025,0.30745531146804794,0.31412452078170217
0.37571813957195155,0.3081969642640656,0.316084896163983
0.39691969825739504,0.3092741143950865,0.2938061873475184
0.3816017002561643,0.3094844542043934,0.3089138455394421
0.3976325876593536,0.3089518796402567,0.2934155327003898
0.39286825842928935,0.3051384881180829,0.301993253452628
0.38202653595600095,0.3060484453027731,0.3119250187412263
0.3750264827727777,0.30866278974098715,0.31631072748623534
0.38493896849798115,0.30727830004051454,0.30778273146150426
0.37086747660207964,0.31132759536840143,0.31780492802951876
0.37097464158700333,0.3111182260918566,0.31790713232114026
0.3949355799684666,0.3103184072858434,0.2947460127456897
0.39416321637316376,0.3080154846581105,0.2978212989687255
0.3857980508205935,0.30630508732873674,0.3078968618506698
0.38015393930354735,0.30752544394823683,0.31232061674821576
0.37333585058407914,0.3096296470386092,0.3170345023773117
0.38936368180969644,0.307126065181156,0.30351025300914786
0.381608513610885,0.3061782736697913,0.3122132127193238
0.3947245765555122,0.30837372425706083,0.29690169918742726
0.37881100680178326,0.3074908286437501,0.3136981645544669
0.39465519144024075,0.30891709462095784,0.29642771393880124
0.3935315577084217,0.3123463608495107,0.29412208144206786
0.39310440022934906,0.30778900671851883,0.2991065930521322
0.37499458420011705,0.30828307226385737,0.3167223435360258
0.37389430963977227,0.3090070407240414,0.3170986496361864
0.3911817894690864,0.3068406491450302,0.3019775613858836
0.39622311056199216,0.30903561198815666,0.2947412774498511
0.37113076377909726,0.31114553162976166,0.31772370459114113
0.37923653455158596,0.3059002358931154,0.3148632295552986
0.395161996190307,0.31212633507841653,0.29271166873127663
0.3741736278971222,0.30922740471327587,0.3165989673896018
0.37556950596576444,0.3081266234369343,0.31630387059730125
0.37320356464553467,0.3095995918272498,0.31719684352721567
0.3811599420904287,0.30581016215361523,0.3130298957559563
0.3995503374207746,0.30994452692543695,0.29050513565378866
0.3734917716929549,0.3093792296007035,0.3171289987063419
0.39133835502957587,0.3081637397269119,0.30049790524351255
0.39453436293978844,0.31243060069043554,0.29303503636977635
0.3741343543971939,0.30896220862611035,0.31690343697669576
0.3918054046006873,0.30829903725891256,0.29989555814040036
0.3862818891883098,0.3074118755286009,0.3063062352830898
0.3927165793692561,0.3094967572401525,0.2977866633905913
0.3820336372805648,0.30522129385342656,0.31274506886600884
0.37663318479605584,0.30819413327140577,0.3151726819325386
0.397693544648391,0.30530439782422947,0.29700205752737957
0.37642885084955136,0.30772531852007656,0.31584583063037236
0.37105283674283046,0.3110720445050903,0.31787511875207963
0.3969208456641748,0.3079606504967649,0.29511850383906035
0.3984781225480148,0.3104305280611003,0.2910913493908852
0.3867937024162193,0.30519591573304033,0.3080103818507408
0.37722827587662194,0.3075610736945898,0.3152106504287884
0.37743524898329356,0.3071745383929503,0.3153902126237561
0.39532997204337417,0.31002992131153917,0.2946401066450864
0.3866820434609325,0.3073502188976505,0.3059677376414171
0.39161589829596977,0.3086928743662319,0.2996912273377986
0.3836675940022719,0.30583712291531906,0.3104952830824093
0.39667483431781364,0.3053091243104642,0.2980160413717221
0.3946652418054095,0.30741820897610334,0.2979165492184873
0.38057773882153734,0.3064163854707065,0.3130058757077561
0.4009308193152782,0.3097447800573051,0.28932440062741693
0.3744383952407804,0.30862935105665357,0.3169322537025659
0.37819152505843473,0.306490711113583,0.3153177638279826
0.38929263900955835,0.31005367828184927,0.30065368270859244
0.3765726352822538,0.3074919623689128,0.3159354023488331
0.3727679863058597,0.30993161319420015,0.31730040049994046
0.3734362098702906,0.30947469731751626,0.3170890928121932
0.390020951384462,0.30552715386290275,0.3044518947526355
0.38725521214964154,0.30566521927215895,0.30707956857819974
0.383030735090357,0.30665619685895906,0.31031306805068415
0.37843598253719457,0.30718759634344417,0.31437642111936154
0.3955530115562866,0.31290023279339735,0.2915467556503162
0.37588743617060766,0.30826559409843135,0.31584696973096105
0.3729444866161026,0.3098668173702416,0.31718869601365596
0.39253482941155604,0.3098691426022866,0.2975960279861573
0.37178764223058663,0.3107255229281705,0.3174868348412431
0.37836829054722854,0.3083768167678816,0.31325489268488976
0.4005604983156395,0.30947535847909413,0.2899641432052664
0.383286401741164,0.30514736783578944,0.31156623042304643
0.397268686106778,0.30594713820081126,0.2967841756924107
0.37150163569482725,0.31083633402833344,0.3176620302768395
0.3732212903511046,0.3100388752129352,0.31673983443596
0.3867287529717638,0.3057432384960751,0.30752800853216133
0.3901505297952178,0.3058097119451148,0.3040397582596674
0.3716229103344443,0.31070033363838034,0.3176767560271754
0.3728877114233057,0.30961846320682007,0.31749382536987436
0.38106885231208903,0.3059716479517752,0.3129594997361362
0.3875169164934787,0.3098102513165922,0.3026728321899291
0.3789943830346286,0.3071699874183267,0.31383562954704486
0.4002590535596586,0.3099194004704046,0.28982154596993687
0.3781646341636284,0.3075249828571319,0.31431038297924
0.37256989930309325,0.3099809061207316,0.31744919457617504
0.39468384997913414,0.3109963676519907,0.2943197823688753
0.3887534344134381,0.3096733356326362,0.3015732299539257
0.37951903686035704,0.30639614439934104,0.31408481874030214
0.3766906642082649,0.3081758911960015,0.3151334445957338
0.38824472929536524,0.3039617988860313,0.3077934718186035
0.3787019531380359,0.30651388513785427,0.3147841617241097
0.3768729615353013,0.30721887541382986,0.3159081630508689
0.3892719374480758,0.30790307067251393,0.30282499187941037
0.3955351910272792,0.3117127764987936,0.2927520324739272
0.37235867107435106,0.31034651694819626,0.3172948119774528
0.37291870694831536,0.3096885981256843,0.3173926949260009
0.38459695807737515,0.3061431324774563,0.309259909445169
0.37914531747848046,0.3058499604044836,0.315004722117036
0.3907249341354686,0.30608696113976425,0.30318810472476726
0.3723490236564653,0.3101827944653411,0.3174681818781937
0.4044846220068141,0.30828633498523683,0.2872290430079491
0.38450652256974327,0.30759048870605826,0.3079029887241988
0.39347245316725127,0.3095486290784427,0.29697891775430635
0.39558897579645685,0.31203843625868455,0.29237258794485854
0.37276635285738347,0.3098389857754872,0.31739466136712957
0.4007590949713574,0.3083970698810907,0.2908438351475519
0.39413539279568954,0.3098295912766469,0.29603501592766357
0.3987510927436394,0.31103718809644554,0.290211719159915
0.3799932661316684,0.30775225583861,0.3122544780297215
0.38738658907914036,0.3060936087137398,0.30651980220712005
0.3762934503824039,0.3079969054759111,0.31570964414168523
0.36900509818449245,0.3127797799548521,0.3182151218606555
0.3907310225439282,0.30594260438979104,0.30332637306628085
0.38171420851657745,0.30653894519733443,0.3117468462860882
0.3960659324420249,0.3107477472052952,0.29318632035268
0.381809417893754,0.3055026531914894,0.31268792891475655
0.37386569016217774,0.30906889010482114,0.3170654197330013
0.3943636048392578,0.3108982874212658,0.2947381077394765
0.3796783312809341,0.30591763444929293,0.3144040342697729
0.3845383989866212,0.3073272621818118,0.3081343388315675
0.37335008760569605,0.30954587728495503,0.31710403510934904
0.38254260540706,0.3076909944673974,0.3097664001255426
0.3731157718256353,0.3096164511219808,0.31726777705238385
0.37827831704339193,0.30692637550359964,0.3147953074530086
0.3754052447800975,0.3084982136541113,0.31609654156579103
0.3955498856250313,0.305772492247041,0.2986776221279277
0.40435122843982396,0.3073408282090095,0.2883079433511665
0.40271200151174075,0.30847603391624795,0.28881196457201175
0.39779084607685006,0.310705636141601,0.2915035177815489
0.37330747274593523,0.31002462529793523,0.31666790195612954
0.37663826233263914,0.3074880138348062,0.31587372383255496
0.3870414235369624,0.30584750973729236,0.3071110667257454
0.37660012775832596,0.3080093690600195,0.3153905031816546
0.3834734205632928,0.3069493066251323,0.30957727281157504
0.3940668553612953,0.31138900918654294,0.2945441354521618
0.3998928393307747,0.3100169098116842,0.29009025085754125
0.3909870033521292,0.3132827655821041,0.2957302310657668
0.3950957410544884,0.3111554673418705,0.29374879160364137
0.3958923502684836,0.3125053817703771,0.2916022679611393
0.39170771496496176,0.3055118639615912,0.3027804210734471
0.4009837298114956,0.310195143137956,0.2888211270505485
0.39293890929556624,0.3108051428371156,0.296255947867318
