x,y,z
0.3436432794789731,0.3333221819181179,0.3230345386029092
0.34629036670696256,0.33363864935097187,0.3200709839420657
0.3377490062481761,0.3331804452681447,0.3290705484836791
0.31218055942884393,0.34895793056994956,0.33886151000120657
0.343432829734554,0.3326659085883807,0.32390126167706523
0.33110688843717717,0.3348105819047194,0.3340825296581035
0.33868469217554054,0.3330998469577953,0.3282154608666642
0.343748114153029,0.332928842213838,0.323323043633133
0.34119390250912734,0.3327655232002914,0.3260405742905814
0.31856269601775045,0.34267389604765747,0.33876340793459225
0.33425560695325146,0.33369905837219266,0.3320453346745559
0.3110826975791854,0.35026227921698816,0.33865502320382684
0.34430133366596904,0.3328196628609366,0.3228790034730942
0.3218663705665273,0.3404840097480797,0.3376496196853932
0.3458760234896689,0.33244358820706765,0.3216803883032635
0.31358097367430277,0.3478463255480065,0.3385727007776909
0.3450319983393797,0.3330538311134448,0.3219141705471755
0.33868356492353396,0.33281025240713025,0.32850618266933573
0.34557509398544933,0.3331005732220339,0.3213243327925168
0.31317193687975403,0.3479270647855836,0.3389009983346624
0.3196064023016206,0.34209699716495456,0.33829660053342514
0.33958745579086774,0.33269605402023167,0.3277164901889007
0.3395250979538595,0.33294991178147615,0.3275249902646643
0.3138314889979035,0.3482312519245503,0.3379372590775463
0.3217189125216504,0.34029212288192606,0.33798896459642364
0.344996895298438,0.3332447652104248,0.3217583394911371
0.3120967166155234,0.3496563001859783,0.3382469831984983
0.3147021563266573,0.3475195464020616,0.33777829727128117
0.3453212948059366,0.3335575434241776,0.3211211617698856
0.3216392570520078,0.3403699774440225,0.3379907655039696
0.3425818050565208,0.3331590937531279,0.3242591011903516
0.31161308433419765,0.3497968632154118,0.3385900524503904
0.34246367105553144,0.33315894665980195,0.3243773822846668
0.3457629635387353,0.33355392463298267,0.32068311182828213
0.31276773225144483,0.3494169531374884,0.3378153146110668
0.3382342374829222,0.3327922710969644,0.3289734914201136
0.3190005727846247,0.34268021753368977,0.33831920968168555
0.33718830507016767,0.3332238655895218,0.3295878293403105
0.31327170653711334,0.34777077587068644,0.33895751759220005
0.34621991530390983,0.33404866878727324,0.3197314159088169
0.33259926209557206,0.3342165470974269,0.33318419080700107
0.31310115499416213,0.34886037784940627,0.3380384671564316
0.3143650173626725,0.34765794940902695,0.33797703322830086
0.32104667112204527,0.3409399099584702,0.3380134189194844
0.3155399958303372,0.34635732496822846,0.33810267920143444
0.3385358826878415,0.33352598731211697,0.32793813000004157
0.32646329363496535,0.3370919652589272,0.33644474110610745
0.3321924200122106,0.3343870415558684,0.333420538431921
0.3433522435107864,0.3335262571688524,0.32312149932036116
0.34491762345083565,0.3336331754992665,0.32144920104989794
0.33790692015510926,0.33293871340674314,0.32915436643814777
0.34693744341320504,0.33365671179127676,0.3194058447955182
0.3153708418832224,0.3464057010953229,0.33822345702145495
0.3121833888726441,0.34980796128833563,0.3380086498390205
0.31618286376044125,0.34517588262926,0.33864125361029895
0.3398419872258691,0.3325720214627853,0.3275859913113456
0.31133600667522837,0.34936305136887036,0.3393009419559015
0.3468730708429718,0.3327378011160854,0.3203891280409429
0.3294954742230828,0.3355067718716353,0.33499775390528197
0.32097144271972655,0.34149882266225035,0.3375297346180235
0.3170503444768494,0.3447562918703544,0.33819336365279595
0.3446275071626467,0.33322946442301093,0.32214302841434267
0.3250597531448708,0.33795045078750946,0.33698979606762
0.33427502952725685,0.3338047139185545,0.33192025655418855
0.3194652343437292,0.3424480957528172,0.3380866699034537
0.3214572708304498,0.3404352386283815,0.33810749054116856
0.34797356214394304,0.3332971087151356,0.31872932914092156
0.3295834130151485,0.33547345392566424,0.33494313305918716
0.33549630632642835,0.3334615674762072,0.33104212619736423
0.3155585409452051,0.34519148203711497,0.3392499770176798
0.31957627968831326,0.342563979199797,0.3378597411118899
0.32389412658791716,0.3386681891261111,0.33743768428597165
0.3440749014895196,0.3330419776956044,0.3228831208148763
0.3142701133133081,0.34738601203344954,0.33834387465324234
0.3387503302433855,0.3329383168819143,0.3283113528747002
0.33856336168333634,0.3326752592419705,0.3287613790746935
0.3340529783270311,0.3337350850836921,0.3322119365892767
0.313162948043805,0.34819707460232807,0.33863997735386714
0.3243215170215975,0.33839466791790995,0.3372838150604927
0.3132246151409592,0.34830475125052945,0.3384706336085116
0.34525673526320566,0.33401827178073595,0.32072499295605855
0.3375899116970291,0.3333183533184043,0.3290917349845666
0.3240563186602361,0.3387431466037082,0.33720053473605577
0.31994172931986886,0.34176095936574685,0.33829731131438423
0.3119767834102332,0.349873808269727,0.3381494083200399
0.3297570699527979,0.3353853663243915,0.3348575637228106
0.31539312378939083,0.3459595741120415,0.3386473020985678
0.32984544033478275,0.3353524245139703,0.33480213515124674
0.31822760860037147,0.3432110521432463,0.3385613392563822
0.3451619565705339,0.3329413389289432,0.32189670450052305
0.3404704832009993,0.3330143035353266,0.32651521326367405
0.3305823197681501,0.3350221333455309,0.3343955468863191
0.3277412017180601,0.33637850686781984,0.33588029141412
0.3213416335238237,0.3407809312261095,0.3378774352500668
0.312547875292689,0.3495561949945689,0.3378959297127418
0.3112143719634567,0.34994782147948267,0.33883780655706097
0.33932445973981074,0.3329673372730363,0.32770820298715303
0.3174621537371475,0.34394392027930387,0.33859392598354876
0.33743089939425985,0.33321203780640063,0.3293570627993395
0.3426127100561918,0.3334641450368643,0.32392314490694385
0.31410188581166665,0.3477197462034287,0.33817836798490475
0.33513251105053893,0.33354625304543783,0.33132123590402296
0.3156954911683757,0.3456891570676496,0.33861535176397484
0.3222712493547557,0.33986285497291846,0.33786589567232583
0.3251124171353181,0.33789480140147304,0.336992781463209
0.3291149838756587,0.33568476589688945,0.3352002502274518
0.3426327095145062,0.33271797112049045,0.3246493193650034
0.3150448742578971,0.3465395282608955,0.3384155974812075
0.34342559155022667,0.3337524239668937,0.32282198448287963
0.3222334302826433,0.3399690176279705,0.33779755208938655
0.32608858808701036,0.3373139014449489,0.33659751046804076
0.31436874794406877,0.34706038573137843,0.33857086632455274
0.3232616945196354,0.3392928435240899,0.33744546195627484
0.32854493537641727,0.33596370146608356,0.33549136315749906
0.3389019841126191,0.3327271100320554,0.3283709058553256
0.3303217041975244,0.3351358462893541,0.3345424495131216
0.31587117678035437,0.345417239063569,0.3387115841560765
0.32625312404044626,0.33721892942905807,0.3365279465304958
0.3251434504805809,0.3379609613488709,0.3368955881705483
0.33132078449812297,0.33476430411112035,0.3339149113907569
0.34032023952616725,0.33240251606508253,0.32727724440875
0.3108125002129448,0.3506980948833697,0.33848940490368573
0.3176344781317758,0.34393260022217353,0.33843292164605054
0.32453643691155254,0.33824448847003796,0.33721907461840916
0.3120411420540702,0.34991266845042296,0.338046189495507
0.3275513767078666,0.3364768747268467,0.33597174856528683
0.32271334764760423,0.33948634499039726,0.33780030736199895
0.31660998961711784,0.3444966483095921,0.33889336207328996
0.3126011885949471,0.3497330886514254,0.3376657227536276
0.3330118058900248,0.33408317637464946,0.3329050177353259
0.31696358128687485,0.3449593628089019,0.33807705590422316
0.3150075278999971,0.346590566689137,0.3384019054108658
0.34570885993939493,0.3336308941222573,0.32066024593834774
0.3115676546433048,0.35030440917104755,0.33812793618564774
0.3239815483901813,0.3386885228488746,0.33732992876094436
0.32629611664010355,0.3371801743239289,0.33652370903596757
0.3223250917584335,0.33993414457433524,0.3377407636672313
0.34560805859801524,0.33394559089926124,0.32044635050272396
0.34014980468503947,0.33300544237317253,0.3268447529417881
0.31814518898113736,0.343441482533961,0.3384133284849016
0.320953907911914,0.34102694424302193,0.33801914784506415
0.3439993666402015,0.3342593207728852,0.3217413125869132
0.34716310612963275,0.3336435261092944,0.31919336776107304
0.32779030577083945,0.33635030889619044,0.33585938533297016
0.31229247588623055,0.34979467249759244,0.3379128516161771
0.32372835682973594,0.33906483835656326,0.3372068048137012
0.31246017845900864,0.34899758459999713,0.3385422369409943
0.3458605800114824,0.3342487060491399,0.3198907139393779
0.32419052326971187,0.3385576358339222,0.3372518408963662
0.3201683656748524,0.34172576193336046,0.3381058723917872
0.3427694888417841,0.3329152268905364,0.3243152842676797
0.316089402320474,0.34609744091458927,0.33781315676493673
0.3123211676156701,0.3493498809085077,0.33832895147582204
0.34652866251965825,0.33358913737856477,0.31988220010177726
0.3286359791303425,0.3359179516577279,0.33544606921192943
0.3385166246652614,0.332905762573994,0.3285776127607447
0.32655716360164955,0.33705384610680367,0.33638899029154684
0.31678401246337656,0.3448760593403954,0.33833992819622827
0.3198183216160562,0.34228188369782403,0.33789979468611975
0.3276234525007402,0.3364409272294329,0.33593562026982715
0.32311869487917394,0.33938573280250384,0.33749557231832217
0.3439386304335029,0.3334772151147033,0.32258415445179384
0.32018504418602933,0.3417297196098956,0.33808523620407505
0.31857486313770156,0.34257754825222336,0.338847588610075
0.3369346134042016,0.33311444689272224,0.3299509397030765
0.32822212657086414,0.3361268891657071,0.3356509842634289
0.3398662945511165,0.332717473513249,0.32741623193563474
0.34687199703651295,0.3335270062324365,0.3196009967310507
0.34377331499432773,0.33272684532666125,0.32349983967901114
0.3350769947491343,0.3335449878295329,0.33137801742133294
0.3180764067094133,0.34357891313820627,0.3383446801523805
0.3344645749515923,0.33375205372536554,0.33178337132304236
0.34030837981585066,0.3323452404147377,0.3273463797694117
0.31483902910278994,0.34701657140209863,0.3381443994951113
0.32053772047083395,0.34119547863286326,0.338266800896303
0.3208624337551219,0.3410100142828822,0.33812755196199584
0.3434813441245479,0.332592648267871,0.32392600760758133
0.336118978656367,0.3335590501336429,0.3303219712099902
0.34412112666468697,0.3337341581071158,0.32214471522819743
0.33361744546608685,0.33406217514926406,0.33232037938464914
0.3444062607413525,0.33324722973337356,0.32234650952527394
0.33826486559631785,0.3328285052569072,0.3289066291467749
0.3253529211748349,0.33773573430005316,0.33691134452511196
0.3458562768463495,0.33376765672089576,0.3203760664327548
0.31472608622265874,0.34644975014158436,0.33882416363575707
0.3124895827691921,0.3490173487749971,0.33849306845581106
0.31633023425705964,0.34557569727406046,0.3380940684688797
0.3292494026088755,0.335617429559916,0.3351331678312085
0.3144020186166867,0.34749459837637164,0.3381033830069417
0.3179350492597155,0.34330433384345044,0.33876061689683423
0.3333846633350667,0.3341675200165359,0.33244781664839734
0.3464615196991765,0.3331986699991114,0.32033981030171227
0.34421286111390503,0.33282105010105834,0.32296608878503674
0.34045018997217125,0.3330354325191285,0.32651437750870027
0.3370879154917643,0.3331492515730802,0.3297628329351556
0.3208928314735163,0.3408142403364186,0.3382929281900653
0.3207776750005967,0.34086691328171426,0.3383554117176893
0.3427583793899621,0.33338578290053344,0.3238558377095046
0.33721730431748,0.3328216118663859,0.3299610838161342
0.3234772876891153,0.33905197750177274,0.3374707348091121
0.31751560359614667,0.34381296925721333,0.33867142714664
0.34780737500003456,0.3327147104607545,0.3194779145392109
0.331762234708436,0.3345736031798259,0.333664162111738
0.3458457470759645,0.3324521253658781,0.3217021275581575
0.3447106889120902,0.3330816026240254,0.3222077084638843
0.329979065214275,0.33528988451541103,0.33473105027031413
0.34682758741115294,0.3329926420820011,0.3201797705068461
0.32232574772968137,0.3399197423647453,0.33775450990557354
0.3152486418313261,0.3461321715567426,0.33861918661193136
0.33930498718793967,0.3331477954395437,0.3275472173725166
0.31389563811230337,0.3469039279147319,0.3392004339729652
0.3224373046962078,0.3397864872171421,0.3377762080866502
0.31432011497686174,0.3488281577971697,0.336851727225969
0.3126762249455557,0.3493638188528633,0.33795995620158126
0.34122103030804085,0.33292977694224063,0.3258491927497184
0.3449301141855894,0.33349285275230645,0.3215770330621043
0.3158725783935046,0.34628231397771125,0.33784510762878417
0.33708468658078655,0.3329195485254758,0.32999576489373783
0.3248348327824258,0.33805326149280757,0.3371119057247667
0.3159852755210576,0.3453898919001648,0.3386248325787778
0.32642114502583824,0.3371102581887056,0.3364685967854564
0.313979059193629,0.34827935956248374,0.3377415812438874
0.3137628211377609,0.34880394000620213,0.337433238856037
0.3462397657390228,0.3340263981960514,0.31973383606492595
0.34437937035091937,0.33235395445052995,0.32326667519855073
0.3411052899182553,0.33266080055233055,0.3262339095294142
0.3160620542031965,0.34616713888985606,0.33777080690694755
0.32809617975445626,0.3361920079527755,0.33571181229276825
0.32434226525089266,0.33844112440769036,0.33721661034141714
0.32838741238727115,0.3360429915233386,0.3355695960893903
0.31876663367567515,0.3428625826012221,0.338370783723103
0.33022215087808704,0.33517651551790106,0.3346013336040118
0.32536686934927367,0.33774299031680766,0.336890140333919
0.34071923720451736,0.3326540824042422,0.32662668039124043
0.34647526096573894,0.33356643627069804,0.31995830276356313
0.3470861288126861,0.3318204302753888,0.32109344091192515
0.3115732849807439,0.35014667344569633,0.33828004157356006
0.3171661678962405,0.3442217937088671,0.3386120383948925
0.3234869706372447,0.3390686060315721,0.3374444233311835
0.3321312495783447,0.33446622641566415,0.3334025240059909
0.3147556318173418,0.3463777572347885,0.33886661094786985
0.31478024539489075,0.3466135682626969,0.33860618634241246
0.31209089911466,0.3496665550549474,0.3382425458303926
0.3145112667154783,0.34701518568909173,0.33847354759543
0.32364176891707147,0.3388978212849156,0.33746040979801306
0.31800558633128495,0.3444247056933054,0.33756970797540997
0.3362040634307087,0.3333190848658613,0.33047685170343
0.314000352563223,0.34765650493915023,0.3383431424976267
0.34733189156769023,0.3331786283242433,0.31948948010806677
0.3407919258115156,0.3329378834578759,0.32627019073060864
0.31655362929978126,0.34529030052702214,0.33815607017319654
0.31731551369487127,0.3439770945622155,0.33870739174291337
0.31560944083026554,0.34758503723117995,0.3368055219385546
0.3411400843491551,0.33240850610477185,0.32645140954607327
0.34356293291187157,0.33254265803704425,0.32389440905108413
0.3301458396842541,0.33521688326286425,0.33463727705288177
0.3373161313097125,0.33351874485435373,0.32916512383593366
0.32682931036994645,0.3368883543514352,0.33628233527861834
0.3115847088845374,0.34978576958689306,0.3386295215285694
0.3340200616032851,0.3338451502601819,0.3321347881365331
0.32363408527882287,0.33893629816512194,0.3374296165560553
0.3388281623074334,0.33306564493780616,0.32810619275476055
0.31467079825300703,0.34637762582347176,0.3389515759235212
0.3303470605824657,0.33512515927571734,0.33452778014181717
0.33335141234169224,0.3340694646680002,0.33257912299030773
0.3440740870269492,0.33294031796227763,0.3229855950107731
0.3231812280807004,0.33929230327914456,0.3375264686401552
0.3276367831124003,0.33643450462955266,0.33592871225804694
0.3119651411864552,0.3493366886899989,0.3386981701235461
0.34239120138359175,0.3328102965268765,0.3247985020895321
0.3230550574645451,0.33932675351712005,0.33761818901833496
0.31885389517267426,0.3427673061698388,0.3383787986574871
0.3270627741848306,0.3367534183665696,0.33618380744860005
0.31188949250127035,0.3488492035554025,0.3392613039433271
0.330381135659495,0.3351085717671758,0.3345102925733293
0.32666125702614024,0.33699437854929776,0.33634436442456217
0.34059257721070524,0.3331243461050728,0.32628307668422213
0.33367356643339563,0.3338970718680911,0.3324293616985134
0.3429010796676899,0.3333496702966012,0.32374925003570915
0.33232093069640545,0.33440286285486753,0.3332762064487272
0.3203071756344709,0.3415939302816864,0.3380988940838429
0.3264664309520889,0.3370831193430921,0.3364504497048191
0.3242730520381256,0.33844648699971114,0.33728046096216346
0.3409443775562998,0.3328522419081489,0.32620338053555153
0.34267851592282367,0.33289887456791095,0.3244226095092655
0.3268656225750258,0.33685792553920046,0.33627645188577354
0.34559243132651096,0.33301241597436426,0.3213951526991246
0.3244611675700079,0.33842586999295576,0.33711296243703665
0.3330532599893018,0.3341050162395849,0.33284172377111326
0.32835879403433343,0.3360575001152127,0.33558370585045394
0.32345328548097274,0.3390872192149307,0.3374594953040964
0.3384597447426725,0.3330220824741831,0.3285181727831445
0.32410316661250793,0.33853206991231155,0.33736476347518063
0.31942795633491006,0.3425147435719409,0.3380573000931493
0.3412065999136253,0.3330557741910254,0.3257376258953491
0.31298877168311323,0.3497327730292532,0.33727845528763345
0.34592858804709703,0.3334303231731743,0.320641088779729
0.31311492405654484,0.3483907813939595,0.3384942945494957
0.31788864511452974,0.3434205878643855,0.3386907670210846
0.32398215906024946,0.33860446548065626,0.33741337545909433
0.3167931452312992,0.3444721694083231,0.33873468536037776
0.3276655568362328,0.33641703331980427,0.33591740984396307
0.3424635744526012,0.3337815603236618,0.3237548652237369
0.34587070559486277,0.3335015722954284,0.32062772210970875
0.3443934728211979,0.3335809663185556,0.3220255608602467
0.33537647771491697,0.33329698987369505,0.331326532411388
0.3119787534620859,0.3497969745366673,0.33822427200124666
0.3205578121197748,0.3413956481480096,0.33804653973221543
0.3118483838084041,0.349830524617682,0.3383210915739139
0.33099312752417853,0.33485657858492845,0.33415029389089324
0.32885052446313445,0.33581116094372987,0.33533831459313557
0.31706303845354655,0.3443625278720029,0.3385744336744505
0.32690772780108057,0.33683087288638314,0.336261399312536
0.3255798213587652,0.3376875657134459,0.33673261292778905
0.3253113071007441,0.33777117899533515,0.3369175139039207
0.3458441850326485,0.33343087113163616,0.3207249438357153
0.3277822892325125,0.33635679397563595,0.3358609167918519
0.32744201363236114,0.33653921992352176,0.33601876644411727
0.31666844977027747,0.34476369734624046,0.3385678528834819
0.3448385336830875,0.33295620992129665,0.32220525639561604
0.3160212694001066,0.34492811923432626,0.33905061136556747
0.3298801482824371,0.3353345188042556,0.33478533291330725
0.3296635857085867,0.3354327642250376,0.3349036500663759
0.3438568653015302,0.33259064027028235,0.3235524944281876
0.311755888978282,0.34963761999092635,0.33860649103079193
0.33786457840920703,0.33330463094665497,0.3288307906441381
0.31226972589766766,0.3497305503862622,0.33799972371607034
0.31421975820729214,0.34675922441588714,0.3390210173768213
0.3443356066865759,0.33414323426711945,0.32152115904630485
0.3393143634404324,0.3331257101871532,0.3275599263724147
0.31554660401382,0.3456436396823328,0.3388097563038474
0.331703238859297,0.334605946796236,0.33369081434446674
0.31470074917643787,0.34772443200715075,0.3375748188164117
0.3438471964587977,0.33318402502594213,0.32296877851526035
0.3149550865561763,0.3478159910009218,0.33722892244290203
0.31544701010883863,0.3467945351456294,0.33775845474553196
0.3204855413268005,0.34150598100997703,0.3380084776632226
0.3457390563841893,0.3336903070241273,0.3205706365916836
0.31107860010485117,0.3497462771033085,0.33917512279184014
0.310836972044783,0.3501030205607838,0.33906000739443337
0.33656088055471,0.33322025208104367,0.3302188673642469
0.3375462820221954,0.3330378994699422,0.32941581850786233
0.3247426711302783,0.33817185207347933,0.3370854767962424
0.3193080963704569,0.34222873469225995,0.3384631689372833
0.3299445702211567,0.33530619133632816,0.33474923844251525
0.31230224305224863,0.34953871745234755,0.33815903949540416
0.32674908091014687,0.33692951725085485,0.3363214018389986
0.3135882908736745,0.3472697770481031,0.3391419320782223
0.34561430585483105,0.3338665201249965,0.32051917402017244
0.3373631186816385,0.33290258982111876,0.32973429149724287
0.3129842081687011,0.34839582468742225,0.3386199671438768
0.3323569240612444,0.33430960164019785,0.3333334742985577
0.3396608378879068,0.3329862293780335,0.3273529327340597
0.3292179756427198,0.3356368630753693,0.33514516128191096
0.3117016629884978,0.3495889175195408,0.3387094194919613
0.3460042535369605,0.33357589210318206,0.3204198543598572
0.34513756292924763,0.3336079001950416,0.3212545368757106
0.34495129056362606,0.334443152616007,0.320605556820367
0.3365470440438154,0.3334843637401009,0.32996859221608343
0.31302194144004564,0.3485178031288599,0.33846025543109454
0.3164310210515061,0.34525650892612725,0.3383124700223669
0.34528466653210865,0.33234231281588866,0.32237302065200263
0.3466147728312555,0.3331243998643212,0.3202608273044234
0.336276692962895,0.33339139409999585,0.3303319129371092
0.3210429238309944,0.34108977860992007,0.3378672975590856
0.3180169101323133,0.34377373819229484,0.3382093516753918
0.31298098513802697,0.3485780477521834,0.33844096710978966
0.3467031954359293,0.33294759933094964,0.3203492052331208
0.3319830878425638,0.3344763600084101,0.333540552149026
0.3248741451415747,0.33807208430770397,0.3370537705507213
0.3359733107424559,0.3332920182502343,0.3307346710073099
0.34563163107096234,0.33397506918934206,0.32039329973969577
0.32658908886516724,0.33702010410202765,0.33639080703280516
0.3126447017063464,0.3490052291183787,0.33835006917527494
0.3167488614074483,0.34486368228987657,0.3383874563026753
0.31252132538344324,0.349835699943475,0.33764297467308196
0.3272360682044415,0.3366572958388102,0.3361066359567484
0.32292231016324996,0.3394959683660116,0.33758172147073856
0.3223434656316668,0.3398098096780022,0.337846724690331
0.32532215764196437,0.33779721642363186,0.3368806259344038
0.316327752276354,0.34483454989317586,0.3388376978304701
0.3418145899285823,0.3338323193491798,0.3243530907222376
0.31162051982074634,0.3495597661766808,0.33881971400257305
0.3231612192140263,0.3393449386370561,0.33749384214891764
0.3341666246448226,0.33400872729751513,0.33182464805766226
0.31796803959274855,0.3432711282754513,0.33876083213179997
0.3116443048028482,0.3495483249411777,0.33880737025597424
0.3464195787154013,0.3332329738618114,0.3203474474227872
0.3478008391764608,0.33325087637083395,0.31894828445270523
0.31352592357393183,0.3482184791911575,0.33825559723491067
0.34362015472554097,0.33381583467277554,0.32256401060168355
0.3380939622378377,0.33340344753162887,0.32850259023053346
0.33279281597776217,0.3341417432620677,0.33306544076017036
0.32695464900510685,0.33680601467164006,0.336239336323253
0.3149449298410937,0.34821125557075655,0.33684381458814977
0.3352962177864736,0.3335361236824451,0.3311676585310812
0.31393851184003874,0.3481343905617509,0.3379270975982105
0.3136023938645176,0.3481950499651929,0.3382025561702894
0.31176868975643246,0.34961764189126987,0.3386136683522979
0.34551972801401043,0.3342558138734326,0.3202244581125569
0.3121465061123106,0.34946399618719715,0.33838949770049237
0.3185407581316425,0.3432233435122041,0.3382358983561531
0.3124880638439623,0.3494970635590623,0.33801487259697566
0.3221438372480864,0.33992596561736327,0.33793019713455036
0.3158713063752543,0.34596693459818395,0.33816175902656176
0.34014415359455297,0.33325699963444794,0.326598846770999
0.32262167154438737,0.3395307595753748,0.337847568880238
0.31687671452885174,0.34417193395647316,0.3389513515146756
0.3451934161530318,0.3323031023903583,0.32250348145660984
0.31338472407379503,0.348296584850876,0.33831869107532886
0.34573805556940523,0.3340132427131817,0.3202487017174131
0.3108976697593773,0.350773036354329,0.33832929388629357
0.32592879326799806,0.33741070795019745,0.3366604987818045
0.31602042664550656,0.3449519970019227,0.33902757635257064
0.34044877143318664,0.33330861435475895,0.3262426142120546
0.3123442397261985,0.3492562690292825,0.338399491244519
0.34663976359750803,0.33394952758754526,0.3194107088149467
0.3428353734953218,0.33260196801548314,0.32456265848919513
0.3372711231209714,0.3332549534218163,0.3294739234572123
0.34631992632180064,0.3329465948123657,0.3207334788658337
0.31442754976371445,0.3471199220031961,0.3384525282330899
0.3457987140306972,0.33347065832978484,0.3207306276395179
0.3121405190512139,0.34981279090464096,0.3380466900441451
0.345845189954776,0.3324392304415262,0.321715579603698
0.3268581823172261,0.33686962118270114,0.3362721965000725
0.31600448901648326,0.34528983819480286,0.33870567278871383
0.3459969276140716,0.3329807278578802,0.32102234452804823
0.32181917137924576,0.3403237985362714,0.3378570300844829
0.3331040137911152,0.3341192275552091,0.3327767586536756
0.3312698144482186,0.3347633798026979,0.3339668057490837
0.347262116080845,0.3330302413198075,0.3197076425993478
0.34581088356527645,0.3334332336145428,0.320755882820181
0.33714479301227657,0.3334888044318279,0.3293664025558956
0.3445889503697124,0.333166904806862,0.3222441448234258
0.3212087039335326,0.34047796931345264,0.33831332675301473
0.3144217420485417,0.3484216281032944,0.337156629848164
0.3180007137887929,0.34316068496014174,0.33883860125106546
0.3390009210815462,0.3328216526688351,0.32817742624961865
0.3296643950488891,0.3354275230665764,0.3349080818845347
0.3275975330455231,0.3364580750474855,0.33594439190699177
0.33614291114348993,0.3333892029230285,0.33046788593348153
0.31463314324086344,0.3477102398851419,0.33765661687399484
0.3472831275068451,0.333680702573597,0.3190361699195578
0.3428887744987248,0.3326112348869373,0.3244999906143381
0.34414798621880127,0.33266637387100856,0.3231856399101901
0.31474131467224103,0.346705709340622,0.3385529759871372
0.33453718169636026,0.3336070862682796,0.33185573203536045
0.3411764828931627,0.33261176424757644,0.32621175285926096
0.3145863580435938,0.34684357378939984,0.3385700681670061
0.31897671939221195,0.3427983985322106,0.3382248820755773
0.34643746804752473,0.333183279101281,0.3203792528511946
0.3165492312802022,0.34440082799935856,0.3390499407204392
0.3451522875776599,0.3332211873183731,0.32162652510396705
0.3181166373258771,0.3436019294387907,0.3382814332353324
0.3457152883950132,0.33423711461557787,0.3200475969894089
0.3411023401246034,0.33342751233408446,0.3254701475413123
0.34503310243840285,0.3328042646438739,0.3221626329177235
0.3129087459722695,0.34783865031737987,0.3392526037103508
0.32163765599131977,0.340345598551513,0.3380167454571673
0.3391054751627545,0.33296628687314045,0.327928237964105
0.31639110176275376,0.3451595253112282,0.3384493729260181
0.31915938396240934,0.3423957684880637,0.338444847549527
0.3436901310627005,0.33324010896208517,0.3230697599752146
0.33613625682121995,0.33353347471653033,0.33033026846224967
0.3405065343178043,0.333541771955718,0.3259516937264779
0.31713819696381573,0.3449014991239241,0.33796030391226045
0.34283371432445475,0.33273877716574457,0.32442750850980073
0.32112133632972845,0.34047495765400243,0.33840370601626923
0.33139064668767737,0.334757542131234,0.333851811181089
0.33934959676905996,0.33248566788062717,0.3281647353503131
0.34480800046684035,0.3327766635606777,0.32241533597248195
0.33396526034540785,0.3338612657715941,0.3321734738829978
0.3313427872789157,0.33472647579775827,0.33393073692332614
0.32575322146439245,0.33749841870075065,0.3367483598348572
0.339824410609398,0.332615805512678,0.32755978387792417
0.32413619151315853,0.3385627657333399,0.3373010427535016
0.3153236784270992,0.3460578107696026,0.3386185108032981
0.3355113585198779,0.3334200827913911,0.3310685586887308
0.32560249786809736,0.33763103027516667,0.3367664718567361
0.32963252326979986,0.3354538544892066,0.3349136222409939
0.3221374979856375,0.34001615630919313,0.3378463457051691
0.33980246060883,0.3329527752564361,0.3272447641347343
0.3449073987344109,0.33230568690623496,0.3227869143593541
0.34618969853772774,0.333848826825467,0.3199614746368055
0.3163752548840696,0.3453935013618462,0.3382312437540843
0.3241347806988035,0.3385764465393944,0.33728877276180214
0.339247507024915,0.33307544087857066,0.32767705209651465
0.33074346828044776,0.33496812342471116,0.33428840829484124
0.31189609034125754,0.34931864261151807,0.33878526704722434
0.34662474168293267,0.33377462575664546,0.31960063256042204
0.3131981342210485,0.34894683855827624,0.33785502722067506
0.3247014449360963,0.33824003691539256,0.33705851814851095
0.3366873122385691,0.33366828688939143,0.32964440087203967
0.3352561767125841,0.3337306510918422,0.3310131721955738
0.31226201116009733,0.34924599152554636,0.33849199731435664
0.3468333307089714,0.3331620542899981,0.32000461500103056
0.31485142418556145,0.34669986982505085,0.3384487059893877
0.3412057125890706,0.33236926037825887,0.3264250270326707
0.31638554173933886,0.3457367568714151,0.33787770138924583
0.32841830100774244,0.3360269899345575,0.3355547090576999
0.3392266444157269,0.3329705849682057,0.3278027706160673
0.3189056309293785,0.34260441299002153,0.3384899560806002
0.3119105685884441,0.34981100397083936,0.3382784274407164
0.3453763329400779,0.3340532583987108,0.32057040866121117
0.34465180843060933,0.33518288924649076,0.32016530232290014
0.3124528234450147,0.34846152034856503,0.3390856562064206
0.3195712475102473,0.3421257581742341,0.33830299431551847
0.31304706538422744,0.3491824601306535,0.3377704744851192
0.3230118822604563,0.3393194685997597,0.337668649139784
0.333280462380523,0.3341448850491455,0.3325746525703316
0.3300436084621938,0.33527940799199063,0.33467698354581593
0.3223687743865166,0.3397176971250693,0.3379135284884142
0.3170258539904361,0.34376173426096734,0.33921241174859673
0.33473546360956574,0.3334726602625515,0.33179187612788275
0.34738246719032106,0.33316587143025084,0.31945166137942826
0.32847356046712073,0.33599947163044785,0.3355269679024314
0.34675786492266825,0.3324852940375824,0.3207568410397492
0.3109185714061115,0.35036229232095073,0.3387191362729377
0.3222939835847851,0.3398904197551077,0.3378155966601073
0.33785166015273854,0.3330517529954218,0.3290965868518399
0.345500049661724,0.3326636532818039,0.3218362970564723
0.31719800351584326,0.3440064454695143,0.33879555101464265
0.34657516345439743,0.3335144191945306,0.3199104173510724
0.34510666256102007,0.33320028053394374,0.32169305690503625
0.31736056016739334,0.3439051329692513,0.3387343068633553
0.33399671231586225,0.3337553883751071,0.3322478993090307
0.3111478773232016,0.3499594222949619,0.33889270038183683
0.3134693389153863,0.34730703208900604,0.3392236289956078
0.3459410622737371,0.3327268950277176,0.32133204269854543
0.3227660893131074,0.3397176882812796,0.3375162224056133
0.31966215904702644,0.3422343238581015,0.33810351709487213
0.34581438350359384,0.3341965671810607,0.31998904931534544
0.31333133241933775,0.3482478232198615,0.33842084436080067
0.31559982188312635,0.345531484032514,0.3388686940843596
0.33482366481710923,0.3335280139275937,0.3316483212552973
0.33694428517108976,0.3338599891805715,0.32919572564833877
0.3467523156359042,0.333590338953776,0.31965734541031987
0.3142008558348971,0.34822574185930216,0.3375734023058009
0.33234056153773855,0.3344064297690462,0.3332530086932154
0.33040164974290864,0.3351006520615933,0.33449769819549796
0.34522742388590943,0.33305419752878107,0.3217183785853094
0.3119912795605633,0.34921943092866625,0.3387892895107707
0.324081594052916,0.33854993248911636,0.33736847345796794
0.31625368328791825,0.34586843093172026,0.3378778857803617
0.3260671911383537,0.33732555495633526,0.33660725390531143
0.31699755840808436,0.34461235796628037,0.3383900836256351
0.3142723956079371,0.347858970203746,0.3378686341883169
0.3324396297499746,0.3343608636886237,0.33319950656140174
0.3352513514509562,0.33349918839713794,0.33124946015190626
0.31535136591993307,0.3459094010947519,0.3387392329853153
0.3397337991192326,0.3328852568707474,0.32738094401002016
0.3386095916550771,0.3331190692077872,0.328271339137136
0.33047040086396984,0.3350824775578878,0.33444712157814227
0.3350577694967155,0.33382516578568916,0.3311170647175953
0.31290657751046513,0.34817050606896477,0.3389229164205704
0.3160662105320008,0.34551921302571875,0.33841457644228035
0.34048450833495947,0.3328315848698379,0.32668390679520265
0.3307742797905829,0.3349373712473374,0.3342883489620796
0.33958788211998425,0.33318547894967565,0.3272266389303405
0.3133550691179282,0.34832164215739103,0.3383232887246809
0.3348414796099686,0.3335498277967689,0.33160869259326237
0.31257814496660014,0.34865160379898935,0.33877025123441074
0.31185536354427607,0.3491422898708335,0.3390023465848907
0.33151677283800673,0.33465240222690046,0.33383082493509314
0.31163204826305646,0.3502337193956516,0.3381342323412921
0.31160548102394725,0.3505657396294301,0.3378287793466226
0.3454072759385235,0.33389948296514266,0.3206932410963339
0.34459058128711645,0.3335832882320468,0.3218261304808368
0.3220066453037615,0.33998268550662747,0.3380106691896111
0.31717376052043966,0.34446601663005344,0.33836022284950695
0.32986516818003453,0.3353354881583563,0.33479934366160913
0.3135105200705051,0.3484198623966526,0.33806961753284254
0.3137831377456147,0.3489384720644437,0.33727839018994143
0.3469953267864092,0.332447557088857,0.32055711612473403
0.34598151409365074,0.3331657809465467,0.32085270495980267
0.33925207354388376,0.33364782386881464,0.32710010258730193
0.34694215602774925,0.3334996776639024,0.31955816630834866
0.3131678604253212,0.34840106307322194,0.338431076501457
0.32076611624616796,0.34128388392892745,0.33794999982490437
0.3185501135552403,0.342965550871835,0.3384843355729249
0.32109097271159415,0.34088452654390083,0.3380245007445052
0.34336110625909816,0.33216706979862776,0.3244718239422741
0.33194274990221273,0.3345103974806424,0.3335468526171449
0.33268337392204916,0.33422537159234866,0.3330912544856025
0.31218648378971114,0.3481594726130657,0.33965404359722323
0.31404868057975177,0.34751176345584633,0.3384395559644019
0.3251300090971715,0.3379288208065022,0.3369411700963264
0.33059171364547235,0.3350386571795839,0.3343696291749438
0.3124454827092773,0.3493292604107344,0.3382252568799883
0.34402606436988775,0.3334618747267142,0.3225120609033983
0.3345140083475232,0.3336177799288307,0.3318682117236464
0.3466629674295759,0.33321478192176635,0.32012225064865774
0.3302150126433979,0.33518186092089874,0.3346031264357034
0.3226429925311729,0.33962004616697805,0.3377369613018491
0.3130905686276875,0.34894722888491814,0.33796220248739467
0.32141052229750966,0.3405668002379909,0.33802267746449954
0.31929967817481425,0.34228734233399494,0.3384129794911912
0.3184015080228527,0.34369284001367617,0.33790565196347094
0.3356345669588975,0.3334389665077283,0.3309264665333741
0.31297357855464764,0.3481290266350885,0.3388973948102638
0.3319910704793268,0.33448771589021237,0.33352121363046083
0.3400579199249024,0.3327910615573714,0.3271510185177263
0.3449740664138554,0.3323946063928454,0.3226313271932991
0.3447825429067737,0.3330783482285673,0.32213910886465913
0.3225219538286983,0.33988815560707253,0.3375898905642293
0.3474658089159822,0.3326458076458759,0.31988838343814213
0.34673636362681376,0.33245651167648316,0.32080712469670286
0.3464456214321443,0.3326778860778332,0.3208764924900224
0.3177188743247532,0.34391032911683783,0.33837079655840924
0.3323283580119937,0.33441699456193896,0.3332546474260676
0.33812941636971283,0.33294813284054353,0.32892245078974386
0.3227636990485835,0.33960485387655404,0.33763144707486276
0.3456011911278557,0.3319906892359258,0.32240811963621846
0.32471958658142197,0.3381559238739773,0.33712448954460095
0.3260720718981719,0.33731411045650767,0.33661381764532045
0.3359537187077152,0.33364168347819323,0.33040459781409165
0.3469838599407443,0.3328099393328061,0.3202062007264498
0.3140237300443348,0.3475549434546105,0.33842132650105483
0.3147052821152402,0.3481431615830669,0.33715155630169313
0.33286421177799086,0.33419869365642263,0.33293709456558646
0.3434046999807991,0.33406871273174,0.32252658728746075
0.31361740292682216,0.3484803321488935,0.3379022649242846
0.33586935980919347,0.33348904263719814,0.33064159755360856
0.3125013193592238,0.34914645757320334,0.3383522230675732
0.3228580847448108,0.3395401212292364,0.33760179402595336
0.3399601866655933,0.3322314700849415,0.3278083432494655
0.3405031701044486,0.33291278207052755,0.326584047825024
0.3465006102933814,0.3320182666961839,0.3214811230104347
0.3129976653232702,0.34783084558680977,0.33917148908991995
0.33776802813477147,0.33305651377886203,0.3291754580863668
0.317558446683466,0.34470955767988704,0.33773199563664713
0.31286780866231834,0.3496881366387954,0.3374440546988865
0.343772319230888,0.3331918241569512,0.32303585661216105
0.32713620478456973,0.3367129467528561,0.3361508484625738
0.3141250914411762,0.3472653578579472,0.33860955070087634
0.3392833978636244,0.33331640943712254,0.3274001926992533
0.34461257134043377,0.33321355037369965,0.322173878285867
0.3107319412800011,0.35086626226493023,0.3384017964550684
0.3132139174514912,0.3477325522656001,0.33905353028290897
0.34756398303856695,0.33350084466781826,0.3189351722936148
0.31197583604552837,0.3504563326277329,0.33756783132673857
0.34143137044549743,0.3337428023709563,0.3248258271835466
0.34499333049335196,0.334175085232153,0.320831584274495
0.3449228398746051,0.33429759103399515,0.32077956909139993
0.31215920880974907,0.34933018079649697,0.33851061039375424
0.3249572442045245,0.338081835472405,0.33696092032307035
0.34097708495807305,0.33291840021365127,0.32610451482827574
0.31490962899718555,0.34624730154125605,0.3388430694615584
0.32034462731919777,0.3416697083484947,0.33798566433230776
0.3412166935775627,0.3337757549747916,0.32500755144764565
0.3141176279394002,0.34708911184547686,0.3387932602151227
0.3285841121846367,0.3359442308724655,0.3354716569428977
0.3123263626093653,0.3491589013645133,0.3385147360261215
0.34549441224342314,0.33318511808687173,0.32132046966970546
0.3146489855361072,0.34676108781115195,0.3385899266527409
0.31335895223230253,0.34839687122326873,0.3382441765444289
0.32745884025384425,0.33653160265018806,0.3360095570959677
0.3223056427759615,0.3399866651348584,0.33770769208918033
0.31618728506813665,0.34499775807159083,0.33881495686027285
0.32132446347786525,0.3407281712570921,0.33794736526504265
0.3260086898979677,0.3373665054758769,0.33662480462615524
0.32488891845575224,0.33813167293511676,0.33697940860913095
0.3224027324091473,0.33973736485148703,0.33785990273936617
0.33292521365902816,0.3340871471534814,0.33298763918749014
0.34693737876309516,0.3335176597166612,0.3195449615202437
0.31236015597476086,0.34894606793695154,0.33869377608828755
0.3429159574877782,0.33240449560196705,0.3246795469102548
0.31432269163707255,0.34712343780618127,0.33855387055674613
0.3235163361671209,0.3390337798888225,0.3374498839440567
0.31111600931329786,0.35050520737390084,0.33837878331280113
0.3125514958031328,0.3499945343873125,0.3374539698095549
0.3322933075372866,0.3343269786206533,0.3333797138420603
0.3420558535896133,0.33324524036493597,0.32469890604545054
0.3128646396573086,0.3493249011550167,0.3378104591876747
0.31688542056096114,0.34486749450813736,0.3382470849309014
