x,y,z
0.44588497964988005,0.287361880613092,0.2667531397370282
0.4488308998301643,0.28869424146736633,0.2624748587024695
0.44427164029299415,0.28220340873575134,0.2735249509712543
0.4376205147070997,0.2678492673602688,0.29453021793263146
0.4516955253157986,0.2839180213708451,0.2643864533133562
0.4416389607990963,0.2776926989899887,0.2806683402109149
0.44286631666475007,0.2838014573220632,0.2733322260131868
0.44942701302626176,0.28549902874681715,0.26507395822692104
0.4491304033323297,0.2830114624431082,0.26785813422456234
0.4421178224386777,0.2688407328222403,0.2890414447390822
0.44878286291771735,0.2767137046804891,0.27450343240179337
0.4355690746130768,0.26842929988114106,0.2960016255057825
0.45023065453654026,0.2855958378281672,0.26417350763529235
0.4292422110461923,0.27748726991747097,0.29327051903633694
0.4550120253627288,0.28459180491183833,0.26039616972543284
0.4341747293833208,0.2704167717566456,0.29540849886003373
0.450154202750078,0.2864818125210631,0.26336398472885897
0.4487627789590517,0.28070730164757324,0.27052991939337495
0.4504543209468541,0.2868982201230392,0.26264745893010677
0.4374109411826856,0.26842999868120304,0.29415906013611126
0.43564110981759524,0.2728343459753002,0.29152454420710483
0.45065492081259245,0.28060802239468735,0.26873705679272036
0.4466214698237988,0.28268931893269816,0.2706892112435029
0.42966116464767656,0.2731165326363404,0.29722230271598316
0.43824567106895285,0.27274213842813705,0.28901219050291016
0.4481263470408698,0.2875561043832155,0.26431754857591455
0.4324326822934244,0.27070852556180036,0.2968587921447752
0.42736527663224577,0.27477929121156525,0.29785543215618904
0.4472936991758075,0.2884532169301216,0.26425308389407065
0.4376082925690319,0.2730200994895031,0.2893716079414649
0.4459075115711091,0.2862075961475302,0.26788489228136103
0.4351712651653623,0.2689258833592224,0.2959028514754151
0.44562005989450737,0.2862331144381788,0.26814682566731407
0.4480243730446775,0.2885277393328879,0.26344788762243454
0.4295818099553074,0.2726853038425353,0.29773288620215727
0.4509504747343265,0.2791551356642411,0.26989438960143247
0.4338246735481858,0.27342834477737665,0.29274698167443747
0.44478726228218174,0.28140660672383766,0.27380613099398043
0.4379916897351977,0.2681612496048577,0.2938470606599443
0.4452119182080386,0.2906382905935271,0.264149791198434
0.4500793132821202,0.2746678790032254,0.27525280771465443
0.43087158244905566,0.27209555269433744,0.2970328648566069
0.42970426569077114,0.2733418592218004,0.29695387508742876
0.4337765477765769,0.27462835221299187,0.29159510001043104
0.43024400354889863,0.2735966565400021,0.2961593399110993
0.4373288443748677,0.28663445415646616,0.2760367014686662
0.4398661456905357,0.27507620341916106,0.28505765089030316
0.4451216241152366,0.2768251287325265,0.2780532471522368
0.4439825150964023,0.2881241145470115,0.26789337035658617
0.44617118394281097,0.28864861922906343,0.26518019682812566
0.44854532333049574,0.2801036151932329,0.2713510614762714
0.44919990941022714,0.28916584460372985,0.26163424598604296
0.43129289699434775,0.27292724393371,0.2957798590719425
0.43094933676281777,0.27161270113540303,0.29743796210177936
0.4355193126545155,0.27101114874781346,0.2934695385976711
0.4521836773657074,0.28003615927440806,0.2677801633598845
0.441531256374882,0.26525190417222255,0.2932168394528957
0.45465631630095893,0.28591381325053505,0.25942987044850613
0.440853075944737,0.2768223221865319,0.2823246018687311
0.42453384884063966,0.2794539296305319,0.29601222152882883
0.4302711357735856,0.27429292252523374,0.29543594170118026
0.4492796767934479,0.28660240097742823,0.2641179222291242
0.43930961975790583,0.27438016865967263,0.28631021158242176
0.4420559339939619,0.28014941948955313,0.2777946465164848
0.4308157593923618,0.27528140252395694,0.29390283808368134
0.4405974975272472,0.27137614138101696,0.2880263610917357
0.4528331971936813,0.2882055179046702,0.25896128490164866
0.4307877165310356,0.2819262817124628,0.28728600175650143
0.44504097285206967,0.2797066036384971,0.27525242350943296
0.4436786660497652,0.26631494893887997,0.2900063850113547
0.4279466460840168,0.27688494624620336,0.2951684076697799
0.44411435970995194,0.2711710412959967,0.28471459899405116
0.4491199953228642,0.2860358926758897,0.26484411200124636
0.4326756536520945,0.27162529250398565,0.2956990538439198
0.4470802666036149,0.2816793553825352,0.27124037801384987
0.4530393815348023,0.27838130053692045,0.2685793179282776
0.44913400332199777,0.2763535192078783,0.27451247747012386
0.4348528292537388,0.26983507071809965,0.29531210002816166
0.44335054515378286,0.2718435784036611,0.28480587644255617
0.4329656406671055,0.27089417043267117,0.29614018890022353
0.4454757205164007,0.2895280108953733,0.2649962685882261
0.4424792455484805,0.28300946558199097,0.27451128886952847
0.4296835978662228,0.27858609302897885,0.29173030910479836
0.4363165388787478,0.27266393956336843,0.2910195215578837
0.43199200039197155,0.2709176873491109,0.2970903122589177
0.44228628946917414,0.27630660838040655,0.2814071021504193
0.4346609244141041,0.2710424486383595,0.2942966269475365
0.4408041469751719,0.27711957910418195,0.28207627392064594
0.4363976972296686,0.27163428605716033,0.2919680167131711
0.45158795487931847,0.28583864859534625,0.2625733965253354
0.44548423116903246,0.2842355193841464,0.2702802494468211
0.4450645818397018,0.27556109552106467,0.2793743226392336
0.4405605179178001,0.27565019619306996,0.2837892858891298
0.4321607937522216,0.2756517022607677,0.29218750398701065
0.4296555199094899,0.27249821283522846,0.2978462672552813
0.43729864394544815,0.2675389607304739,0.29516239532407806
0.44477806428347966,0.28341909623458905,0.2718028394819313
0.4352989175454136,0.2717846551040926,0.29291642735049395
0.4437968392868942,0.2821384986540131,0.27406466205909275
0.4441260371600977,0.2872817639945751,0.26859219884532703
0.43127757837738484,0.2723229697246886,0.2963994518979266
0.443574322261309,0.28011847644260335,0.2763072012960873
0.43523399758989567,0.27092307090725265,0.2938429315028519
0.4393511924252842,0.27252708062857284,0.28812172694614296
0.4430260557181742,0.27254678997696746,0.2844271543048583
0.4367035862229651,0.27860557371262085,0.2846908400644139
0.4509644496850513,0.2835094702322258,0.26552608008272294
0.43302452638293,0.2718023751968799,0.29517309842019024
0.44312093128091595,0.28874133789321554,0.2681377308258684
0.43542419700143276,0.27450584059591215,0.2900699624026554
0.4396128156311077,0.27493913099393097,0.2854480533749613
0.4327881121866882,0.2715048847164139,0.2957070030968977
0.4315267764193454,0.27714472807200763,0.29132849550864715
0.4334780850648612,0.2797877435770284,0.2867341713581102
0.4504661039537949,0.2800324871517494,0.26950140889445584
0.44251419332674014,0.27663253067883137,0.2808532759944285
0.43611237773079736,0.2705236074467402,0.2933640148224623
0.4386366994898866,0.275544239010032,0.28581906150008146
0.43132590277876837,0.27846097976563217,0.2902131174555996
0.4357499385378442,0.280827967284761,0.283422094177395
0.45524275669019576,0.2789001192136107,0.26585712409619333
0.4341424751646052,0.2690903100723271,0.296767214763068
0.4342566575012078,0.2724724494922587,0.2932708930065333
0.44528700559929085,0.27101517834692607,0.28369781605378264
0.43123057597699227,0.27138218829078553,0.29738723573222237
0.448205481506969,0.2716870733178054,0.2801074451752256
0.4430755454161424,0.27091874743473165,0.2860057071491263
0.4399207451450562,0.2688979411993858,0.2911813136555579
0.42805422711855023,0.27344061936138464,0.29850515352006524
0.448843651025967,0.27563156856436605,0.2755247804096671
0.4294684023305934,0.27470906152602903,0.2958225361433773
0.4328552740712732,0.27187517420892904,0.29526955171979763
0.4481728758509268,0.2884378690750602,0.26338925507401295
0.43162008973655175,0.2709098143605527,0.29747009590289564
0.43678002984323516,0.274935794893001,0.28828417526376404
0.44381874352074047,0.27297683204169776,0.2832044244375618
0.43454530787166745,0.2750195101097674,0.2904351820185651
0.44623402157725917,0.2894638432590163,0.264302135163725
0.4442379864596159,0.2845335326418178,0.27122848089856644
0.4342445250722977,0.272743667711969,0.29301180721573317
0.43378220277641905,0.2745762786452155,0.2916415185783655
0.4419677214402058,0.2901451663065412,0.26788711225325285
0.4496926972000763,0.2891385205842418,0.261168782215682
0.44911790771154064,0.2714065063631644,0.279475585925295
0.4299850802608992,0.2721972720045772,0.29781764773452374
0.42629524189128004,0.28011315506237755,0.2935916030463427
0.43476072663567283,0.2695786074411708,0.29566066592315643
0.4442337133447718,0.29086807636366646,0.2648982102915619
0.43560288021149973,0.2756679010809231,0.28872921870757734
0.4327268050531266,0.27466784411496936,0.29260535083190403
0.448402028316502,0.28502608812880126,0.26657188355469685
0.4272106918996652,0.2755327768279361,0.29725653127239887
0.4329974717224696,0.27049737220868914,0.296505156068841
0.44947112303908565,0.28858766968939775,0.2619412072715167
0.44670595833992544,0.27324197578924375,0.28005206587083065
0.4478504095950369,0.28104430115473994,0.2711052892502232
0.43355093988090865,0.278308616714597,0.2881404434044943
0.43265642425263223,0.27289383000725814,0.29444974574010985
0.4283576407873231,0.27678044307130667,0.29486191614137014
0.44183477616436895,0.27492652803327217,0.28323869580235905
0.43252559632104154,0.27654876311990506,0.2909256405590533
0.44569928701678907,0.2878275944824601,0.26647311850075084
0.43252650428716516,0.2747866518473946,0.2926868438654402
0.4449587716097139,0.2673842514589563,0.2876569769313297
0.44649997733000485,0.2802418481855603,0.27325817448443523
0.4414632509047469,0.2755539457013442,0.2829828033939089
0.4493678195600369,0.2815411215277226,0.26909105891224083
0.45017547762148585,0.28854776134198823,0.261276761036526
0.4510946540714883,0.28458941062191423,0.2643159353065976
0.4442610679819562,0.2797189546729227,0.2760199773451213
0.4329969709051042,0.2733673778259643,0.2936356512689315
0.44283328919265386,0.27992395721794816,0.2772427535893982
0.45603912048565715,0.27846143978039095,0.2654994397339519
0.4305454773957629,0.27307457610595787,0.29637994649827926
0.43855790823480134,0.27185650566986497,0.2895855860953339
0.4362534728794014,0.2732407044568623,0.29050582266373604
0.45171044241250785,0.28392244705222947,0.26436711053526285
0.43971846300925643,0.2830392722185602,0.2772422647721834
0.44430564004002104,0.2888353856982343,0.26685897426174476
0.436243919470343,0.2825265733055474,0.28122950722410955
0.44795785483021083,0.28705094819293386,0.26499119697685525
0.4509729639512767,0.27919263624913315,0.2698343997995901
0.44553437520968225,0.27145360072002034,0.2830120240702973
0.44770417921865735,0.2888880155974687,0.26340780518387397
0.43636362104526233,0.26976915077081975,0.293867228183918
0.4346528271345327,0.2696718435894243,0.29567532927604334
0.42898309664566814,0.2746265345712558,0.2963903687830757
0.4510557061017172,0.2715302643379749,0.2774140295603078
0.4307316033760854,0.2727835161168298,0.29648488050708477
0.4399881402009305,0.2695931460809755,0.29041871371809413
0.4352108828462633,0.282862981920203,0.28192613523353355
0.4514322967305865,0.28734470633343895,0.2612229969359746
0.4507821020882377,0.2852323351203153,0.2639855627914469
0.44403506578115004,0.28495037334116047,0.27101456087768944
0.4465770047893733,0.2803740388836178,0.273048956327009
0.44257037678872646,0.27001476324736234,0.2874148599639113
0.44433294871988965,0.26904465728150895,0.28662239399860145
0.44599263192556415,0.28645495487744677,0.26755241319698925
0.4556316490166513,0.2758122857423473,0.26855606524100145
0.4356534005667569,0.2751765761566233,0.2891700232766199
0.4374629938240711,0.2706905913127178,0.2918464148632111
0.4572910017952055,0.2855192293328091,0.2571897688719854
0.44175276897958987,0.278172651808554,0.28007457921185586
0.45630397883269336,0.28391982034255686,0.2597762008247499
0.4491237690913904,0.28668960567840773,0.26418662523020175
0.4379711831275131,0.278638415908224,0.28339040096426305
0.4535889458982401,0.28652943550303345,0.2598816185987265
0.43477474099974944,0.2748982484121793,0.2903270105880713
0.4348577158634648,0.270885869677965,0.2942564144585702
0.44322021983567844,0.28426877498987235,0.27251100517444915
0.4413726621654902,0.26666127098692416,0.29196606684758597
0.43725802928785257,0.2737015336608526,0.289040437051295
0.4232125620498388,0.2771279128505272,0.2996595250996344
0.43032366456605503,0.2721963020889598,0.2974800333449853
0.44670528438457496,0.2843332765868737,0.2689614390285512
0.4477656763875965,0.2877937023679443,0.2644406212444592
0.4280982860706415,0.2749645923470394,0.2969371215823191
0.4526520984162624,0.27721841163539324,0.2701294899483444
0.4458895327247621,0.2709166971664485,0.2831937701087893
0.4343642908015031,0.27149807607038845,0.2941376331281087
0.4426321592768448,0.27366019448176865,0.2837076462413868
0.42876755265967176,0.273734962645035,0.2974974846952934
0.42619955450218877,0.27506501388976756,0.2987354316080437
0.4463310279292284,0.2900874508724343,0.26358152119833733
0.4557277588978948,0.2826924681272369,0.2615797729748683
0.45024822599795417,0.2823115771954435,0.26744019680660236
0.42782511622318486,0.2752330655365321,0.29694181824028315
0.44160059557392006,0.275391885943884,0.28300751848219596
0.436904209788737,0.27511072256036934,0.2879850676508938
0.4398170866477952,0.27650036482504287,0.28368254852716196
0.43457054957791075,0.27291265018733085,0.29251680023475857
0.44503762619752735,0.2752915955382739,0.2796707782641986
0.44199561738495763,0.2732405558151987,0.28476382679984397
0.4496376226715195,0.2822274670708787,0.2681349102576018
0.4496191215967079,0.288448918302734,0.2619319601005582
0.46385577727321425,0.28106845531377334,0.2550757674130124
0.43268076963360785,0.2703062368867881,0.29701299347960425
0.43556439893265153,0.2714948652843483,0.2929407357830003
0.4341034161045826,0.27596956560073943,0.2899270182946784
0.4374250172471902,0.2806518541625817,0.28192312859022783
0.43706778758223375,0.2694106166436192,0.29352159577414727
0.4343274581824104,0.270923300435034,0.29474924138255576
0.431586109127228,0.2711311220785197,0.2972827687942523
0.4335185247273261,0.2712595971963611,0.2952218780763128
0.43878036045295105,0.27370049933305374,0.2875191402139953
0.4242652631653916,0.27808530759524186,0.2976494292393668
0.4445480301811641,0.2805895907730573,0.2748623790457785
0.4313215783644379,0.27216781585057914,0.2965106057849828
0.45200569544087327,0.28791835800937526,0.26007594654975175
0.4450637444757307,0.28472899530258816,0.2702072602216813
0.430583355876742,0.27390710162492127,0.29550954249833655
0.43791850556419687,0.2703448081938806,0.29173668624192267
0.42102764392822006,0.27888813748174546,0.30008421859003453
0.45344915359713966,0.28061976060297117,0.26593108579988933
0.4527352260913328,0.2834666488847273,0.26379812502393984
0.4393247469082251,0.2780919078615737,0.28258334523020134
0.4379525427419539,0.2850992323659124,0.27694822489213344
0.43586453172560446,0.2773412216828618,0.28679424659153363
0.4357315648362073,0.26861181125988026,0.29565662390391223
0.44357683673958836,0.2791542183635819,0.27726894489682985
0.436362500873542,0.27492098392461284,0.28871651520184516
0.4441266840745615,0.2832976427390557,0.27257567318638287
0.43845645928960486,0.2686313815199405,0.29291215919045466
0.4414413803977244,0.27718895002146215,0.28136966958081366
0.4409367985261709,0.2799177454126069,0.2791454560612223
0.44947142945087337,0.2858085312826513,0.2647200392664752
0.43445472223021847,0.2756000186051634,0.2899452591646182
0.44000255924953025,0.2758527558024115,0.28414468494805806
0.43652645091194286,0.2683702600754832,0.2951032890125741
0.4487326692995542,0.2844300149972529,0.26683731570319313
0.437810456462121,0.2738132059920446,0.2883763375458344
0.4346906182041236,0.2728922391555319,0.2924171426403447
0.4369363487306226,0.2769713090028041,0.28609234226657354
0.44141802415796977,0.26560508219998674,0.29297689364204343
0.4436979060237993,0.27608646853118324,0.28021562544501744
0.43274440496489264,0.2787862438183428,0.2884693512167647
0.44317281720825497,0.28556834165911416,0.271258841132631
0.44402315762482114,0.2786105235550306,0.2773663188201484
0.44436672586939213,0.2873925518812944,0.26824072224931367
0.43887040075178074,0.28008716174794884,0.2810424375002706
0.43301355866240776,0.27459736144411023,0.2923890798934823
0.44306850527467445,0.2734737379862977,0.28345775673902796
0.4412641632894613,0.2728642138932505,0.28587162281728834
0.4473515487384061,0.28369472414117114,0.26895372712042287
0.4486427416238522,0.284806582394853,0.2665506759812949
0.4416439404396838,0.27447261512478416,0.2838834444355317
0.45157158082595084,0.2863128489007177,0.2621155702733313
0.43131364728519794,0.27801727892388683,0.29066907379091556
0.44450058456923336,0.27785547582447756,0.277643939606289
0.43427803017464517,0.2792485290046172,0.28647344082073767
0.4352413810676847,0.27537620455459577,0.2893824143777195
0.446464454857337,0.28173855855109553,0.27179698659156754
0.4442520484256888,0.2712431773558193,0.28450477421849196
0.4306795697443941,0.2753455432486835,0.29397488700692265
0.4454151594570258,0.2850269072806251,0.2695579332623489
0.42596667889159257,0.27487181875194355,0.29916150235646377
0.4500365162753162,0.287625491496026,0.26233799222865817
0.4343855076882016,0.27011756090942374,0.29549693140237454
0.4384698063098661,0.2703640358917895,0.2911661577983442
0.44490054419612957,0.2708341197025128,0.2842653361013576
0.43737461929028426,0.2703419202903186,0.29228346041939707
0.4455696459547766,0.27308925051874655,0.2813411035264769
0.4412154042509493,0.2887466524889575,0.27003794326009306
0.4496965354898417,0.28777322399765615,0.26253024051250207
0.4459865348902978,0.2881906885353268,0.2658227765743756
0.45235426876602,0.2758478382687545,0.2717978929652255
0.4323541522108235,0.27070016462500784,0.29694568316416853
0.4326243841457232,0.274943444120918,0.29243217173335856
0.43329671524650254,0.2701152884939938,0.2965879962595035
0.4437063412708061,0.2765682461812397,0.27972541254795436
0.44155762233132423,0.2759772937693373,0.28246508389933833
0.4354684541117632,0.27151007533366645,0.29302147055457023
0.4441772118561971,0.2732345583161736,0.282588229827629
0.4294106031147392,0.2797183026581185,0.2908710942271424
0.4432290353058698,0.27258237894547677,0.2841885857486532
0.44992412849665775,0.28759755635013773,0.2624783151532044
0.4401929186588805,0.27586422689089024,0.2839428544502297
0.4411306038270204,0.2751463216806118,0.283723074492368
0.43477461089765873,0.2716629929945683,0.29356239610777274
0.44994475057814737,0.2863442633546621,0.2637109860671907
0.4406821798285783,0.2681442391029806,0.29117358106844143
0.44143675931621834,0.2768290280264557,0.28173421265732584
0.43515784167496313,0.27980104698362396,0.285041111341413
0.4502950579684292,0.28500465645245676,0.26470028557911407
0.4355690134916119,0.2687901922279392,0.29564079428044915
0.4403692031008758,0.2843322923320966,0.27529850456702776
0.43074731748745987,0.27176134234706883,0.29749134016547146
0.4391703800763417,0.2680141803770648,0.292815439546594
0.44239284175059407,0.2902108029448386,0.26739635530456757
0.44263675080167764,0.28455884313317026,0.27280440606515244
0.4370104007809077,0.26986322346453256,0.29312637575456
0.4381222502313351,0.2799450871417475,0.28193266262691713
0.42669430367439365,0.2752158133428164,0.2980898829827903
0.4474063556428375,0.28673603115034996,0.26585761320681267
0.42526429476549166,0.2762309346738914,0.298504770560617
0.4269819850526082,0.27535328515534924,0.2976647297920425
0.4317839842098035,0.2753465397268873,0.29286947606330926
0.44803923659555867,0.2885645915984736,0.26339617180596786
0.44055446603223836,0.26567450564038625,0.2937710283273752
0.4393096503024261,0.26623365717396186,0.2944566925236123
0.4460099825002379,0.2801660153451129,0.27382400215464975
0.4457380873850325,0.2811961880646502,0.2730657245503171
0.43731943409062074,0.27516888012170765,0.2875116857876716
0.4377114586612006,0.27156673438598655,0.29072180695281297
0.44086927590860936,0.2771630279350161,0.2819676961563747
0.4318891919153557,0.27112700582074456,0.2969838022639
0.43838398903956666,0.27602184501579097,0.28559416594464265
0.44039229764203075,0.2670270305767107,0.29258067178125846
0.4467692444954966,0.289162943669581,0.26406781183492245
0.4515370663065897,0.27804588043890305,0.27041705325450743
0.4354654275259986,0.269449406749413,0.2950851657245886
0.44757575109313696,0.2757238493347749,0.276700399572088
0.4453926030440715,0.28345765105488774,0.2711497459010407
0.4374736202784164,0.2782995970411963,0.2842267826803874
0.43641514275020576,0.2682885503731653,0.2952963068766287
0.44903451404396444,0.2882749425665694,0.26269054338946596
0.447333397409242,0.2882748143221474,0.2643917882686103
0.4422126782864565,0.29106652772840136,0.2667207939851422
0.43979294982825,0.28339275099974087,0.27681429917200884
0.43346949432425214,0.2705460958423495,0.29598440983339835
0.43182447375569566,0.27314703863672185,0.2950284876075827
0.4564468206331823,0.28323241262346177,0.26032076674335575
0.4517264323852036,0.28731375657081437,0.2609598110439821
0.4419858034444013,0.2819794882906923,0.27603470826490645
0.43090411444951693,0.276135755911196,0.29296012963928714
0.4314023605861884,0.2742025989353665,0.294395040478445
0.4336664675420015,0.2704367752431179,0.2958967572148805
0.45354060862926326,0.28640669078677244,0.2600527005839639
0.4427340562672546,0.27785423971314155,0.2794117040196037
0.43890430116876883,0.2744580367110423,0.2866376621201888
0.4461922586857965,0.2795231905246748,0.27428455078952874
0.44611830838380495,0.2895600114737309,0.2643216801424644
0.4392932400798545,0.2754525208762538,0.28525423904389174
0.43319734897434414,0.2705486417783637,0.29625400924729217
0.432422200734077,0.2729696021853481,0.2946081970805751
0.42796582676719835,0.27345626197158157,0.29857791126122024
0.43596127857779854,0.27758407683494735,0.2864546445872541
0.43364029500540757,0.27585014684355197,0.2905095581510405
0.439426709961929,0.27253501548970344,0.2880382745483676
0.4371934732152267,0.2756240292461669,0.2871824975386063
0.4384808369062849,0.26950460876979954,0.29201455432391554
0.43932525032941094,0.28906812443846674,0.271606625232122
0.4372154374184223,0.26779268419987556,0.29499187838170227
0.43222612753416906,0.2767206247654699,0.2910532477003611
0.43528932685383537,0.2835263248666625,0.2811843482795021
0.4393922324959058,0.26990748748252136,0.2907002800215727
0.43737992604243614,0.26772850425221895,0.2948915697053449
0.4518789871600425,0.2870965720662858,0.2610244407736716
0.4530212804688656,0.28791563712744506,0.25906308240368936
0.4312059260299978,0.2720322001545117,0.29676187381549046
0.44236523927332055,0.28934545242526843,0.268289308301411
0.43936038271325717,0.28511549464702357,0.27552412263971926
0.44961984195548677,0.27505376663105263,0.2753263914134607
0.44328645797233013,0.2737144273547618,0.28299911467290784
0.4227030069130539,0.277699054169945,0.29959793891700104
0.4423922887478801,0.2808681352537561,0.2767395759983636
0.42855533082078046,0.27372804171052395,0.2977166274686957
0.43199907929705245,0.27170037919858786,0.29630054150435947
0.43571277138431763,0.2687211250099086,0.295566103605774
0.44385754828233437,0.29071886080955955,0.26542359090810597
0.43392902221774443,0.26991399309703695,0.29615698468521867
0.43201709335902605,0.2741438832082316,0.29383902343274215
0.43081263375717815,0.2718302787449044,0.2973570874979178
0.44064145678729505,0.2717860916631205,0.2875724515495844
0.4309566125091586,0.27337646741976696,0.2956669200710743
0.44244699566299006,0.2855491555802819,0.2720038487567278
0.4441526924522621,0.27031070510594374,0.2855366024417943
0.44081695508182117,0.26855420396617774,0.2906288409520016
0.4561485601244717,0.28327068728597504,0.26058075258955316
0.4327708935382918,0.27114756973008713,0.29608153673162085
0.44557814436158016,0.289955604745206,0.2644662508932138
0.4331441056727139,0.2697121351001849,0.297143759227101
0.43938162009525183,0.2749433371954708,0.2856750427092773
0.44066570008051514,0.26816357510621036,0.29117072481327433
0.44058767604337307,0.2868092405888796,0.2726030833677474
0.43375379892397675,0.27009547477885143,0.2961507262971719
0.44690618244686686,0.2901614361678472,0.26293238138528596
0.450890322240501,0.2836911963828128,0.2654184813766861
0.4432956414760961,0.2822507790938315,0.2744535794300724
0.4526706986487098,0.28645787440362863,0.2608714269476617
0.4334087948642069,0.27128311333320904,0.29530809180258444
0.44752173393876526,0.2887731762262069,0.2637050898350276
0.4312445903373824,0.2714246193348432,0.29733079032777443
0.45641888392630053,0.2838553632123888,0.2597257528613109
0.4370248974362465,0.2767805441904534,0.28619455837329977
0.4364739504646578,0.2704124328815558,0.2931136166537863
0.45305322821748795,0.2859606774342677,0.2609860943482444
0.43492956024474677,0.2745162905250081,0.29055414923024514
0.4420062699819323,0.2791604925777536,0.2788332374403141
0.4385262725368697,0.2793883680811327,0.2820853593819978
0.4542844261797937,0.2866350236508519,0.2590805501693546
0.4495206319192144,0.28776718441294064,0.2627121836678451
0.438425211011351,0.28467658972251497,0.27689819926613407
0.449614905200183,0.28636495017305186,0.26402014462676526
0.4476781094443696,0.2676086338680741,0.2847132566875563
0.424485982405078,0.2763895648976499,0.29912445269727217
0.4417619158462617,0.26870009834573294,0.28953798580800544
0.44939330192419014,0.2807150964538687,0.26989160162194104
0.44482778806334744,0.27496426255050355,0.2802079493861492
0.43574946604232145,0.2779518375481051,0.2862986964095737
0.44209881763813735,0.28178810378593555,0.27611307857592704
0.4274516184693719,0.27476245394874843,0.2977859275818797
0.44882222401031546,0.28971236678848583,0.26146540920119843
0.45114111121194345,0.2836238363362217,0.265235052451835
0.45292935148979624,0.28401649740940743,0.26305415110079633
0.4342412990162188,0.2709735198344426,0.29478518114933866
0.4490898256490514,0.2767958120059743,0.2741143623449745
0.4497190912946247,0.2826228193696386,0.26765808933573676
0.4345318598427403,0.2707422150169236,0.2947259251403358
0.43263248596428383,0.27405967567617534,0.29330783835954066
0.4511225354256754,0.28746783988532754,0.26140962468899737
0.44211613420038665,0.26769157817968814,0.2901922876199251
0.44887557340338463,0.28732509453515415,0.26379933206146117
0.431768687322509,0.27403325838401793,0.2941980542934731
0.4432896887360545,0.2911890013347749,0.2655213099291705
0.44139885266536266,0.2871166699589643,0.2714844773756732
0.4514609851816176,0.285704742169531,0.2628342726488516
0.44148538928802666,0.2660853764869461,0.2924292342250273
0.4391623303739694,0.27222929008009156,0.2886083795459391
0.44622389130726675,0.28247667294569134,0.27129943574704185
0.43344573757061966,0.272247995633058,0.2943062667963223
0.4373204918629809,0.27169702227495074,0.2909824858620683
0.4472786517342046,0.28667085967664074,0.2660504885891549
0.43861090222817545,0.2835975430653974,0.27779155470642697
0.43922114774915466,0.287666846421086,0.27311200582975953
0.42793533648849813,0.2756212782815287,0.2964433852299735
0.4506239227620254,0.28389114152631434,0.2654849357116603
0.45178958077873177,0.26546402476736375,0.28274639445390437
0.4330097764599735,0.2822645295233076,0.28472569401671916
0.45583674797595786,0.2776740567213946,0.26648919530264775
0.4505750210797451,0.2859088217073066,0.2635161572129482
0.4430327957587221,0.2793794953518438,0.2775877088894338
0.4414625380625994,0.27797475614649514,0.2805627057909056
0.4444508888111946,0.2722769864091704,0.2832721247796351
0.4506435409161724,0.2808105429076508,0.26854591617617696
0.43866694203497075,0.2740841033623431,0.287248954602686
0.43439375897032934,0.27115570432673586,0.2944505367029347
0.4441075869182598,0.28016760645644356,0.2757248066252964
0.43541089291063895,0.2767125665503612,0.2878765405389999
0.43064225758871566,0.2820383217200454,0.2873194206912394
0.43680367062977665,0.2737437408253458,0.2894525885448772
0.44583157486759983,0.28336306080324813,0.27080536432915236
0.45646379552170396,0.28282834442667637,0.2607078600516195
0.4471688358932683,0.2895296940038271,0.26330147010290483
0.4307269509537661,0.2737085300881096,0.29556451895812424
0.4373300947765056,0.27475795658024793,0.28791194864324654
0.44378599789255313,0.2838922285179238,0.2723217735895234
0.4393081521701093,0.2785734539077487,0.2821183939221422
0.4369075662235187,0.26810162853525726,0.294990805241224
0.4482615223012132,0.28938129341064883,0.26235718428813815
0.4293152223201513,0.27301394234011095,0.2976708353397375
0.43332470154561376,0.27715911262098575,0.28951618583340033
0.43639670668500874,0.2853231023407605,0.278280190974231
0.4367064339744273,0.28376828527129155,0.27952528075428107
0.4339706187012428,0.2698996975722491,0.2961296837265084
0.4521224025733631,0.2873531565672889,0.26052444085934795
0.4328098745091305,0.2717964218435216,0.2953937036473478
0.4546712847052792,0.28005470042556047,0.26527401486916047
0.427017954293708,0.2757449430281924,0.29723710267809933
0.4402957257765515,0.2762839330867455,0.2834203411367029
0.44480788053805437,0.2833079966308026,0.27188412283114294
0.436622507857616,0.2718965834955812,0.29148090864680287
0.43298557526353276,0.2703232829420974,0.29669114179436973
0.4450679482865513,0.2898689879961577,0.265063063717291
0.4378873035736545,0.2932996012670275,0.26881309515931817
0.439055272652187,0.2671559472932037,0.2937887800546096
0.435649746403853,0.2728092533954378,0.291541000200709
0.42814502090454637,0.273565784997281,0.29828919409817267
0.440379704043528,0.27248176453857215,0.2871385314178998
0.43679784362003216,0.2819539830950797,0.28124817328488816
0.43277841606351897,0.2812941044264296,0.2859274795100517
0.44363208475878035,0.2704115805696611,0.28595633467155857
0.4469542600524684,0.26542959109468556,0.2876161488528462
0.4532828142825568,0.2748303865995631,0.2718867991178801
0.45337399786275095,0.287278403974071,0.2593475981631781
0.43346777215416615,0.2797394102052616,0.2867928176405722
0.45701907855590274,0.2844909726635081,0.258489948780589
0.4362539959245924,0.26797271960429064,0.29577328447111684
0.4375779328543026,0.2734502270351877,0.2889718401105098
0.4459523026419888,0.281401385329455,0.27264631202855627
0.45370309915692475,0.2849803267241636,0.26131657411891185
0.4392351365897911,0.2695836579557049,0.29118120545450427
0.45012182705263665,0.28827145952534444,0.26160671342201935
0.45025185560664815,0.2865808750246679,0.26316726936868395
0.4378500440330325,0.2703881046355028,0.2917618513314647
0.44755517280442303,0.2770968201012043,0.2753480070943727
0.4379422345803132,0.26715647118052593,0.2949012942391611
0.44027535727969447,0.2669851763200421,0.29273946640026355
0.4537647783198675,0.2854221206276621,0.26081310105247035
0.4298034221312381,0.2777232223881282,0.292473355480634
0.43153282275964927,0.2750129095962526,0.2934542676440982
0.4445667938948682,0.29062927014669016,0.2648039359584417
0.432991966591745,0.27095926073339605,0.29604877267485885
0.4377682238737861,0.2694814519624903,0.2927503241637234
0.44872712020251937,0.27722411167964633,0.2740487681178345
0.4332650872082701,0.28724173615724047,0.27949317663448947
0.4495410892543924,0.288776940485596,0.2616819702600115
0.42704688698992405,0.2747902832695862,0.29816282974048985
0.43607529935789147,0.28150612674331593,0.28241857389879266
0.4439639841090562,0.2759699837191772,0.2800660321717665
0.45025452544130784,0.2866272599296461,0.26311821462904594
0.4369984907757441,0.2681017496370244,0.2948997595872316
0.4435518586847101,0.2715806309551191,0.28486751036017105
0.42779751814141453,0.2752891396830711,0.2969133421755145
0.43995437570543855,0.27475278076380205,0.2852928435307598
0.43266115464319516,0.27297316006962696,0.29436568528717766
0.42914242157000754,0.27363066992480634,0.29722690850518596
0.43790712796315356,0.2806664976127097,0.28142637442413687
0.44585558129389286,0.2790731550025788,0.27507126370352875
0.4355851908588435,0.27051347103788725,0.29390133810326946
0.44753358382489694,0.2824096356421579,0.2700567805329453
0.44259008020345814,0.2838740861572416,0.27353583363930045
0.4394568935509625,0.2782831928674324,0.28225991358160485
0.4354333372697472,0.2842536837546865,0.2803129789755663
0.4379310222621999,0.2680263194138476,0.2940426583239528
0.4325296054451682,0.2725610143222761,0.29490938023255564
0.4476274153758969,0.28308659308192996,0.26928599154217303
0.4484662551358751,0.27400983784631405,0.2775239070178106
0.44186951364179244,0.2852458647739259,0.27288462158428206
0.4327517183355979,0.2711400310288248,0.29610825063557733
0.4467046963864682,0.27826404531511895,0.2750312582984127
0.43664068686751073,0.26858360343233945,0.29477570970015
0.438155411357727,0.2673488028008293,0.29449578584144387
0.4436862094156237,0.27699986924364506,0.2793139213407314
0.4318312065042985,0.270833304708733,0.2973354887869687
0.4295682578022185,0.272104221937553,0.29832752026022824
0.446444262143039,0.2891348863495753,0.2644208515073857
0.44527059073808345,0.2887469300340981,0.2659824792278185
0.44294781033580555,0.2705240828891724,0.28652810677502205
0.4326441230838554,0.27308470729353873,0.29427116962260597
0.43794204944358883,0.2785618875374183,0.28349606301899277
0.430524049530259,0.2724584265037019,0.2970175239660393
0.42569778068116076,0.2754034834372562,0.2988987358815829
0.45719941821207755,0.2846193962247989,0.25818118556312364
0.4509129665022995,0.28710792131577434,0.26197911218192615
0.4361544026376112,0.2879987841594855,0.27584681320290366
0.44945158972167965,0.28896619999886064,0.26158221027946005
0.4337940270271702,0.2704713784483471,0.2957345945244829
0.4319507024998852,0.2754327069606891,0.2926165905394254
0.4361787747980017,0.2719435015921569,0.29187772360984154
0.4348248840025351,0.274120793982277,0.291054322015188
0.45677045448010034,0.28105941391836187,0.2621701316015378
0.44086685731297726,0.2787645199860453,0.2803686227009774
0.44634982214927416,0.27662114864358645,0.2770290292071396
0.44562424098041237,0.2634540996060378,0.29092165941354986
0.43366915701571773,0.27096998379981607,0.29536085918446614
0.4359004395729875,0.2761441997139288,0.2879553607130837
0.43739743647333035,0.27941232399859917,0.2831902395280706
0.4326487340126711,0.27078574590830895,0.2965655200790199
0.4458514484264913,0.28783127751999915,0.2663172740535097
0.44794905029494714,0.2773483731644649,0.27470257654058816
0.4522730748473384,0.2871338209667899,0.26059310418587167
0.44025020342356463,0.27768084139206495,0.2820689551843704
0.43807969927362594,0.273413165977849,0.2885071347485251
0.43002847749128426,0.2725499443245044,0.29742157818421155
0.4369406660951028,0.27322358936895375,0.2898357445359435
0.4368460647421518,0.2720203169707358,0.2911336182871127
0.42765404282919756,0.276420906615092,0.29592505055571017
0.44452140951077046,0.2800933454573764,0.27538524503185297
0.43700107094629137,0.2685375563990462,0.2944613726546623
0.4416032625492515,0.27843329714980725,0.27996344030094134
0.4481020723926453,0.28240241450726544,0.26949551310008935
0.4556782171255289,0.28333226104751363,0.26098952182695734
0.45005533583433255,0.2862940491038911,0.2636506150617764
0.43066008732209216,0.27713598797118844,0.2922039247067194
0.45723840235549285,0.28516951156117376,0.2575920860833337
0.4567857655212167,0.284571736704447,0.258642497774336
0.4551646163924117,0.28520225627485507,0.25963312733273314
0.43303149198568636,0.273158292890329,0.293810215123985
0.4381501746628085,0.28046176796155886,0.2813880573756328
0.447691819866869,0.2807575728565501,0.2715506072765811
0.4341748845548443,0.2754786837094383,0.2903464317357176
0.4602361519427951,0.28147845977442104,0.25828538828278375
0.4410413826977624,0.27327685716952943,0.28568176013270835
0.44278644771051423,0.27333590327116863,0.28387764901831714
0.4371861254529531,0.2841814977203352,0.2786323768267117
0.45526635238522073,0.285755653414537,0.2589779942002425
0.4337580105794544,0.27092219648191285,0.29531979293863286
0.42474566026440363,0.2764040327745718,0.2988503069610247
0.4408369568156767,0.27954508019836377,0.2796179629859594
0.44180163305543996,0.2895382398189491,0.2686601271256107
0.42936014257344957,0.27317749771454414,0.2974623597120067
0.4405385867584655,0.28234458774855975,0.2771168254929748
0.4327793592486722,0.2706848685214894,0.29653577222983873
0.43382873798559285,0.2757137763666326,0.2904574856477751
0.458771529900809,0.27669015675765957,0.2645383133415317
0.4449245854629834,0.28449726840822065,0.2705781461287959
0.4599885800039017,0.2825154536395226,0.25749596635657573
0.44032655281838334,0.26674981170748346,0.29292363547413314
0.44588429521208883,0.28135413741815807,0.2727615673697533
0.42569875203330015,0.27706384950675944,0.2972373984599405
0.4266693298994284,0.2743772120320018,0.2989534580685701
0.4474104347266085,0.2866630139460593,0.26592655132733234
0.436394015770573,0.2772956702757112,0.2863103139537152
0.43404465198180864,0.27073544437924546,0.2952199036389456
0.4421449916017019,0.2848691067813347,0.27298590161696357
0.44897139685499343,0.2867336480997869,0.26429495504522005
0.43369993233520765,0.26931510624486243,0.29698496141992964
0.4392204699555001,0.26746995860654116,0.293309571437959
0.4506462950491379,0.28899125784790713,0.26036244710295486
0.4278638019598401,0.2732721013794747,0.29886409666068486
0.4404114729843373,0.2880970351388069,0.27149149187685595
0.44277690799208747,0.2906924191133847,0.26653067289452775
0.4428726355777759,0.2906353176027147,0.26649204681950955
0.4346837942878045,0.2694824020640953,0.2958338036481005
0.43178074854929943,0.27810778766607724,0.29011146378462305
0.44666530930824655,0.2841036304107754,0.269231060280978
0.4374751727832427,0.26929569337619225,0.2932291338405649
0.43079530060804605,0.2757818311894221,0.293422868202532
0.4397710467188689,0.28821904770552403,0.2720099055756069
0.4367040235786983,0.26931017207278946,0.29398580434851196
0.439157361744313,0.2769775467487129,0.2838650915069739
0.4347225600909583,0.2695445332461428,0.2957329066628989
0.44977335233259497,0.28720029512056156,0.26302635254684376
0.43479042177923777,0.27063431855206427,0.294575259668698
0.4320102546168741,0.27155226053549986,0.2964374848476262
0.4387187241585923,0.2763652794996421,0.28491599634176556
0.433185654287888,0.2757061481994467,0.2911081975126655
0.4375084301729265,0.2699319490174688,0.29255962080960507
0.43359394618785996,0.2748915760124813,0.2915144777996588
0.43827745355770537,0.2755532158570535,0.28616933058524086
0.4317006031970286,0.27810445332479633,0.290194943478175
0.440800781256422,0.27187102420667986,0.28732819453689856
0.45212323338690064,0.27390717054231856,0.2739695960707805
0.4499352724211373,0.2887285724108571,0.2613361551680056
0.43579048865712366,0.2689379456146748,0.29527156572820146
0.4536204695979056,0.28230797048980893,0.26407155991228537
0.4342793814466551,0.2707447198168356,0.2949758987365091
0.43529159488029295,0.27538742867138566,0.28932097644832144
0.4336347448165443,0.2695512405919761,0.2968140145914793
0.4270910671431616,0.2740032294252083,0.29890570343163037
0.4515990156468539,0.2736572890241863,0.27474369532896
0.44415549906906426,0.28660072423754923,0.26924377669338634
0.4289129963382087,0.2730705920657126,0.2980164115960787
0.43118346225726645,0.27372743668639654,0.29508910105633673
0.44435847362428116,0.281058943020596,0.2745825833551229
