x,y,z
0.17055475607289194,0.44532407317303085,0.38412117075407703
0.24978398048015166,0.36680335349684745,0.3834126660230009
0.18112004031743856,0.4458639371393151,0.3730160225432464
0.2365169638251785,0.39439103496102074,0.3690920012138009
0.2218795456743327,0.4175178633002381,0.3606025910254294
0.269717662514307,0.3522214889926609,0.37806084849303195
0.2259567694570287,0.39160382515347614,0.38243940538949583
0.16943878811044796,0.4823505376913299,0.34821067419822216
0.24113070927055885,0.3818037570697721,0.377065533659669
0.1773664676033996,0.43855238137561636,0.3840811510209841
0.22499880268756578,0.3844997401432295,0.3905014571692046
0.24886567602517704,0.3661045983067758,0.38502972566804716
0.2364003314787035,0.38893480707154204,0.3746648614497543
0.18921815698601394,0.4272751256401801,0.38350671737380587
0.22213442927443014,0.40236406195921703,0.3755015087663529
0.23445739249171244,0.3844523971791757,0.3810902103291116
0.18486326004942513,0.4348767061417505,0.38026003380882445
0.2643903987428883,0.3537343797774787,0.38187522147963293
0.2111854907495526,0.4010531485733554,0.3877613606770923
0.20837291576286188,0.4061215093873319,0.3855055748498061
0.22501337150155232,0.4061559214440881,0.3688307070543597
0.17746081325715402,0.4742867265828967,0.34825246015994893
0.1884683029054765,0.4281460866734144,0.3833856104211092
0.21181178951244656,0.40999932032034136,0.3781888901672118
0.158802113300645,0.49512324557059717,0.34607464112875774
0.20356276189386718,0.4136703511361405,0.3827668869699924
0.2103703824867446,0.4170668780247495,0.3725627394885059
0.2229608988506878,0.38970408046159577,0.3873350206877163
0.25186662299437435,0.36490502020016063,0.38322835680546485
0.1787515407202535,0.44284920210872547,0.3783992571710211
0.24798449153321903,0.3701899895413061,0.3818255189254751
0.21238976570837576,0.4263120485653571,0.3612981857262671
0.20503272348653975,0.41864724290053423,0.376320033612926
0.1915407631863528,0.422361074652183,0.38609816216146464
0.18176627800594364,0.45028726277669334,0.36794645921736296
0.19692129873645398,0.4155669852073355,0.3875117160562108
0.18660291631486625,0.4348551585861981,0.3785419250989357
0.21503664685705404,0.39954667618154266,0.3854166769614036
0.296114225234434,0.3451559837354436,0.35872979103012226
0.1831154583557863,0.4344929216550103,0.3823916199892038
0.22399814135021562,0.39559415245052926,0.3804077061992547
0.19260576888759914,0.4271946055255065,0.38019962558689424
0.18555541259238548,0.43375362108981685,0.38069096631779764
0.20451038359640908,0.4138668728415889,0.381622743562002
0.26326961787541325,0.3547591158434742,0.38197126628111255
0.2340707360353135,0.38692196311957383,0.3790073008451128
0.2553858698274483,0.3622242220243004,0.382389908148251
0.22005020195470418,0.4076464218176043,0.3723033762276913
0.21869160738857749,0.3917179490363998,0.3895904435750226
0.1956907210669755,0.4185557827369712,0.38575349619605337
0.25480512839350455,0.3611350252507446,0.3840598463557507
0.17641763180689793,0.4392390683435901,0.38434329984951215
0.19984771304895288,0.4201962080872971,0.3799560788637501
0.22509320910000682,0.3960908174964673,0.3788159734035258
0.23235731481136898,0.405892857107988,0.36174982808064327
0.21517171373011945,0.4156730455868669,0.36915524068301375
0.24941725881694907,0.3891774904094933,0.3614052507735577
0.2527199589713789,0.3636334883253913,0.3836465527032298
0.21932777526917388,0.39533575840632496,0.38533646632450136
0.2418150597280669,0.37674145076619603,0.3814434895057368
0.20304179817289597,0.4214126823092058,0.3755455195178988
0.2412220533334507,0.38050933207807014,0.37826861458847905
0.22264954627588557,0.3902252291711108,0.3871252245530033
0.2222707511027814,0.40121063478497954,0.37651861411223914
0.1951249805777902,0.42295470421980486,0.3819203152024049
0.20581677129280768,0.41373585745034247,0.38044737125685013
0.2509143125649081,0.36664616709216236,0.3824395203429296
0.25075732067619105,0.36253453620822107,0.3867081431155881
0.2997490973615586,0.34273406563903674,0.3575168369994049
0.25127948307241926,0.3946000025810852,0.3541205143464956
0.24324310089172188,0.37236307180917255,0.3843938272991054
0.19842414438101227,0.4200886886331352,0.3814871669858523
0.22030305694441382,0.4068139604084974,0.3728829826470891
0.1813345663050837,0.43647792628587617,0.38218750740904006
0.1818038992937968,0.4443282438620488,0.3738678568441547
0.20223744063649216,0.4228991387108289,0.3748634206526792
0.18936468739703655,0.4711984903480242,0.3394368222549393
0.20082175368961028,0.44228931423422657,0.3568889320761628
0.1932124204630452,0.44517194084402323,0.36161563869293173
0.26243737823655083,0.3779991673707575,0.3595634543926917
0.2456146931055373,0.3719936691744306,0.3823916377200321
0.23666079491622305,0.39652007657895827,0.3668191285048184
0.24620404381765007,0.37559867605428676,0.378197280128063
0.2309383871703672,0.4023570055457565,0.36670460728387644
0.22706398654052534,0.38867201484186426,0.3842639986176102
0.2469400538579198,0.373070038621921,0.37998990752015904
0.19510679899077357,0.4286725611164754,0.37622063989275123
0.2252332199715282,0.3964433487524921,0.3783234312759798
0.1952800827351764,0.41565968309531415,0.38906023416950963
0.24440389505910545,0.37228584601262965,0.38331025892826487
0.17763902007517696,0.45387914702502463,0.3684818328997984
0.23594639647360371,0.3829836527827296,0.3810699507436666
0.24764786916235115,0.37508525984248287,0.37726687099516576
0.26294809517121037,0.35687371414798796,0.3801781906808019
0.21438991035003527,0.4013969619784694,0.38421312767149557
0.2017346273410537,0.41503753415307043,0.38322783850587605
0.23176078830849242,0.3906946564899489,0.37754455520155855
0.22388383805655554,0.38718116204632824,0.3889349998971162
0.2518482367521386,0.3720787993918544,0.3760729638560071
0.20177441118933792,0.4376473096528697,0.3605782791577923
0.23543968984377073,0.3923305124086296,0.3722297977475997
0.19751646463718692,0.41917665559849115,0.3833068797643222
0.23364082891099341,0.38218043950292785,0.3841787315860786
0.18924386566316334,0.4397511399083813,0.37100499442845547
0.22878997677118626,0.400258249770009,0.37095177345880453
0.20028824467471756,0.41132134782399044,0.3883904075012917
0.2305743355564684,0.39149511383387287,0.37793055060965863
0.2441810692268004,0.37223522724267577,0.3835837035305236
0.1950592089453581,0.42822953128540875,0.37671125976923314
0.26650109111266773,0.3544715382401894,0.37902737064714276
0.2286781433347443,0.39533327800458773,0.37598857866066804
0.2220815137104263,0.39687926389108164,0.381039222398492
0.22463939259599247,0.4005171204270854,0.3748434869769222
0.18085625909462896,0.44727663175056853,0.37186710915480226
0.19342966436637615,0.42005930752726295,0.38651102810636073
0.2263418657054413,0.3829280348256965,0.3907300994688624
0.18259744082292426,0.4395118798786267,0.37789067929844894
0.21256375697727822,0.4034545843525219,0.3839816586701999
0.28932868694483577,0.34364147433251757,0.3670298387226464
0.20813015529552675,0.4095855156079159,0.3822843290965573
0.22146602158277492,0.39266528537455414,0.385868693042671
0.22082912917795366,0.41008983488015033,0.369081035941896
0.23011754946705174,0.3824925568308609,0.38738989370208743
0.20625574766517107,0.420685632891773,0.373058619443056
0.1947092024211037,0.42131096580939353,0.3839798317695029
0.1917377219833476,0.42234296055508175,0.3859193174615706
0.24397138434360247,0.37107827107977237,0.38495034457662514
0.22454700821058168,0.3851314326664778,0.39032155912294086
0.16226550012210242,0.47329363347675024,0.3644408664011472
0.19640952300614628,0.415808271735868,0.3877822052579859
0.14076842081071378,0.5130585076737683,0.3461730715155179
0.24710526183171502,0.3679066280408909,0.3849881101273938
0.22122230001637816,0.40734894810117217,0.3714287518824498
0.15823646364491695,0.48093159422909926,0.36083194212598374
0.22281981067401874,0.3979822157155147,0.3791979736104668
0.2425786401615901,0.37925344351713974,0.3781679163212702
0.2196539559563522,0.39356435694182734,0.3867816871018204
0.2594653009108282,0.35988258581934457,0.3806521132698274
0.21101240575541827,0.4040085716362152,0.38497902260836664
0.20468570720579382,0.41178283819821737,0.3835314545959888
0.24135717337372647,0.3732833091588363,0.385359517467437
0.20969434650516486,0.4060426488163865,0.38426300467844837
0.19078549064054315,0.4419668143056686,0.36724769505378846
0.21233316249334644,0.41026815382946047,0.37739868367719265
0.20362065714012342,0.41755672474370076,0.378822618116176
0.1892685231712472,0.4716369551313609,0.3390945216973916
0.22309405230137544,0.39469312298076636,0.3822128247178582
0.263428491290015,0.3561918109604373,0.38037969774954783
0.19877244283337778,0.42750307300483553,0.3737244841617864
0.22190776052314592,0.38853104823919893,0.3895611912376547
0.22535733905396194,0.3959947224876473,0.3786479384583906
0.23328289871834954,0.3986548433601371,0.3680622579215135
0.21565469667070505,0.3964109267826442,0.3879343765466507
0.26156549512008687,0.35615734671732213,0.3822771581625911
0.21676515712501263,0.4000632086848155,0.3831716341901721
0.2373150205952123,0.386380248008567,0.3763047313962211
0.22500063268342438,0.3924385053540512,0.3825608619625247
0.23916226081897357,0.3899703063098951,0.37086743287113133
0.21569559958044376,0.3953158208301129,0.38898857958944344
0.20738850403289727,0.4033703297571539,0.3892411662099491
0.23844103593190696,0.37980431208792514,0.38175465198016817
0.22642990053367973,0.3923451284941667,0.3812249709721533
0.2130679915976034,0.4128305811221932,0.37410142728020357
0.22962217019426984,0.3819651911431852,0.38841263866254494
0.19764080717462015,0.42141491327713293,0.38094427954824694
0.19852125662104353,0.4175993160832087,0.383879427295748
0.177397008018706,0.44615698075338284,0.3764460112279112
0.2570448982354839,0.35940101809972064,0.38355408366479526
0.1677475675690922,0.47437937398352575,0.35787305844738215
0.2147181548080275,0.394380461980139,0.3909013832118339
0.23025171318362897,0.39827271188894253,0.3714755749274284
0.18821291693219772,0.4271053466038027,0.38468173646399917
0.20609758048194998,0.420169458845976,0.37373296067207384
0.2140237740530514,0.4061778634268641,0.3797983625200839
0.1881624872201239,0.4241405412650159,0.38769697151486027
0.2057927742994006,0.41643777530362114,0.3777694503969785
0.2713303474350839,0.3501900193353183,0.3784796332295979
0.2384885849456214,0.3745850521783961,0.3869263628759826
0.24745838107301074,0.3797129693784783,0.37282864954851086
0.2500449581208335,0.3650767022731404,0.3848783396060262
0.25031062052918396,0.36493557839249985,0.38475380107831625
0.2554298306443526,0.36242756243395424,0.382142606921693
0.24421487700477912,0.36939898800544907,0.3863861349897719
0.260357106007276,0.3601708678461576,0.37947202614656655
0.2204874334997418,0.41554629363022677,0.3639662728700313
0.2143405950963939,0.4095285439360795,0.3761308609675267
0.22514723240427545,0.3908994162414209,0.38395335135430353
0.218051811085777,0.39238196319912266,0.38956622571510047
0.2638104429302311,0.3609761505991491,0.37521340647061985
0.19806500855926223,0.4200029817420881,0.3819320096986496
0.192266029491473,0.4228963372936689,0.3848376332148581
0.21365391560463615,0.41261820140721395,0.3737278829881495
0.1892810142947604,0.42519158621254627,0.38552739949269343
0.21920261175123457,0.4096975862190727,0.37109980202969284
0.250004265572878,0.3631634896649894,0.38683224476213235
0.21312836853534864,0.40311294376118184,0.38375868770346944
0.273872664326311,0.3505190788771674,0.37560825679652143
0.18011951853611186,0.43530340480108937,0.3845770766627986
0.17138364635272196,0.4566017131158586,0.37201464053141964
0.2532713244156149,0.3712114112965994,0.375517264287786
0.20378006782774868,0.41468152353202925,0.3815384086402218
0.21671779115727505,0.41551076141558557,0.3677714474271393
0.20459940457395862,0.4116515583741936,0.3837490370518476
0.2824585425595596,0.3461034326445118,0.37143802479592836
0.20316671995848715,0.4185581717519896,0.37827510828952327
0.21833290958462206,0.40810831365865985,0.3735587767567181
0.1834548080933185,0.43751049408199816,0.37903469782468346
0.2039191879896171,0.4110924359951216,0.38498837601526137
0.26441562907358834,0.35378018963220426,0.38180418129420723
0.19822295054042968,0.4208959608923296,0.3808810885672408
0.15726437833325035,0.48025622212117197,0.3624793995455779
0.2630985717542984,0.35697020992742634,0.37993121831827537
0.21328796631269362,0.40354878408833,0.38316324959897663
0.17468881606433864,0.4524401274661064,0.37287105646955476
0.2501916415047953,0.36247988359987937,0.3873284748953254
0.1717124574551412,0.45525336740249056,0.3730341751423686
0.20194513295044042,0.4198847825962515,0.3781700844533079
0.24219743016557604,0.3809765528423311,0.3768260169920931
0.23400896334206303,0.37771094551747375,0.3882800911404629
0.24046448108919127,0.375232044077078,0.38430347483373095
0.1914646279498538,0.4172195910371713,0.3913157810129745
0.1917283886545367,0.4171622451305692,0.39110936621489445
0.20025857037563746,0.4222883248985222,0.37745310472584026
0.2218023075088742,0.389768246103978,0.3884294463871477
0.2649840105145788,0.3542958474811412,0.38072014200428
0.20502367540743238,0.41344818381386944,0.381528140778698
0.22019033481784211,0.41374661003079055,0.3660630551513675
0.16599206322995771,0.4625410558700813,0.37146688089996094
0.2074867429849518,0.4103285518164683,0.38218470519857967
0.17654312124034532,0.44490482079253046,0.3785520579671242
0.23745266319983493,0.3759799885672581,0.38656734823290706
0.2076221258101692,0.4162219473319152,0.3761559268579157
0.23495778850196444,0.3916033891407075,0.37343882235732784
0.22612023411065432,0.38739327820919156,0.38648648768015403
0.2122887980937567,0.4032615620631165,0.38444963984312697
0.20085173325551742,0.4141219241114993,0.3850263426329833
0.22372830562365614,0.39928420931997116,0.37698748505637203
0.2398483463228518,0.3717054706528181,0.3884461830243302
0.24540795439687899,0.3740949944508975,0.38049705115222354
0.23876570035978845,0.3785050056660324,0.382729293974179
0.21132833121474157,0.397268736791202,0.3914029319940563
0.22371879730443567,0.3878762725626356,0.38840493013292865
0.21209257808818505,0.4111458614987902,0.3767615604130248
0.22051357176562564,0.3980362301768352,0.38145019805753927
0.24266295825375453,0.3833765650216328,0.37396047672461225
0.19830222965218905,0.44462835746609736,0.35706941288171334
0.25376465586058405,0.3664575226629181,0.379777821476498
0.19596103847234192,0.4227469158103645,0.38129204571729347
0.28256732652891636,0.3451222482786529,0.37231042519243074
0.1731572741661912,0.46440800785559105,0.36243471797821825
0.1437742029456283,0.48987822575782086,0.3663475712965505
0.24082019900511298,0.3747695222154972,0.3844102787793896
0.22424709294181097,0.390071857408151,0.3856810496500382
0.19202217075755845,0.43192143513766695,0.3760563941047742
0.21455951087865538,0.3968759404404679,0.38856454868087664
0.2137522098672873,0.3953951436383463,0.3908526464943668
0.2402572915390665,0.3855093179694524,0.3742333904914812
0.26138674546535157,0.3566630764102082,0.3819501781244403
0.2523088676229094,0.3656246467423464,0.3820664856347442
0.1668462432950972,0.4561490848989916,0.37700467180591124
0.19347433301418115,0.4225002679343024,0.3840253990515165
0.193848527218423,0.42262854929620197,0.38352292348537476
0.16754342175617953,0.4608379046909673,0.37161867355285283
0.25593250359742653,0.36591803606066164,0.3781494603419119
0.1519570827503544,0.48256998324473066,0.36547293400491476
0.24752329781061674,0.3978466006459033,0.35463010154347985
0.19757970164505745,0.4148822620505495,0.387538036304393
0.2371933835840808,0.38018936792203606,0.3826172484938831
0.17909350452889192,0.44685611822597576,0.3740503772451325
0.2733760675530318,0.3507731371540944,0.37585079529287413
0.23554903338364652,0.38866743386719177,0.3757835327491619
0.21589996321733845,0.41195129135724884,0.3721487454254127
0.1873698374384667,0.44102682581362795,0.37160333674790513
0.17763033746206572,0.4400763236651112,0.382293338872823
0.23430663939659857,0.38295123908419626,0.3827421215192048
0.2085427733934404,0.41386365914125717,0.3775935674653026
0.18486602109315958,0.43742398094740365,0.3777099979594365
0.2349563096223894,0.390945033981731,0.37409865639587947
0.22121271569638892,0.4009776410342294,0.3778096432693816
0.1782481291708521,0.4449079061252086,0.3768439647039392
0.26188762648698255,0.3553419551995465,0.38277041831347103
0.1921523245641743,0.42690556169586197,0.38094211373996356
0.2703222272099209,0.3528451584285855,0.37683261436149346
0.20980977742531487,0.4116642113300076,0.37852601124467783
0.16863106440460815,0.4536446693846481,0.37772426621074406
0.22678376720450183,0.3929071332858177,0.3803090995096805
0.30503080536629024,0.33826421682610647,0.35670497780760324
0.19095619391316435,0.42728407960526305,0.3817597264815724
0.2303436725236123,0.3853940166041206,0.38426231087226714
0.23369330338489558,0.37749306805720917,0.3888136285578953
0.210205007575678,0.40601091229639463,0.3837840801279275
0.21465366604973837,0.40516632027933697,0.380180013670925
0.2572573813976461,0.3592864601828477,0.383456158419506
0.1758219794033425,0.44321422960496515,0.3809637909916922
0.17518408231228622,0.449477075336713,0.3753388423510009
0.22372047404587178,0.4121986599005414,0.364080866053587
0.19612441347530735,0.418130726132514,0.3857448603921788
0.1997067830763539,0.42117058127502804,0.379122635648618
0.25019071597725795,0.4003795756222637,0.34942970840047805
0.22282593856389243,0.4079814571933449,0.3691926042427627
0.18611991286881208,0.4393819664870905,0.37449812064409704
0.2418279331006358,0.3752691298584655,0.3829029370408986
0.1904603964725762,0.429735170599414,0.3798044329280097
0.22132184408384153,0.39538448871642273,0.38329366719973573
0.20119379379383587,0.4122752796316248,0.3865309265745397
0.27406733703633146,0.3510258008680425,0.3749068620956265
0.2734631398584019,0.34928831873386146,0.37724854140773645
0.20962906817307572,0.4154260142444024,0.37494491758252174
0.2030810928571443,0.4094783320208679,0.3874405751219878
0.22085518661585163,0.41600413605003705,0.36314067733411115
0.2144381994107183,0.39365680863333874,0.3919049919559434
0.24096016835198483,0.3830250760004028,0.37601475564761233
0.2513260480860338,0.36539477830872746,0.3832791736052384
0.23892000422845727,0.3755905508472463,0.38548944492429627
0.22647803702851488,0.38446516692780314,0.38905679604368204
0.2111028563221019,0.40247002329712045,0.38642712038077776
0.15861528638667544,0.47518935647878285,0.3661953571345416
0.25453775987658045,0.3836574965149354,0.3618047436084838
0.2912650621048885,0.3424883680106027,0.3662465698845088
0.20696535077260345,0.41561119810094727,0.3774234511264496
0.23622793943988307,0.37804881256327766,0.3857232479968393
0.25978244733749895,0.36504443490685956,0.3751731177556415
0.23126388753419294,0.3794529925742667,0.3892831198915405
0.25777022743276595,0.36184367142939156,0.3803861011378426
0.3161854937796373,0.33806961769329114,0.34574488852707197
0.21287830513082984,0.4049669762166918,0.3821547186524786
0.27043182021516243,0.35049805449530635,0.37907012528953143
0.1811145494705068,0.43503553298731445,0.3838499175421787
0.26149108880686517,0.3582969656973471,0.38021194549578796
0.18603012620829895,0.42829524487148174,0.3856746289202191
0.23536821048309378,0.37718181903627723,0.3874499704806292
0.25526448212437486,0.36769466359922476,0.3770408542764006
0.19119307255105952,0.4290180442949342,0.3797888831540065
0.2533286371959892,0.3619998968955693,0.3846714659084415
0.23703406433985366,0.37439608832997695,0.38856984733016936
0.24857003040955386,0.3759308595156639,0.3754991100747824
0.21241703094967052,0.4030932095223108,0.38448975952801834
0.2328602681380203,0.4026996702727589,0.36444006158922104
0.2341271632389782,0.37624677765325765,0.38962605910776416
0.21035578173578567,0.42387967835276363,0.36576453991145064
0.1975885477820454,0.4177378685105737,0.38467358370738103
0.24979244369693748,0.38409428254302724,0.3661132737600353
0.19923645767753537,0.4158105934081301,0.3849529489143344
0.16739291024504288,0.45532205517498847,0.3772850345799691
0.23970578903051035,0.3859620297874404,0.37433218118204914
0.18200911857154656,0.4413663937652639,0.37662448766318957
0.2685627513214429,0.35506667498537003,0.37637057369318716
0.24121383768914212,0.38205218152633935,0.3767339807845181
0.2497806607180164,0.3722294980779514,0.3779898412040321
0.2734862400132875,0.34993441021376487,0.3765793497729477
0.22825639074971465,0.4101440066217184,0.36159960262856716
0.200499224476171,0.41401974112409,0.38548103439973874
0.16358981954827276,0.45719783100171163,0.3792123494500156
0.1585263970258334,0.47583444669799446,0.36563915627617194
0.2314367959085274,0.380231170819974,0.3883320332714988
0.24940955692969086,0.3710367001637143,0.37955374290659477
0.24628202580147862,0.3688705016308227,0.3848474725676985
0.2458999794126229,0.3713486648449755,0.3827513557424016
0.22527223157735454,0.3958431894366389,0.3788845789860066
0.2008734653319722,0.40818567472033745,0.3909408599476902
0.20486033306024848,0.4036544276415167,0.3914852392982348
0.20115900804796968,0.4133221721166868,0.38551881983534353
0.23279776984249442,0.3817750655319194,0.38542716462558624
0.22898098394697491,0.39148619984498223,0.3795328162080427
0.2656873234748156,0.35465891304630526,0.37965376347887914
0.23604975171589715,0.3767844211552736,0.3871658271288295
0.18153844340840003,0.4322251264590624,0.38623643013253717
0.2566447811320994,0.36541317573765075,0.3779420431302498
0.2814915872745904,0.3454922958901373,0.37301611683527214
0.2400794162999407,0.37592701875095497,0.3839935649491041
0.18672541329651543,0.4403147957245994,0.37295979097888526
0.24180871174694082,0.37555203286438577,0.3826392553886738
0.22032935708865323,0.3973553488336015,0.38231529407774534
0.24154613696996668,0.3790965294721172,0.379357333557916
0.1308152857576629,0.5310349403648895,0.3381497738774475
0.2164771692731462,0.4222315456363752,0.3612912850904785
0.20488645966367125,0.40878879920842964,0.3863247411278991
0.17733946556628877,0.4449988801271654,0.3776616543065461
0.253280860560112,0.3668041164191593,0.37991502302072877
0.2254082949752025,0.38344923218709714,0.39114247283770054
0.2105903229283549,0.41501536117814064,0.37439431589350447
0.19779804095076944,0.46118124746781086,0.34102071158141956
0.2018239044064396,0.41100106658818625,0.38717502900537426
0.1915989288778862,0.4286486061843233,0.3797524649377905
0.23238505246492894,0.3927793573467272,0.37483559018834367
0.16765073298701405,0.460297949276485,0.3720513177365008
0.15823472682146056,0.4722469602478473,0.369518312930692
0.19282294616192655,0.4208249921540421,0.38635206168403147
0.19336311731615172,0.4274449119156137,0.37919197076823447
0.21909804549435988,0.3928906447760256,0.38801130972961473
0.22979193186804064,0.3983001291147927,0.37190793901716646
0.1827414506659891,0.4470493682545703,0.37020918107944056
0.23122128477203757,0.39492730501564166,0.37385141021232127
0.18078755840894134,0.4361346539225853,0.38307778766847345
0.24935696658926076,0.3700008149733727,0.38064221843736684
0.22979433396253,0.3955630901155356,0.3746425759219346
0.19179943136513203,0.423347405194871,0.38485316343999687
0.22539613570427716,0.3991318401668066,0.37547202412891656
0.21105736202451725,0.40149521051887205,0.3874474274566107
0.22436530060127624,0.39945719084225007,0.3761775085564737
0.23033375168747858,0.40276804582188913,0.3668982024906323
0.22245990099997273,0.3947415325766367,0.38279856642339044
0.2446085406940796,0.3733794601376962,0.38201199916822365
0.2081804573118187,0.415306937100379,0.37651260558780203
0.22375619154472323,0.4060252060069133,0.3702186024483638
0.2411336937363529,0.3834053867521684,0.37546091951147875
0.20351098407390938,0.4219235443104382,0.3745654716156527
0.21774319459240815,0.3988301465074281,0.38342665890016403
0.19981388937739264,0.4381528326126911,0.36203327800991636
0.2023361174851513,0.41581050310108447,0.38185337941376385
0.20565595231017783,0.4100917188748647,0.3842523288149575
0.22040899827110733,0.40318448238258936,0.3764065193463034
0.2657179659163796,0.3552063333790338,0.37907570070458657
0.2543043170598975,0.3624192458644485,0.3832764370756543
0.21610702316512626,0.39786134019399944,0.3860316366408745
0.22272034646831457,0.4057511242747718,0.3715285292569136
0.2120922918209128,0.42883745438170945,0.3590702537973778
0.2391262099051978,0.3860199459940973,0.374853844100705
0.266500262576269,0.3560598447146962,0.37743989270903455
0.15663248213303654,0.4731516558480488,0.3702158620189143
0.16858079021734024,0.46068506541246607,0.3707341443701933
0.2061143510648215,0.415505850804997,0.3783797981301814
0.20243706772856154,0.41203543015017363,0.38552750212126496
0.1755116447961386,0.44836967710097053,0.3761186781028908
0.230328950935167,0.39445234734093637,0.3752187017238968
0.20874124102522829,0.40437029313776585,0.386888465837006
0.24105896559940784,0.37535043078349795,0.3835906036170944
0.2095273540608367,0.40699422405021274,0.3834784218889509
0.2061182233572886,0.4062384777804071,0.3876432988623042
0.21295941436061366,0.4100223556590117,0.37701822998037465
0.2125567694796016,0.40643661112046003,0.3810066193999383
0.15282783861825677,0.4730964671265458,0.3740756942551976
0.26438586456365,0.356785522266564,0.3788286131697863
0.21796034896163458,0.3989592789159667,0.38308037212239876
0.19342848879529767,0.4344730198085024,0.3720984913961997
0.18603245506698493,0.4364234555652956,0.3775440893677194
0.23953022009790795,0.3735765271881998,0.38689325271389174
0.19770763785324558,0.4465247663196364,0.3557675958271179
0.18528873519205458,0.4333252638169598,0.38138600099098535
0.2937160311621091,0.34446610904656144,0.3618178597913293
0.18330702847293404,0.4304382232788246,0.38625474824824146
0.1904274051635155,0.4261330355128239,0.3834395593236606
0.21569014847358167,0.4096602823258982,0.3746495692005203
0.23834662662119785,0.382312827267982,0.3793405461108208
0.18283328123396497,0.43407797239994655,0.3830887463660886
0.24094972562297245,0.3744704383426821,0.38457983603434553
0.23929088232744852,0.3773761721173541,0.3833329455551976
0.20676045475507074,0.4110393996386973,0.38220014560623183
0.2452880729630137,0.3729334468349011,0.38177848020208555
0.22547444871027394,0.38622432177524696,0.38830122951447926
0.23696450579480285,0.3795777266410856,0.38345776756411154
0.22101736611892223,0.398141087465501,0.3808415464155767
0.2262531916010074,0.3916757250105686,0.3820710833884244
0.23144951994231583,0.38510248849560835,0.38344799156207576
0.2084144407757326,0.4069518080445502,0.384633751179717
0.19904792828146986,0.41789313719076543,0.38305893452776435
0.23419600254659556,0.39112162392628513,0.37468237352711947
0.27712400277462795,0.3473869746865118,0.3754890225388602
0.2050613426160808,0.41806675192220366,0.3768719054617155
0.20565912414019477,0.41459387371881307,0.3797470021409924
0.17712470162325122,0.4382037193532267,0.38467157902352217
0.21512010750240582,0.4028233250134723,0.38205656748412203
0.28009660701952793,0.34751117474267323,0.3723922182377991
0.22490905063349145,0.3955051361198503,0.3795858132466586
0.2328920675375763,0.37678578165795606,0.3903221508044675
0.17476572259918133,0.4505436615080649,0.37469061589275365
0.1931121542485202,0.44301598775975726,0.3638718579917227
0.2573109566822967,0.3659927905672218,0.3766962527504818
0.21786131009421766,0.3983212850592157,0.38381740484656646
0.22463655737065186,0.40151603797157165,0.3738474046577763
0.2895583856252539,0.34362673418705525,0.36681488018769104
0.23449025169352972,0.3846132564463492,0.38089649186012076
0.2233193282460641,0.3911902999558051,0.3854903717981306
0.21383818487239228,0.39994448058620463,0.38621733454140306
0.2303203874746494,0.39174126436259127,0.37793834816275923
0.23121071254134784,0.38704569086054486,0.3817435965981073
0.22020116296451503,0.39462773114793137,0.38517110588755327
0.25101629508049117,0.3645913594560909,0.38439234546341816
0.22087105660805903,0.40093749394504413,0.378191449446897
0.2633792561646222,0.35534487654723224,0.3812758672881458
0.253580093743865,0.36478420266398137,0.3816357035921534
0.25086189178702967,0.36812128826644597,0.381016819946524
0.22889799578683062,0.3828513354643256,0.38825066874884384
0.238537296426749,0.3833218259360284,0.3781408776372224
0.22160359137435748,0.39539998217625366,0.3829964264493891
0.17851865629492683,0.4480365162871381,0.3734448274179353
0.272238096518218,0.35245152650346123,0.37531037697832076
0.20131975562690294,0.41550234066303054,0.38317790371006666
0.16834336704841235,0.45803062241431336,0.3736260105372745
0.2508200383678475,0.36472855820166394,0.3844514034304884
0.17160496708481643,0.44879424308034455,0.37960078983483936
0.21793088863976715,0.3987553422168589,0.3833137691433737
0.21371169812485374,0.3992786428264282,0.387009659048718
0.21847366287098047,0.3982679937704586,0.383258343358561
0.18192660741671182,0.4433474513536835,0.37472594122960423
0.20343633033906172,0.41819455948985573,0.3783691101710823
0.2026338930510973,0.4192192843608704,0.3781468225880321
0.20776453233083447,0.41336164501236483,0.3788738226568007
0.21682200476749164,0.40811996956028673,0.3750580256722217
0.15624185013498343,0.4865716031195879,0.35718654674542855
0.2216218307864515,0.3909752711794631,0.38740289803408534
0.1826428593143943,0.4522998232673145,0.36505731741829095
0.19021231024189125,0.42863278109109265,0.38115490866701646
0.2670831590843788,0.3548609953548164,0.37805584556080496
0.2318752415431185,0.38057234458471556,0.387552413872166
0.17993631632345244,0.4521658059999708,0.3678978776765772
0.23386507525250466,0.395801085499754,0.3703338392477412
0.19383260122719723,0.41790890504572664,0.388258493727076
0.23571832412136715,0.3845451268616146,0.37973654901701837
0.15115558349271357,0.49039940418361816,0.35844501232366843
0.2205102338940486,0.3922762095780851,0.3872135565278666
0.17720116605613245,0.44709408561250846,0.3757047483313589
0.1825739338869461,0.43368828232828877,0.383737783784765
0.24938559063032728,0.3812100952213597,0.36940431414831304
0.24185708750083584,0.3751052798196886,0.383037632679476
0.20221256822728326,0.4191300933607607,0.3786573384119561
0.25690573347779316,0.36005757027541874,0.38303669624678827
0.26920016273431985,0.35599988400089644,0.37479995326478344
0.26517637066641875,0.3546938325687231,0.38012979676485814
0.24777565861268136,0.3743675978887312,0.37785674349858756
0.22768129695317216,0.39250460194482106,0.3798141011020069
0.19050424725371953,0.4340521703066298,0.3754435824396507
0.19949259749075135,0.4521420186747752,0.3483653838344733
0.21599578778620687,0.4135146691322168,0.37048954308157633
0.22222275334720562,0.40457731010912723,0.37319993654366723
0.18772403065863372,0.4291921098710356,0.3830838594703304
0.17877058501328114,0.4466735426645292,0.3745558723221897
0.18970963634201354,0.42511086486291394,0.38517949879507274
0.21408882710570368,0.4057673394981316,0.38014383339616453
0.18801498793168658,0.43290535542704633,0.37907965664126725
0.21506423854676132,0.41429155082875035,0.37064421062448805
0.23021460353929915,0.3852046018039676,0.38458079465673345
0.20979704615623723,0.4154072803227537,0.3747956735210095
0.24443255871040323,0.3716695059297453,0.3838979353598513
0.17805483978715383,0.441379118861118,0.3805660413517279
0.1858327820487155,0.4349124982433178,0.37925471970796676
0.1375906992837635,0.5067711876462531,0.35563811306998355
0.23430175340541073,0.382779115820075,0.3829191307745143
0.20861409991547938,0.404228285334164,0.3871576147503567
0.1947188377873916,0.4238281425055886,0.38145301970701984
0.18275382193725753,0.465981198746236,0.35126497931650646
0.16292429353151533,0.4643904802030626,0.3726852262654218
0.2215649670312735,0.39634545138232935,0.3820895815863974
0.2509587712795974,0.3691648602001544,0.3798763685202482
0.20268426517958268,0.4184419116376762,0.37887382318274127
0.22384615715627812,0.3990264141101101,0.37712742873361155
0.2489734643001082,0.3752365779708265,0.37578995772906565
0.25501879349254664,0.3668806362955762,0.3781005702118774
0.2727249802354391,0.3514291153494109,0.37584590441514976
0.21250495726880836,0.4144858841660033,0.37300915856518835
0.21975988880498346,0.3945673998192449,0.38567271137577197
0.24121252216020195,0.3754666323506777,0.3833208454891204
0.20430154119907595,0.4272629207059601,0.36843553809496377
0.2511010879411192,0.37124699272831063,0.3776519193305703
0.22398582481246349,0.39381016721311957,0.3822040079744166
0.2165390771118745,0.4153843500528052,0.3680765728353202
0.24182965385308167,0.36901667336032573,0.38915367278659263
0.17196170031806887,0.4644108200544478,0.3636274796274833
0.2490419552834043,0.374166350182342,0.3767916945342537
0.2296828137304725,0.39078594666063543,0.37953123960889223
0.2283736133246032,0.3995343066658199,0.3720920800095771
0.2186412386010047,0.41194242017482485,0.36941634122417033
0.1797329762223816,0.4417516802349631,0.3785153435426555
0.26823786298930347,0.3613806776465007,0.3703814593641958
0.15535890264232569,0.4822429652564434,0.36239813210123106
0.15342901321181004,0.47595866706149925,0.37061231972669084
0.2635358068335767,0.4048322529175926,0.3316319402488307
0.2167520328558424,0.4052850977305037,0.37796286941365365
0.22031259500936026,0.40003710274508264,0.3796503022455572
0.244889808499406,0.37165089969255477,0.38345929180803906
0.20658830142305276,0.4060964002461712,0.38731529833077627
0.1989564935504463,0.4183966741159558,0.38264683233359775
0.18444739886318107,0.4429106443372025,0.37264195679961654
0.20116904150400977,0.4115219374906993,0.3873090210052911
0.2763155688011209,0.34795350687877724,0.37573092432010186
0.21187810492089543,0.41305410713206925,0.3750677879470352
0.20724711206067423,0.4211110656178315,0.3716418223214941
0.19655172461668577,0.41707193092967254,0.3863763444536421
0.2144370845511059,0.42187078237067993,0.36369213307821413
0.23997602693749048,0.37814856252489526,0.3818754105376146
0.21550920144727093,0.40367924029900915,0.3808115582537198
0.21959207606409506,0.40456464945120296,0.3758432744847019
0.193493769669243,0.42328147249364956,0.3832247578371076
0.2101985036641339,0.4055423920713357,0.3842591042645305
0.20418401744845727,0.41455213620894527,0.38126384634259747
0.24204178608145002,0.3793802175190904,0.37857799639945944
0.21587085765387443,0.3935151390211016,0.39061400332502394
0.21666253591005039,0.41287553186245013,0.3704619322274997
0.2594243769254687,0.3617672325861483,0.3788083904883828
0.22830009180253116,0.4066327635379261,0.36506714465954254
0.22951338038105612,0.38531643931080906,0.3851701803081347
0.25381424582415113,0.3640376171931401,0.3821481369827088
0.24513955593309522,0.3843068714713965,0.37055357259550836
0.21599823645640553,0.4090692293292161,0.37493253421437855
0.19617426041738054,0.4269752866305748,0.3768504529520449
0.27835542681469255,0.34729894726104016,0.3743456259242672
0.21848455904373465,0.3981255855006489,0.38338985545561644
0.2503303948357182,0.36502800586482187,0.38464159929945985
0.1759245270618056,0.44162174973754936,0.38245372320064475
0.19875252960105547,0.4121702034603132,0.38907726693863176
0.2086938560563874,0.4063936895480539,0.3849124543955587
0.2336249224194464,0.3943462640410682,0.3720288135394853
0.19581315615771663,0.4236803835993903,0.38050646024289325
0.2581785802145903,0.3591348841933464,0.38268653559206334
0.17840564449230747,0.4460071211776546,0.3755872343300377
0.23562961830492063,0.3982819430746628,0.3660884386204167
0.27809954970581413,0.34787785244340863,0.3740225978507773
0.24622149502928928,0.37994402074589473,0.3738344842248156
0.23346630915254432,0.38858261047713694,0.37795108037031866
0.18549621624786208,0.43519980284929793,0.3793039809028403
0.22225040636248286,0.40741076745371213,0.3703388261838054
0.22935189622393415,0.39473529053231005,0.3759128132437558
0.26430684758983586,0.3568676613293935,0.37882549108077024
0.25635025235328157,0.36311364463091117,0.38053610301580715
0.22265295060362272,0.38718922040358167,0.3901578289927956
0.22677097448384761,0.39336133292325803,0.37986769259289455
0.18700245757466877,0.4295559976305018,0.3834415447948294
0.23405400232254414,0.3929796641505411,0.3729663335269146
0.1820273712085072,0.4532347979200142,0.3647378308714784
0.2201808812411716,0.40379268484354447,0.3760264339152839
0.20860925269119737,0.41796006729198937,0.37343068001681334
0.24062128005343345,0.39340908124461926,0.36596963870194693
0.19452189310103302,0.4224271587230302,0.38305094817593677
0.21269945818183905,0.40717655987329193,0.38012398194486907
0.18722502400574095,0.43295415599138204,0.37982082000287704
0.23454131832937866,0.39312262516896246,0.3723360565016588
0.2533505034349116,0.3673549494042528,0.3792945471608357
0.2326663115312695,0.37959977554241275,0.38773391292631787
0.22073551682559847,0.4014428527539947,0.37782163042040645
0.2081097121213911,0.4203796594243102,0.3715106284542987
0.18780595682508675,0.4257013704772702,0.3864926726976426
0.2023349330055707,0.4137881023925582,0.38387696460187115
0.17194121004602725,0.46176143081793986,0.366297359136033
0.2414124608048228,0.3784934860183816,0.3800940531767955
0.20232550074106576,0.4279464683949003,0.36972803086403383
0.24378879834820352,0.3847227571973739,0.37148844445442275
0.20468984778894397,0.4400579179944637,0.35525223421659213
0.19534000655337763,0.43084474568309994,0.3738152477635225
0.17767764003634637,0.45055880173593615,0.37176355822771767
0.24218130013684022,0.37920240397935123,0.37861629588380863
0.21018787148257412,0.41636649836157014,0.37344563015585586
0.21079105891712271,0.4064750425988808,0.3827338984839966
0.23597557729822305,0.3778549454046441,0.386169477297133
0.18725332468809208,0.4294885426351564,0.38325813267675135
0.18333260288252706,0.44177866411542666,0.3748887330020464
0.27857384800537344,0.3473854581942459,0.37404069380038063
0.20703305284176285,0.40576114412685504,0.3872058030313824
0.2686611442780285,0.36388747678782785,0.3674513789341435
0.2863688227077206,0.3440840096909668,0.3695471676013128
0.20922662137714798,0.4082447681257303,0.38252861049712183
0.20848789926525074,0.40178735454971004,0.3897247461850394
0.24757579327845408,0.3657004950888545,0.386723711632692
0.23327328953015583,0.38745356131150965,0.3792731491583344
0.21541773709659223,0.3974081992233702,0.3871740636800378
0.2129240141819707,0.4113061271324343,0.3757698586855949
0.20893817520103533,0.41570324928849606,0.37535857551046836
0.2076656842035151,0.41608044495967317,0.3762538708368114
0.2461677765326886,0.37556249066397795,0.3782697328033332
0.22310166109150756,0.4026584631812409,0.37423987572725126
0.2427993557080625,0.3757213924196706,0.3814792518722666
0.22272458593043057,0.4138578195430487,0.36341759452652095
0.21478913783651749,0.400830530069788,0.3843803320936945
0.2496184318117292,0.36581031363378597,0.3845712545544847
0.2221228282303852,0.3891372913921438,0.38873988037747087
0.2676219050152397,0.3577122783990361,0.37466581658572407
0.24973472774393893,0.36988294871289096,0.38038232354317025
0.24083863434839053,0.37786873919216835,0.38129262645944106
0.17224470729634697,0.4445263091877514,0.3832289835159016
0.20471568271272297,0.4105636081842756,0.38472070910300127
0.20149171441341285,0.41347286444092113,0.3850354211456658
0.2214470457873022,0.41338343753731777,0.36516951667537995
0.2539691266425936,0.3608637361562199,0.38516713720118645
0.19769967826945586,0.41742180622675973,0.3848785155037842
