x,y,z
0.2408001008080542,0.3799950202980355,0.3792048788939102
0.1518285906713402,0.4803671689084271,0.36780424042023274
0.181521889310199,0.44290483878119175,0.3755732719086091
0.23048530722756078,0.3812247357064234,0.38828995706601566
0.2190149293181536,0.4103864410411249,0.3705986296407217
0.215684073932835,0.3976513699567843,0.3866645561103812
0.2380977265545769,0.3868350093131484,0.375067264132275
0.16751706154829596,0.45360694475303026,0.3788759936986742
0.17426069197461333,0.4478644410902123,0.3778748669351746
0.23010125004642074,0.3867598928943338,0.38313885705924533
0.2512126007631365,0.366983373792904,0.3818040254439593
0.2687748436953258,0.35275034202823896,0.3784748142764355
0.22778829851602247,0.40335815956063226,0.36885354192334563
0.18859238830316685,0.4362304287555695,0.3751771829412636
0.19833394893483286,0.4227418525198672,0.37892419854530013
0.22690927734087724,0.3923606215205126,0.38073010113860994
0.23850951987636174,0.37738430020704294,0.3841061799165958
0.21032505766247034,0.4323295799580955,0.35734536237943426
0.2402308293929382,0.37196400569735494,0.3878051649097069
0.17231182367010078,0.45271814618529105,0.3749700301446082
0.23818564990607075,0.3851901376146344,0.3766242124792951
0.20619051469815855,0.4033825652043247,0.39042692009751745
0.24377088518762677,0.3759214180862241,0.38030769672614884
0.19608243563622543,0.4235935319778331,0.3803240323859412
0.22173467963236704,0.39006888341354307,0.38819643695408945
0.20158273187853476,0.4088761726195761,0.3895410955018894
0.15734951980159168,0.5014507718598801,0.34119970833852825
0.20836219952910912,0.4173693494906011,0.37426845098028977
0.19991141088688305,0.4188734836058826,0.3812151055072344
0.20177405092288372,0.414860714534955,0.38336523454216115
0.22523805264003108,0.3887603625160201,0.38600158484394886
0.2332221729060254,0.38279991267481633,0.3839779144191585
0.20529508970604557,0.4175098146279902,0.3771950956659642
0.2662100435654302,0.3534638815321802,0.38032607490238934
0.21781778959435336,0.4191951184298147,0.362987091975832
0.2435667629185408,0.37770061279017714,0.3787326242912822
0.2311501700422566,0.3841144660455508,0.38473536391219265
0.22191013631355863,0.40844880468873923,0.3696410589977023
0.18301092904604355,0.44301110988144127,0.37397796107251535
0.1937918302863569,0.41547656099504615,0.390731608718597
0.26790942160579445,0.3554287992805665,0.3766617791136393
0.25631779382137737,0.369697816363262,0.3739843898153605
0.21033389426974766,0.4026601447934374,0.38700596093681483
0.15056439808917105,0.4895844842674577,0.35985111764337113
0.2051292863745663,0.419740613217109,0.3751301004083247
0.2301702391620663,0.3797177414517853,0.3901120193861482
0.17274627562872658,0.46542803134711214,0.3618256930241609
0.2159182853294243,0.41246487697860174,0.3716168376919744
0.16514105475763236,0.4533061648960799,0.381552780346288
0.1719550028042182,0.46092340424878886,0.36712159294699287
0.2452460990393471,0.37199315890955276,0.3827607420511002
0.20632457701104048,0.4063391728839354,0.38733625010502404
0.19710772880306301,0.42089488231018446,0.38199738888675233
0.22052864525157428,0.39630464884734645,0.38316670590107915
0.26281483964946295,0.3568941769519487,0.38029098339858847
0.22805380492938535,0.39406880698316926,0.37787738808744537
0.2023356722470397,0.4173808679677459,0.3802834597852145
0.2421485768870045,0.3759789782855687,0.3818724448274267
0.19760270052677534,0.429754636606918,0.37264266286630665
0.22096872189060798,0.3975012005895895,0.38153007751980295
0.2698162220860029,0.35270630586618945,0.37747747204780735
0.20989635462594577,0.41650234439928313,0.3736013009747712
0.24104387182928694,0.39630843913644553,0.3626476890342676
0.21965841134786385,0.3962201253089901,0.384121463343146
0.2806318138058547,0.3462712817433944,0.37309690445075105
0.23020064930614073,0.3823376911823362,0.3874616595115231
0.22489731814758038,0.38755394321175274,0.38754873864066713
0.2072120683673623,0.42779380293041724,0.36499412870222037
0.1633681958138642,0.45967143223307455,0.37696037195306126
0.2159311656430656,0.4043993316171586,0.37966950273977573
0.23464450514302776,0.3933706540495941,0.37198484080737815
0.24478362105513637,0.3699642170312026,0.3852521619136611
0.1976110543027334,0.41943153233967273,0.3829574133575938
0.2107246149263567,0.40942983350908935,0.37984555156455374
0.18120226729578978,0.45064442758480266,0.36815330511940714
0.2559231703940306,0.36153601666891694,0.38254081293705267
0.19355123873889976,0.4225847281765006,0.38386403308459954
0.19011530107028893,0.4310182368834215,0.3788664620462897
0.16356146257742432,0.48278849085741965,0.353650046565156
0.2558479793181439,0.36019360658959065,0.3839584140922654
0.24163440643208026,0.3844536323422171,0.37391196122570275
0.19687276840110002,0.4199001389858953,0.3832270926130046
0.2557701473902322,0.36143293311747077,0.3827969194922973
0.21101850898504748,0.3984682091692655,0.3905132818456871
0.24330310764540117,0.3793857583716921,0.37731113398290683
0.26911853432037924,0.3525295195920785,0.3783519460875424
0.180902612494967,0.4518571197951068,0.3672402677099261
0.22969493175802427,0.39074636411456165,0.37955870412741405
0.20554490946913131,0.40925068355884153,0.38520440697202685
0.19803810120208637,0.42446042058202527,0.3775014782158885
0.2544405633403459,0.36500751983459623,0.38055191682505785
0.16787829630184264,0.46362841632433116,0.36849328737382636
0.16496078125860675,0.45955763295073626,0.37548158579065705
0.21036897252707001,0.4152718266153228,0.37435920085760704
0.18882732399846322,0.43516003559619953,0.37601264040533733
0.18795373039392663,0.4281692608708879,0.3838770087351855
0.21667033924151136,0.39194726290041376,0.39138239785807466
0.19377874155676977,0.42219099955485306,0.38403025888837716
0.20280148601871217,0.4173167590528909,0.37988175492839704
0.22162037032108922,0.3984153288916391,0.3799643007872717
0.24493471523305016,0.37132111604023954,0.3837441687267099
0.1866690745178124,0.4395255539607908,0.3738053715213967
0.22595379151256711,0.3936269671313054,0.3804192413561275
0.17458779931707008,0.44047719837829435,0.3849350023046356
0.19460240973004717,0.4389126317881355,0.3664849584818173
0.24399234670852538,0.37837343414662633,0.37763421914484824
0.23979942639203095,0.3695280609365074,0.3906725126714615
0.23772362125668106,0.37251386737450365,0.3897625113688151
0.21676672136835376,0.3967140532545117,0.3865192253771347
0.2626934507226295,0.35829864398824185,0.37900790528912864
0.26371373166107054,0.3568139099023764,0.37947235843655314
0.21140701457365882,0.408547298078583,0.38004568734775845
0.22587633683080915,0.3944472387744923,0.3796764243946985
0.24757487532490613,0.37039107404581,0.3820340506292843
0.18952930342709307,0.4297483734189966,0.3807223231539104
0.26004486196067295,0.35795716878918626,0.38199796925014085
0.185034880190743,0.43160288773885225,0.38336223207040476
0.23555663560773538,0.3780046173985362,0.3864387469937286
0.23405170031177286,0.3902099271047586,0.37573837258346854
0.22930471947728254,0.39407344696841284,0.3766218335543048
0.21770747742755375,0.4038632580711987,0.3784292645012476
0.22639644569039497,0.40628021823972493,0.36732333606988005
0.22213279185688703,0.38713585398928074,0.390731354153832
0.22077915997905467,0.39176733716999373,0.38745350285095115
0.21377210199374602,0.4213385933515246,0.36488930465472946
0.21131779158988612,0.411468731644349,0.37721347676576517
0.17738520626871762,0.4455422413689485,0.3770725523623336
0.24307623355203653,0.37901080038017226,0.3779129660677911
0.22659097613482745,0.40448689824322576,0.3689221256219468
0.19401881990118003,0.4269107313676562,0.37907044873116363
0.1488023133324199,0.4904029641821418,0.36079472248543853
0.22912218238684834,0.39998397339378833,0.37089384421936317
0.2559311384963632,0.36630508645044735,0.37776377505318953
0.21542076492833587,0.3935976730976276,0.3909815619740362
0.23505463067766147,0.37642634816598636,0.38851902115635206
0.20027467812443397,0.42332445671967234,0.37640086515589394
0.17407417425913643,0.4476801265260877,0.3782456992147761
0.2598780136370093,0.36305436576410655,0.3770676205988845
0.2586174675324507,0.3613514938253869,0.3800310386421622
0.23652551242413256,0.37808765450516985,0.38538683307069777
0.21646607860744757,0.39843762737571636,0.3850962940168363
0.22027312839839483,0.3988549832124034,0.38087188838920216
0.27485618406577816,0.3509182003364789,0.37422561559774303
0.2190187314196013,0.41658131651251856,0.36439995206788034
0.15686329423426623,0.4749159343603,0.3682207714054335
0.18449737647216757,0.4398259810728633,0.3756766424549689
0.2373025897578542,0.3778964091513749,0.3848010010907712
0.23488688079387987,0.3827206385025711,0.3823924807035488
0.18370417261909228,0.4559503864614098,0.36034544091949805
0.16572647884424135,0.45646206820723784,0.3778114529485206
0.23543028232164165,0.3888753999085145,0.37569431776984386
0.18420183976649493,0.4482349350592982,0.3675632251742069
0.24765566200585604,0.3679788327881289,0.384365505206015
0.17974429563651095,0.44180864048185087,0.37844706388163796
0.22229928250039793,0.391214525883274,0.3864861916163279
0.2272886714894719,0.40121106203349255,0.3715002664770358
0.21756872055248933,0.4004736040189124,0.3819576754285981
0.23710611275623206,0.38099882949683994,0.381895057746928
0.23446686743682352,0.3789709477720561,0.3865621847911205
0.20530515441719796,0.41051625739671194,0.3841785881860904
0.27847661288022313,0.34722217174644093,0.3743012153733362
0.19057917926513224,0.47664415896643086,0.3327766617684369
0.21173296600425662,0.4071645900205161,0.3811024439752274
0.20691022723607017,0.4261353998659888,0.3669543728979411
0.2292165480801499,0.39906374895106766,0.37171970296878243
0.20480976084790775,0.40997593351648437,0.3852143056356079
0.18933525164311232,0.4254932626539414,0.38517148570294646
0.18839323211208656,0.4249019239337191,0.38670484395419435
0.18296413502273612,0.43421413310066515,0.38282173187659885
0.23361376546284154,0.3958058498582386,0.37058038467891996
0.24361461915328658,0.37287837664617374,0.3835070042005396
0.19168813678168495,0.4251587676155214,0.3831530956027934
0.21023329544423935,0.4110101700510993,0.3787565345046616
0.255136587940637,0.38401029420261795,0.36085311785674506
0.1812235636225033,0.4441190090749946,0.3746574273025022
0.20359597216294567,0.41950561567691635,0.3768984121601381
0.26916217147308236,0.35251468087395826,0.37832314765295955
0.26674295683078614,0.3549240952009742,0.3783329479682395
0.26187320295560423,0.356806573024398,0.381320224019998
0.2741010401470221,0.3502180169981112,0.3756809428548667
0.2714857304944274,0.3500144267375006,0.37849984276807186
0.20807739848826745,0.4137278549642356,0.3781947465474971
0.2565721072764717,0.3617026354611368,0.3817252572623917
0.18481671353054377,0.4296232681204566,0.3855600183489999
0.13634523117270236,0.5169206112946554,0.3467341575326423
0.21651964067332,0.39661172817609264,0.38686863115058745
0.1976736207673271,0.4208213316897992,0.3815050475428742
0.21662646467085803,0.40076847388628456,0.38260506144285766
0.22261802648009932,0.41000418859045135,0.3673777849294491
0.23223025999175032,0.3825532179526462,0.3852165220556034
0.23615993329230797,0.3862482717507685,0.37759179495692385
0.22086475868878744,0.3955985362479317,0.3835367050632809
0.19158437164675263,0.42538917404913434,0.3830264543041127
0.1933717677097044,0.42714405528542654,0.3794841770048691
0.2732436312076916,0.3502466171277224,0.3765097516645859
0.2146365031888273,0.4076152120082584,0.3777482848029145
0.19606760897506284,0.42691707501470333,0.37701531601023397
0.17907412542291512,0.4354894451735666,0.3854364294035183
0.22821378583880814,0.39593773937552385,0.37584847478566796
0.1970110518573625,0.4478636789749635,0.35512526916767406
0.24020637017536928,0.38483785809809967,0.37495577172653094
0.1694706184049668,0.45948017420330967,0.37104920739172387
0.19516266482975098,0.4267474007403246,0.3780899344299243
0.1881456528302148,0.44098301756449326,0.3708713296052919
0.2138877015131039,0.41235190549721135,0.3737603929896845
0.2245343245782898,0.38848398363371883,0.38698169178799163
0.2054836718757876,0.41720090417373973,0.377315423950473
0.22567677831618496,0.3966147501759294,0.3777084715078857
0.21537730192786017,0.4199715271113321,0.36465117096080757
0.20615522446336199,0.41397966740684244,0.3798651081297957
0.23685880896306732,0.378848609929485,0.3842925811074474
0.23249246060306164,0.3812397105858142,0.3862678288111245
0.21794357094362324,0.40202253818549705,0.38003389087087996
0.24914677313659486,0.36826788393927923,0.38258534292412616
0.21505887150861056,0.40806715762517987,0.37687397086620966
0.26060262604339585,0.36155673408454947,0.3778406398720544
0.21131690964164754,0.40072289849953996,0.3879601918588124
0.2846225162610627,0.34511263963672023,0.37026484410221727
0.1946681219716978,0.42322953854298795,0.38210233948531447
0.2386603563286259,0.38159728775057666,0.3797423559207973
0.20663829744819065,0.41083914896580104,0.3825225535860084
0.18792218872248243,0.43140876605989736,0.3806690452176204
0.19078656083526216,0.43674554116054504,0.37246789800419305
0.1825635460059634,0.43236628126667065,0.385070172727366
0.17798949101197128,0.4494225141703546,0.37258799481767413
0.2289621029076622,0.38715147834162267,0.38388641875071505
0.2521257115905772,0.37224137230096904,0.37563291610845384
0.1599432433864441,0.46765759153758457,0.37239916507597115
0.22154955707692994,0.40966749489600107,0.3687829480270689
0.25972256223961365,0.35776454023674326,0.3825128975236429
0.20224518133120703,0.41427282163576296,0.38348199703303
0.2029034523674199,0.4311303967058481,0.36596615092673185
0.20649577103047115,0.4073717276527507,0.3861325013167784
0.21008580705752797,0.40354539650712906,0.3863687964353426
0.24336714812668978,0.37527077037628137,0.3813620814970289
0.21273806846762802,0.41061563773245796,0.376646293799914
0.22643431844332862,0.40065894988431083,0.3729067316723603
0.18243614417061066,0.43601646394165394,0.38154739188773523
0.19865132871864538,0.42066853452023845,0.3806801367611162
0.19007154063703793,0.43313366199572406,0.376794797367238
0.21919609770295573,0.3926622376856657,0.38814166461137867
0.2210236650513003,0.40642453483951685,0.3725518001091832
0.23776091746400882,0.3761546558060409,0.38608442672995014
0.20433030658091036,0.41599882230867824,0.37967087111041165
0.20737984636923196,0.41016164963709023,0.38245850399367765
0.23666085955520608,0.3839749611280559,0.37936417931673805
0.2147928254871564,0.39628407331827853,0.3889231011945653
0.19176278311277772,0.43227383749886694,0.3759633793883551
0.2421506305329126,0.38915660567023935,0.3686927637968478
0.21635765295548262,0.4111322714877109,0.37251007555680643
0.20907900292484496,0.4030431287393592,0.3878778683357958
0.21027899138378867,0.40394810259949193,0.38577290601671954
0.20368457654249728,0.4108765028045952,0.3854389206529077
0.22163621595784758,0.39606600240372714,0.3822977816384254
0.17770789214409602,0.4456481796688889,0.37664392818701525
0.22163208398353607,0.38925362347543757,0.3891142925410262
0.22140690799366686,0.40733861331782295,0.37125447868851014
0.22024668619426244,0.396517474640549,0.38323583916518844
0.2351948689179528,0.3833070916915466,0.3814980393905008
0.2579657495440352,0.36496461670237756,0.3770696337535871
0.1727679663537884,0.4471915253214202,0.3800405083247913
0.21587599684532166,0.4103845552573473,0.3737394478973311
0.21762650504223607,0.3962629306883082,0.3861105642694557
0.2310390778895851,0.38165239499829956,0.38730852711211566
0.26614398150456997,0.35735831531585316,0.37649770317957687
0.3010201782438068,0.3436397793420715,0.35534004241412187
0.2106067312206819,0.403841258194959,0.3855520105843592
0.24403742506614326,0.37362187688910703,0.3823406980447499
0.2269752344587077,0.3844928835777617,0.3885318819635307
0.1701548955575429,0.46614254370758057,0.3637025607348763
0.19500681033264639,0.4186423423154072,0.3863508473519466
0.2394605322693929,0.38312904788333885,0.3774104198472682
0.27841624984557,0.3474023351442318,0.3741814150101983
0.23149447246802574,0.3894124237603179,0.37909310377165645
0.2386316441701767,0.38687959930550386,0.3744887565243194
0.22430592971081914,0.4011788314725535,0.37451523881662735
0.19477647012466986,0.42825181023777065,0.3769717196375596
0.2420710714857761,0.3812610132104929,0.376667915303731
0.25314740466119445,0.3667617523054624,0.38009084303334345
0.23370047169214966,0.38568266427133435,0.3806168640365162
0.2298369944556947,0.3846506294040323,0.3855123761402731
0.2338682622389761,0.3856601250934335,0.3804716126675908
0.2390024211603698,0.37490527772772186,0.3860923011119086
0.23746447025144385,0.384891925598567,0.3776436041499889
0.20380958592527929,0.412065865305508,0.38412454876921287
0.17628256386358104,0.4531968880902831,0.370520548046136
0.22259047278928448,0.4046692272357981,0.37274029997491737
0.20659274869119842,0.4095813305512953,0.3838259207575063
0.2004446858873902,0.42098922567716257,0.37856608843544737
0.20519036421456752,0.4077576834086343,0.38705195237679835
0.19794090784565674,0.41987926349208793,0.3821798286622555
0.17925911227897218,0.44185395553165163,0.37888693218937636
0.24463711945855965,0.3726310191723564,0.38273186136908377
0.29853753907575553,0.3396450046345253,0.36181745628971906
0.2212276667012281,0.3945128839325485,0.3842594493662233
0.2337484518550651,0.39272258568382723,0.37352896246110767
0.22723146363018415,0.3922979181442062,0.38047061822560957
0.22897977971896524,0.38555817599968956,0.38546204428134534
0.21164780140360187,0.40774854811259686,0.3806036504838012
0.22879003644593843,0.3954676069094991,0.37574235664456235
0.22436569323974767,0.38676162643660283,0.3888726803236494
0.24794220996106633,0.38215357035700115,0.3699042196819322
0.18141031900642426,0.4377322031416577,0.38085747785191815
0.24041044737660117,0.3814783715816471,0.3781111810417517
0.24009752741883517,0.37295380264210487,0.38694866993905996
0.21095871436087504,0.4046938602335489,0.384347425405576
0.19236720760867274,0.4273806307752309,0.3802521616160963
0.2023803836486473,0.44701831011824944,0.35060130623310337
0.26747931878100734,0.35318408267797713,0.37933659854101526
0.2381376828253544,0.37590989962016164,0.38595241755448384
0.23705180116927463,0.3762739148044001,0.3866742840263253
0.18302907383554307,0.4530625800496739,0.36390834611478295
0.18288473717412415,0.44873289639387903,0.3683823664319972
0.1736298315976632,0.45736180521245773,0.3690083631898792
0.23216732485333408,0.38303897593561875,0.38479369921104745
0.20995779761741493,0.40833821640040346,0.3817039859821818
0.2076172122054289,0.42942890633189235,0.3629538814626788
0.1997668207657096,0.4233513250613104,0.37688185417298026
0.2425043574177181,0.3790457954515234,0.3784498471307586
0.265378439689973,0.3559685684559654,0.3786529918540613
0.22272576222341242,0.39403939403393473,0.3832348437426523
0.24286011516638764,0.38570976809784063,0.37143011673577175
0.22663647446819607,0.3854837821521714,0.3878797433796326
0.20092765705963017,0.4242194413702868,0.37485290157008305
0.24007887761684402,0.3771990574025361,0.3827220649806198
0.23112073971917052,0.3821773044941985,0.38670195578663097
0.1973811562271248,0.42335226433798134,0.37926657943489417
0.1901805687000453,0.4345905405819055,0.37522889071804905
0.1928830470900391,0.42540205536179454,0.3817148975481664
0.22626544620259104,0.3878204548254884,0.3859140989719206
0.24352354560288408,0.3797613749125698,0.376715079484546
0.21871695810702207,0.4157026421764824,0.3655803997164956
0.2741014459397843,0.34909722862293324,0.3768013254372822
0.16969772388716783,0.45028097156275876,0.38002130455007366
0.19746804475070795,0.42193961458039037,0.3805923406689018
0.19736838240126311,0.43528614551568556,0.36734547208305124
0.21296799417860462,0.4057242455109902,0.38130776031040536
0.19224470058257734,0.43659866566446687,0.37115663375295593
0.20078009425894314,0.42213514068106145,0.3770847650599955
0.17070129372791046,0.4770547723580363,0.35224393391405334
0.2750453892835779,0.3495634688605774,0.37539114185584443
0.2663229387346482,0.35771347725942604,0.37596358400592544
0.23068662984753574,0.396196140318395,0.3731172298340696
0.23944904853006072,0.37903566205135486,0.3815152894185846
0.21637578860726456,0.39514500335674074,0.38847920803599456
0.1602105374704791,0.462182927037576,0.3776065354919451
0.24066693211926124,0.39714863257499833,0.3621844353057403
0.22439685854173247,0.3918331339498732,0.3837700075083944
0.2489519137821518,0.40222296276721453,0.34882512345063343
0.18640477831666777,0.4377501663158318,0.37584505536750035
0.1951376708129652,0.4227950306552636,0.3820672985317708
0.23278055371758552,0.38885058126130445,0.37836886502111033
0.2206411293692695,0.3967811127831514,0.3825777578475794
0.23125328183667254,0.3853073211530126,0.38343939701031515
0.19400974710984212,0.4301158811776652,0.37587437171249305
0.255788327973129,0.3648770399940384,0.37933463203283246
0.2470863976984627,0.37106365190203305,0.38184995039950465
0.21981014860352702,0.3945894786077838,0.3856003727886892
0.21347331867241867,0.4246231857471819,0.3619034955803997
0.19366078512509488,0.41929014055768904,0.3870490743172159
0.26714934514096406,0.3554751629688666,0.3773754918901693
0.17114280339567872,0.45118713517235315,0.37767006143196824
0.20424894816777434,0.4275644211645173,0.3681866306677085
0.1520053690590156,0.48488227990183935,0.36311235103914496
0.1697173060398425,0.46382679993852705,0.36645589402163037
0.20201643909483905,0.42361322290746156,0.3743703379976995
0.2342685910026157,0.3774925223004192,0.38823888669696505
0.25488244020173484,0.3628837727154987,0.38223378708276634
0.1837451048451258,0.43938695707923775,0.3768679380756362
0.24385744304280424,0.3681252060858299,0.38801735087136574
0.2501294103145912,0.36690369445373483,0.38296689523167365
0.21583283466326034,0.39797411561981694,0.3861930497169225
0.1984223472492106,0.4262578836650821,0.3753197690857072
0.2714961820380873,0.3624704865269953,0.3660333314349175
0.24527153682153033,0.3704708137987152,0.38425764937975393
0.1837603285779696,0.42935093041089256,0.3868887410111376
0.18492815142483232,0.4376898146733909,0.37738203390177727
0.18321871209523882,0.4320296506285206,0.38475163727624073
0.22813764173270595,0.3929835118670966,0.3788788464001973
0.24283096782021418,0.38576783791176117,0.3714011942680242
0.15249232493899542,0.505202677043963,0.34230499801704145
0.1956200533079384,0.43122470072818375,0.37315524596387795
0.2644185919384556,0.39305618461631403,0.3425252234452305
0.251161065088922,0.3666187902562067,0.38222014465487164
0.19970073370439473,0.44705727133109263,0.35324199496451303
0.2105254108839289,0.4071415135073467,0.38233307560872454
0.2304203180848458,0.3935366658782675,0.3760430160368867
0.1796124112074708,0.4393743285141381,0.3810132602783911
0.21119931648552653,0.41996113922763945,0.3688395442868339
0.2843725835122755,0.3444489674376062,0.37117844905011854
0.22555566765184068,0.38703672691608804,0.3874076054320712
0.23077976256731297,0.3830352398038456,0.3861849976288415
0.2338251670786083,0.3912169538407798,0.3749578790806119
0.21427130390842053,0.405529083286959,0.3801996128046202
0.25053675458514524,0.36630678433379094,0.38315646108106416
0.20031476159108064,0.4544730756405546,0.34521216276836464
0.1816180130329885,0.467911596480599,0.3504703904864124
0.26832911529307335,0.3537687561997019,0.37790212850722477
0.1977969112105935,0.4160276866237216,0.3861754021656849
0.1843621982942686,0.43380899370481724,0.3818288080009138
0.19982302219775963,0.4180797914482871,0.3820971863539533
0.22473711148301395,0.38904758360297187,0.3862153049140142
0.26523390987947215,0.3557915764179335,0.3789745137025943
0.2027343362675951,0.42352772230404856,0.37373794142835653
0.20963937196111027,0.4032800139138252,0.38708061412506456
0.263563901707911,0.35577610933964876,0.3806599889524401
0.2090301594204862,0.410711437801752,0.3802584027777619
0.17650054018521488,0.44167103727541834,0.3818284225393668
0.22069416215484172,0.4034219163202069,0.3758839215249514
0.18421265403759157,0.4386098611287337,0.37717748483367475
0.19005343765287352,0.4327662253793295,0.3771803369677972
0.2285884690392384,0.4014258257065786,0.36998570525418306
0.2129026654754615,0.42860556719536996,0.35849176732916865
0.20306470512621075,0.4118322695616943,0.3851030253120945
0.21123688890728434,0.40996082232525066,0.3788022887674653
0.2885387362141298,0.3446984162939059,0.3667628474919641
0.19236133300596575,0.43446928595774403,0.3731693810362904
0.23588465266106534,0.3771463928322465,0.38696895450668845
0.2476958946198196,0.36864323794828713,0.38366086743189365
0.19613285885627582,0.4249524182578279,0.37891472288589645
0.2230335594454457,0.3868723812280227,0.39009405932653174
0.1879923430266406,0.43438875546319217,0.3776189015101672
0.2072122025456066,0.4144095533472131,0.37837824410718013
0.17134740085404812,0.4517147825267531,0.3769378166191987
0.2269979380150972,0.3885708792548809,0.3844311827300221
0.24174068304813787,0.39777088090475055,0.36048843604711156
0.17538986120003605,0.4494547075701826,0.37515543122978157
0.1930433901767856,0.43817456244387176,0.36878204737934284
0.20680594999728885,0.4025176566487443,0.3906763933539665
0.20080761344255488,0.4103404896128502,0.38885189694459465
0.22324820267200166,0.39155405897123097,0.38519773835676785
0.21868878150211876,0.3963822610750637,0.3849289574228177
0.21557368870528015,0.41291120724748415,0.3715151040472358
0.2505026356366261,0.36564686486278086,0.383850499500593
0.23794261131310582,0.3822234433441211,0.37983394534277304
0.22086178013300553,0.39841759271657473,0.38072062715042
0.18476227399713327,0.43425515571239204,0.3809825702904749
0.23237846244591304,0.38125747559082546,0.38636406196326145
0.22907731849926488,0.38225757980423425,0.388665101696501
0.24456062692615474,0.3767135402395475,0.37872583283429795
0.18039260133274523,0.4420710854656158,0.37753631320163894
0.20173135625316446,0.40317383157107234,0.3950948121757628
0.2860847695348768,0.3439362051155676,0.36997902534955557
0.27612693347618167,0.34828040791525133,0.37559265860856716
0.18350014562070982,0.4425216654284694,0.3739781889508209
0.21201924215121373,0.4013395336653998,0.38664122418338653
0.20516624334510394,0.4142073072755815,0.38062644937931445
0.27539206841891695,0.34996137672872774,0.37464655485235543
0.23959403489581713,0.3800496081830357,0.3803563569211469
0.20792858268495587,0.42974141170039,0.3623300056146542
0.22929877018022662,0.3894438052567579,0.3812574245630156
0.1862748108551481,0.43166684010631273,0.3820583490385393
0.26257204086860964,0.3566501224919245,0.38077783663946574
0.16301377251437657,0.47712884712795733,0.3598573803576659
0.21029932951118754,0.41541425121943976,0.37428641926937267
0.1934891109092595,0.4286522721722925,0.3778586169184478
0.14933090401658475,0.5086395788617867,0.34202951712162866
0.21741136914564838,0.39351698177645367,0.3890716490778976
0.22484567650287018,0.3860577470613509,0.38909657643577855
0.22150587911880193,0.39201078696291985,0.3864833339182786
0.23481970474306538,0.3831742795525924,0.38200601570434234
0.17018423684970033,0.4577977565961321,0.37201800655416734
0.19899967656536502,0.4247239639442567,0.3762763594903782
0.2087243654239117,0.41628510459831025,0.37499052997777793
0.21747271914120606,0.41815034401129886,0.3643769368474952
0.2074052383244218,0.4058085206701436,0.38678624100543446
0.1737692433514182,0.4553868580407907,0.3708438986077909
0.21113958218682422,0.4005761229983006,0.38828429481487553
0.2561763115536978,0.36267151415385096,0.3811521742924514
0.17933123807953674,0.4795755811586321,0.34109318076183115
0.21065072892992479,0.4236813121993318,0.36566795887074344
0.2686846154334672,0.3543560315652646,0.37695935300126804
0.2342777968652544,0.3830710978101962,0.3826511053245491
0.2114196313490829,0.40991999646201177,0.37866037218890547
0.21108337519626738,0.41388790721681246,0.37502871758692047
0.25621170906495205,0.3627713957083216,0.3810168952267265
0.2526150393358169,0.37463582683864116,0.372749133825542
0.19222793981916486,0.4196098423124268,0.3881622178684085
0.24528257436747336,0.37269157269261766,0.3820258529399088
0.20286580653743455,0.44792373573853206,0.34921045772403325
0.15468100126928885,0.493283918798767,0.35203507993194416
0.23648382070776996,0.3904248314903055,0.37309134780192466
0.17439829145874855,0.4504171324907502,0.3751845760505012
0.23218563908539047,0.3833621254800106,0.38445223543459905
0.24377972699595274,0.37075756106228325,0.38546271194176407
0.2493157322604941,0.36565502667278427,0.38502924106672176
0.22481546996633675,0.39095251856038454,0.3842320114732789
0.2319509167893596,0.38519406655521693,0.38285501665542354
0.23914136305704173,0.4048967198010634,0.3559619171418944
0.21887157177666047,0.3976630305965973,0.383465397626742
0.21579586580360888,0.40541350042515373,0.37879063377123734
0.1986442284311847,0.41116459443463244,0.39019117713418294
0.2012811082372741,0.41042417177979207,0.38829471998293397
0.20986908314019737,0.4273601739241306,0.36277074293567246
0.2140706808005858,0.40790488486460896,0.37802443433480526
0.20542763618024487,0.41672433466550446,0.37784802915425103
0.23706927882525652,0.374288572882025,0.38864214829271826
0.17809455161140425,0.47722233319743823,0.3446831151911577
0.21314451492292974,0.4244068982962468,0.3624485867808236
0.23599580255636055,0.38818322347427403,0.37582097396936553
0.20991890628011126,0.40457250001956524,0.3855085937003233
0.23060730555162373,0.3888686338087618,0.3805240606396145
0.17455396352750815,0.45245873640387924,0.37298730006861247
0.19579828454916348,0.4243863385080885,0.3798153769427478
0.2356434439262007,0.4052904546221929,0.35906610145160633
0.19881091786193547,0.42048665546144126,0.3807024266766233
0.215377483947934,0.4105919105774133,0.3740306054746525
0.1962174559488176,0.4233549260626047,0.3804276179885778
0.22088183236541623,0.40354502112890644,0.3755731465056774
0.20514721444601158,0.4166351735378857,0.37821761201610266
0.2718205970506086,0.3708635414317429,0.3573158615176486
0.238362694942843,0.3884645637569462,0.37317274130021083
0.2427963207540199,0.37751019864696533,0.37969348059901503
0.2565630881575292,0.36317661891773356,0.3802602929247372
0.18266346570495656,0.4489089420663843,0.36842759222865906
0.15795207641293205,0.4907642251189146,0.35128369846815377
0.20759171624672282,0.40905514726640685,0.3833531364868702
0.1859437615478801,0.4344664319092663,0.379589806542854
0.18024731789726162,0.44180634928078666,0.3779463328219518
0.24108332043837544,0.375433166378766,0.38348351318285856
0.1724657508970389,0.44733267219318484,0.3802015769097765
0.15536471916962527,0.49384886166831055,0.3507864191620643
0.198591133103922,0.4282565907062865,0.3731522761897914
0.26667387354552297,0.3565169585144158,0.3768091679400616
0.19473176306885093,0.4251466795545165,0.3801215573766325
0.23512297204921057,0.38113849160423563,0.38373853634655364
0.2601070973950334,0.3593251272733834,0.3805677753315835
0.20628704863092426,0.4060006482090706,0.3877123031600056
0.20419056142393133,0.43572469410313536,0.36008474447293315
0.2594523898159886,0.38171899898409134,0.35882861119992016
0.18098638844345466,0.4424287220907283,0.3765848894658172
0.2073543795339273,0.41424830913411703,0.37839731133195575
0.2579141490114746,0.3600633820478321,0.38202246894069347
0.23883096735872525,0.37898371561864613,0.3821853170226288
0.21065744561725272,0.3993794974804775,0.38996305690226973
0.1760056783975232,0.4489342380421768,0.3750600835603003
0.22368594704432918,0.3948711363324078,0.3814429166232633
0.1641843537506752,0.45583931885559964,0.37997632739372544
0.17510521699143436,0.4474007358199906,0.377494047188575
0.18518002995991908,0.4442224772441484,0.37059749279593257
0.25308952390156186,0.36315087316316497,0.383759602935273
0.2318913248113761,0.38573069906719304,0.38237797612143104
0.28079905501006236,0.3505146386235326,0.36868630636640487
0.18468840935147357,0.43305145630127573,0.3822601343472506
0.20663491549954252,0.4097379775229917,0.38362710697746605
0.222361420742158,0.4074379264612359,0.3702006527966061
0.18780250906043566,0.4312898148639781,0.3809076760755862
0.23479949361468214,0.37606399602057683,0.3891365103647406
0.25753190926466096,0.3591479243207574,0.38332016641458166
0.21302946801632533,0.41285650763729836,0.3741140243463763
0.21535282482350687,0.39514484086335055,0.38950233431314263
0.26651159090812687,0.3530715698194794,0.3804168392723939
0.17753586462339635,0.451035773486561,0.37142836189004247
0.26284129736798706,0.35587916956325605,0.3812795330687567
0.2102792782015811,0.40404304887631204,0.38567767292210675
0.2703838147965609,0.35125013588704734,0.3783660493163922
0.2043501883235631,0.41790585541981673,0.37774395625662005
0.18295708756486373,0.43454549974761414,0.38249741268752213
0.19543225160270247,0.42655798541347034,0.3780097629838274
0.24298254933748312,0.37332156649054943,0.38369588417196754
0.2160994699237595,0.4215445011049655,0.36235602897127506
0.20322496356569347,0.4140116680818584,0.3827633683524481
0.2078367726051445,0.4153044569076331,0.3768587704872225
0.2373440161878955,0.3740306910695076,0.38862529274259694
0.1462982873458467,0.4935304486243895,0.3601712640297634
0.242711227781815,0.3729923004311707,0.3842964717870141
0.2459983329240938,0.36879320913312386,0.3852084579427828
0.274372273768339,0.3520902399143355,0.37353748631732553
0.19569390747341162,0.4234124804552789,0.38089361207130923
0.22402810467027245,0.3957948899875019,0.38017700534222554
0.2268742812240495,0.38487297824610844,0.3882527405298417
0.23187174573872804,0.39087790410173184,0.3772503501595401
0.22465061847652612,0.4007230213818101,0.3746263601416633
0.20052964577290697,0.4218447853441039,0.37762556888298904
0.247562962789535,0.368336225853643,0.3841008113568223
0.19084054620953025,0.4187549366778407,0.39040451711262925
0.21514783059655349,0.4286468660553157,0.35620530334813083
0.21665208305245323,0.41314352694700185,0.37020439000054506
0.15247971188078055,0.4689943466642784,0.3785259414549411
0.27211627572119457,0.3507429365922222,0.37714078768658305
0.2378651131429511,0.39229276635464394,0.369842120502405
0.2348500955690922,0.38810544702811134,0.3770444574027962
0.17707553119782657,0.44282862908577636,0.3800958397163976
0.2151591644929724,0.4044311678506979,0.3804096676563298
0.24016785342161992,0.3753731922655661,0.38445895431281385
0.22980557228902115,0.3992752711729348,0.3709191565380441
0.24303254010463532,0.3707759540301936,0.38619150586517104
0.22034989719281386,0.4057207832537856,0.3739293195534006
0.20280413492062785,0.4085618997786877,0.3886339653006844
0.15628791792071728,0.47031561404980016,0.37339646802948234
0.17873309585894878,0.439714436540742,0.38155246760030925
0.21191562407611433,0.40078554214713885,0.3872988337767465
0.21834301579626206,0.42158946851054013,0.3600675156931977
0.2689600715195135,0.3520877741406363,0.3789521543398503
0.17510692512744627,0.4391600885357831,0.38573298633677067
0.23004849331711508,0.3998979224531112,0.3700535842297742
0.1630951530392171,0.4633941326383927,0.37351071432239047
0.22045078146157449,0.4179335303662659,0.3616156881721596
0.18243346907074814,0.4360421245032224,0.3815244064260294
0.2092204977695653,0.4069769174533533,0.38380258477708135
0.17942389516634544,0.45216096216111107,0.3684151426725438
0.23040247422243876,0.37979701575548996,0.3898005100220714
0.18666640458136288,0.4385017706241634,0.37483182479447374
0.19778250848372372,0.4196912818514824,0.3825262096647938
0.20066524935165958,0.41820217920826547,0.3811325714400751
0.2153385491088853,0.39378685582898426,0.3908745950621305
0.24933382634753423,0.3686208678048415,0.3820453058476244
0.2531914205190132,0.3626558768582161,0.3841527026227707
0.2686968000765281,0.35367659588629946,0.37762660403717263
0.20729947797627735,0.4056190406895315,0.3870814813341916
0.23331539172521404,0.37752600013272797,0.3891586081420581
0.21598698353052043,0.4093051391475744,0.374707877321905
0.1921427474139672,0.4263801972896608,0.3814770552963717
0.19617176116911783,0.41716159970902833,0.3866666391218538
0.17445393641535736,0.44621331785843865,0.3793327457262035
0.27599444767925085,0.35084825566125877,0.3731572966594908
0.26066659261841435,0.35725173450693526,0.38208167287465006
0.1752838312049382,0.4523111433257362,0.3724050254693255
0.15611578045706245,0.4828725159725639,0.3610117035703736
0.17430072982551256,0.4529043830830539,0.3727948870914336
0.19874861631660595,0.41924177617665426,0.38200960750673973
0.17221911691354658,0.4454266951739785,0.38235418791247494
0.2573182994143424,0.36381615114196586,0.37886554944369144
0.16734202714918,0.4563320547188424,0.37632591813197735
0.16533988641596123,0.45833430998853464,0.3763258035955041
0.24686845547957736,0.379043295101503,0.3740882494189197
0.21757498525002084,0.400476364470758,0.3819486502792209
0.22616545739981264,0.39075296991029707,0.38308157268989007
0.22734686856014621,0.3931764226229927,0.37947670881686113
0.23416305671836604,0.3822140707283471,0.3836228725532867
0.251436483170302,0.3703070699487949,0.3782564468809031
0.2297994762166551,0.39592145276516916,0.37427907101817537
0.20191900403570864,0.4093036496399938,0.3887773463242975
0.15717815819244935,0.4750176217945872,0.3678042200129634
0.2504512675823761,0.36795864908035053,0.38159008333727357
0.18733660133153177,0.43138889755814147,0.3812745011103269
0.23547950446317856,0.39498931220641054,0.3695311833304108
0.20255989614175604,0.4169116096528054,0.38052849420543877
0.24433051356264163,0.37217577380563127,0.38349371263172705
0.20432726427748513,0.41507504317678334,0.38059769254573156
0.19243550336667428,0.42602170158653796,0.38154279504678745
0.16999932055727945,0.45847616880736997,0.3715245106353505
0.20953885964243418,0.426925909771348,0.3635352305862179
0.2094014470757557,0.4058705177569729,0.38472803516727105
0.2167804395797213,0.3990121404967104,0.38420741992356855
0.20162360158659207,0.43604923178951027,0.3623271666238975
0.20985926390049414,0.40983763031651205,0.380303105782994
0.25120730256204016,0.3631689163810634,0.38562378105689643
0.21384123225260893,0.41596020646352694,0.3701985612838642
0.2061748314721043,0.4057381812281979,0.38808698729969776
0.20146830138522548,0.4203145485277216,0.3782171500870529
0.24891994351297958,0.37228121213965326,0.378798844347367
0.1940640272971921,0.4217336006513323,0.38420237205147584
0.19682612584695358,0.44548923105855154,0.3576846430944949
0.19321230025996108,0.42910503867066657,0.37768266106937265
0.2848607003497066,0.350420579261704,0.3647187203885892
0.19657664498313673,0.4171181859656867,0.3863051690511763
0.20878943080894127,0.41202977257798834,0.3791807966130706
0.20467639553437067,0.4433289451334429,0.35199465933218654
0.17835252759441284,0.4336099636920502,0.38803750871353726
0.19238322283795695,0.4296788877884961,0.3779378893735468
0.2319984743452245,0.38230073789978336,0.38570078775499217
0.21357115657806777,0.4181822581042863,0.3682465853176461
0.15485244818994276,0.4870627670186037,0.358084784791454
0.2500257188720796,0.364722715918305,0.38525156520961534
0.24226837700979212,0.3730767818111911,0.3846548411790166
0.27802331710613226,0.34696454136903243,0.37501214152483564
0.23197684084640197,0.39182163569826295,0.3762015234553351
0.20003527220705536,0.4266308855521243,0.3733338422408202
0.2255549664560028,0.3847812912263371,0.3896637423176602
0.1751321721490496,0.4397433504080154,0.385124477442935
0.2279827390006162,0.40699683286441607,0.3650204281349677
