x,y,z
0.5585376828409202,0.20555657289339999,0.23590574426567978
0.544455307828372,0.2509793180591748,0.20456537411245304
0.5620376174617814,0.2618794941331704,0.17608288840504857
0.5451245883281995,0.27334394343902985,0.18153146823277105
0.5462555842090683,0.20972644825111308,0.24401796753981866
0.5537906930199986,0.22288003223813388,0.22332927474186726
0.569219644272261,0.19435017116797038,0.23643018455976875
0.5591060135367116,0.22674168689507238,0.2141522995682161
0.5442100574324908,0.23506033459703024,0.22072960797047883
0.5536476879325637,0.1921987609407197,0.2541535511267166
0.5462569143196311,0.21131350961999448,0.24242957606037457
0.5615408079056151,0.18352589937548855,0.25493329271889636
0.5599771751596377,0.20805918166105514,0.23196364317930704
0.5387729878198463,0.1981644644612832,0.2630625477188703
0.5516350280707937,0.19958796307629806,0.24877700885290827
0.5525999965019873,0.2650669565578229,0.18233304694018998
0.5571182104815816,0.2389214074078206,0.20396038211059767
0.540179454525909,0.21659120806145798,0.24322933741263272
0.5603123526715323,0.20730662625031315,0.23238102107815417
0.5416644574862309,0.2410676328885343,0.21726790962523473
0.553734651912424,0.17565306561717403,0.2706122824704021
0.5561852451932094,0.17353104982170933,0.27028370498508114
0.5579834467795564,0.23609259492052315,0.2059239582999204
0.5489756853606221,0.2237609201025409,0.22726339453683686
0.5610802799601914,0.15842770326957395,0.2804920167702345
0.5546839849809518,0.17653219216371957,0.2687838228553288
0.5417235966158703,0.19871555517191378,0.2595608482122159
0.5561211202984075,0.20938412607429044,0.23449475362730185
0.5588224783356973,0.17974926672046213,0.2614282549438408
0.538979793964808,0.23305016771066747,0.22797003832452445
0.5585630746593905,0.16790725633079792,0.2735296690098118
0.5588654530046251,0.17294479826013961,0.2681897487352353
0.5551319145748979,0.19468458702024172,0.2501834984048603
0.560660066970686,0.1821545047081125,0.2571854283212016
0.5468244976488257,0.18840205064497972,0.26477345170619465
0.5329324030624699,0.24873333463771422,0.21833426229981587
0.5465203435068421,0.24978106214172927,0.20369859435142876
0.5644696106894392,0.21078846848185545,0.22474192082870528
0.5529768606030996,0.18720399159753623,0.2598191477993643
0.5597368266004125,0.21953061221101405,0.22073256118857307
0.5538388198311744,0.18828308750778186,0.2578780926610438
0.5464946456134284,0.18858188416475338,0.26492347022181856
0.548980248589517,0.2445299405649222,0.20648981084556112
0.549761809414078,0.22586756541132066,0.2243706251746012
0.5528718970610683,0.2172499218496141,0.22987818108931782
0.5456538623842245,0.19739291073519544,0.25695322688057964
0.5403522478748567,0.23828438755029147,0.221363364574852
0.547771583243811,0.1516187110668098,0.3006097056893794
0.5405071883315039,0.26134662881867227,0.1981461828498236
0.5426639222415293,0.2435303733546174,0.21380570440385294
0.5495615018852171,0.2843144970639518,0.16612400105083094
0.5529786091687416,0.22709312445219781,0.21992826637906063
0.5475745115665466,0.21475205838907607,0.2376734300443774
0.5359337863235284,0.2582779090908547,0.20578830458561673
0.5609558440537998,0.20663649395919045,0.23240766198700968
0.5365463523147413,0.17504565355777424,0.28840799412748463
0.54272573374459,0.2361275997841983,0.22114666647121148
0.5599364029211843,0.21257121734165543,0.22749237973716027
0.5598111659573716,0.2721871280921144,0.16800170595051367
0.5317721370240148,0.19398837965653334,0.274239483319452
0.5417249519064289,0.21661487570990923,0.24166017238366158
0.5678760790195438,0.2528993277510622,0.17922459322939419
0.5542991905207889,0.23253910481586587,0.21316170466334544
0.5667876635836512,0.17554831267348694,0.2576640237428618
0.5643110154183126,0.20038800655912176,0.23530097802256558
0.5636117449283768,0.21567633245462098,0.2207119226170021
0.5540285219413125,0.16231411219955205,0.2836573658591353
0.5518941809852597,0.22772878017950596,0.22037703883523474
0.5604168190421713,0.22825353414686933,0.21132964681095942
0.5466083758441311,0.22340039614840934,0.22999122800745941
0.5539374334579279,0.24795945383105528,0.19810311271101685
0.551669270660604,0.254126167545573,0.1942045617938232
0.5599082448825194,0.17530276451697563,0.264788990600505
0.5498379209114965,0.19682092387994604,0.2533411552085575
0.5485680672449912,0.2501727328444786,0.20125919991053043
0.5516246068170892,0.2383917080547874,0.20998368512812302
0.5530304518685564,0.22964301397444076,0.21732653415700304
0.5609616008520882,0.17772244693339284,0.26131595221451875
0.539162197378039,0.2732359113167055,0.1876018913052556
0.5515541187165158,0.22783764453414654,0.2206082367493376
0.5439472956163027,0.24184109448753618,0.2142116098961612
0.5463801771544522,0.2679138603632085,0.18570596248233923
0.5425457701381057,0.23650463811243566,0.2209495917494589
0.5647823869500863,0.27515589093060855,0.16006172211930458
0.54572956439501,0.19833425093286733,0.25593618467212265
0.5555365498797693,0.19733104255549463,0.247132407564736
0.5635329094585232,0.22274645646278618,0.21372063407869082
0.5500559605552402,0.2756636588542086,0.1742803805905511
0.544985112627841,0.22500887740775544,0.2300060099644037
0.5615133858845861,0.22692513185175928,0.2115614822636547
0.5557549097637351,0.23334578110895318,0.21089930912731178
0.5472728972718185,0.20129914059147683,0.25142796213670504
0.5498365541551272,0.21484212924221305,0.23532131660265976
0.5459699339551095,0.2509617031215885,0.20306836292330155
0.546051973112526,0.21050912385982382,0.2434389030276503
0.5549346865893495,0.25413074907007777,0.19093456434057282
0.5564897766287223,0.16406770890337036,0.2794425144679071
0.5702897898398968,0.211411122144721,0.21829908801538234
0.5456305539126592,0.2415853433505618,0.21278410273677892
0.5457073336693073,0.2234018768122819,0.23089078951841038
0.5702212065866538,0.23417838927345672,0.1956004041398894
0.5521982811306315,0.19966667533231772,0.24813504353705063
0.5622419663966068,0.16760216951603038,0.270155864087363
0.5368747294056725,0.23664109365250705,0.2264841769418207
0.5527033891126832,0.22493646763364436,0.22236014325367234
0.5467353626949483,0.1972132836290153,0.2560513536760366
0.5471559541877772,0.18056152305512213,0.2722825227571005
0.5484636593614541,0.20406567392592953,0.2474706667126165
0.5576541822302,0.23015240337199708,0.21219341439780304
0.5397711532858624,0.20178175716090904,0.25844708955322854
0.5542463819007521,0.24198997287434104,0.203763645224907
0.5478172858491965,0.24412706394759506,0.20805565020320843
0.5332453532029992,0.2433715333451659,0.22338311345183529
0.5526515132790061,0.21901745626148927,0.22833103045950429
0.5520873793285828,0.20498518865193427,0.24292743201948308
0.5622420375576584,0.2397633551342894,0.19799460730805193
0.5683025134114641,0.20592942884167045,0.22576805774686529
0.5476195831507632,0.2329876392258042,0.21939277762343237
0.546189443766712,0.20612372083266828,0.24768683540061973
0.5454174327130744,0.21124909680052334,0.24333347048640203
0.5510821786246269,0.16731767138308093,0.2816001499922923
0.5806050981265812,0.20678134958584626,0.21261355228757278
0.547758076191489,0.20775922962993768,0.24448269417857363
0.5484375482380148,0.29117117964923406,0.16039127211275137
0.5467734622009726,0.2065423457330531,0.24668419206597425
0.5378763301483895,0.16324852769912931,0.2988751421524809
0.5423618875019413,0.24489871477315397,0.212739397724905
0.5515619653097786,0.19098158180255823,0.2574564528876629
0.5500180398884863,0.250837869367229,0.199144090744285
0.5476292710044937,0.1997828965946835,0.25258783240082333
0.545129162178344,0.25338760377906144,0.2014832340425946
0.5382835695344491,0.26368188218085525,0.19803454828469555
0.5551531718812744,0.20654824488150877,0.23829858323721678
0.5487952392876162,0.18595755400560965,0.265247206706774
0.537959645646781,0.24386354108600608,0.21817681326721247
0.5454102852524237,0.2739966382911555,0.18059307645642067
0.553075153118544,0.2319399507676996,0.2149848961137566
0.5662395214501018,0.17119144917245052,0.2625690293774476
0.5602669927423909,0.18489515443176838,0.25483785282584115
0.557860742756421,0.1269037589916541,0.3152354982519251
0.571768610235196,0.1515028701593123,0.276728519605492
0.5605667565009343,0.20788643909777285,0.23154680440129274
0.5482582754148012,0.28429426923688206,0.16744745534831681
0.5509567764617906,0.15382381328127157,0.295219410256938
0.5541111159072779,0.16827820521654857,0.27761067887617397
0.5632969915067082,0.1956519753367643,0.24105103315652765
0.552541652007447,0.20251837167577058,0.2449399763167823
0.5451575198205048,0.23225160636877845,0.22259087381071715
0.553953001084895,0.2290723409928205,0.21697465792228482
0.5341782084798005,0.20365822732357083,0.2621635641966289
0.5439018851078959,0.26647404444008993,0.18962407045201443
0.5502259152801802,0.24067263240462272,0.20910145231519767
0.5530451191145201,0.23625628190664202,0.21069859897883778
0.5444279133404328,0.19518739273625513,0.26038469392331176
0.5483998580340518,0.19326693149302487,0.25833321047292335
0.5521105916622014,0.20112119690460825,0.24676821143319028
0.5311862662441894,0.20649142992420436,0.2623223038316062
0.5532428128566808,0.20357365870549163,0.2431835284378273
0.5522789946182143,0.2517495260358067,0.1959714793459789
0.5597548556068881,0.2350730529168857,0.20517209147622611
0.5557679737898066,0.23339228623255115,0.2108397399776421
0.5597824763125666,0.27459153772354683,0.16562598596388647
0.5407577806704202,0.24970256445966982,0.20953965486991022
0.5408254359358238,0.24873682396445024,0.2104377400997262
0.5479525269289517,0.16434160174694107,0.287705871324107
0.5567280557635683,0.19103995618644942,0.25223198804998226
0.543493712143305,0.21754070598139774,0.23896558187529748
0.5457046717403056,0.2212129888397516,0.2330823394199429
0.5606910577868351,0.17297300859896922,0.2663359336141958
0.5503220625125685,0.2136367135272995,0.23604122396013152
0.5408240178278855,0.21361227173197533,0.24556371044013944
0.5453055298355578,0.21535814476855383,0.23933632539588803
0.5532975730937857,0.2298234858670692,0.2168789410391454
0.5542516779115322,0.1916001409518989,0.25414818113656884
0.5549906144417827,0.1903470703911051,0.2546623151671122
0.5591408625763093,0.21539829673705713,0.2254608406866337
0.5685909133056875,0.16965546007023663,0.26175362662407564
0.5469890750548025,0.19574137644817996,0.25726954849701744
0.554631303335027,0.2483453225084148,0.1970233741565582
0.555494590411599,0.19839439003973963,0.24611101954866138
0.5549838388996918,0.18424770657467815,0.2607684545256298
0.5429264073546749,0.2099343372414421,0.2471392554038829
0.5463303001074662,0.24563088107063255,0.20803881882190112
0.5557824262379851,0.2692731707344481,0.17494440302756653
0.569948490480411,0.2033756243083798,0.22667588521120882
0.5441878791154906,0.18422957402692464,0.27158254685758487
0.5559663812027716,0.1779722109851175,0.26606140781211085
0.5651115974813348,0.1930705577397208,0.24181784477894452
0.5641460281955415,0.26671184455101615,0.1691421272534425
0.5550899424304314,0.1981247961642803,0.2467852614052884
0.5543457061481032,0.221328637336116,0.2243256565157809
0.5449836976509125,0.20912355563524687,0.2458927467138407
0.5427964629077789,0.18888932605825057,0.2683142110339704
0.5639632982007733,0.2344242046774028,0.20161249712182336
0.5339257215971197,0.21877408574059237,0.24730019266228767
0.5535275175845834,0.24655774245760706,0.19991473995780948
0.5504075859292263,0.20192027279513325,0.24767214127564022
0.554284864920956,0.1992531333422819,0.2464620017367623
0.536150489048914,0.19040998280951324,0.2734395281415728
0.5506928710372002,0.21485187571846937,0.2344552532443306
0.5479880804840582,0.2607394264680045,0.19127249304793684
0.546378704811622,0.21616000779805802,0.23746128739031994
0.55363936741618,0.22719273000849427,0.2191679025753257
0.5775993761683611,0.2007075021431075,0.2216931216885313
0.5400706587450416,0.21494080307538213,0.24498853817957597
0.5781002829073102,0.245231240674184,0.17666847641850547
0.567528319057185,0.1653389766903807,0.2671327042524344
0.5523677323442326,0.24148260247057438,0.20614966518519293
0.5531933930201718,0.22582230104421325,0.22098430593561505
0.5416465057142249,0.23717238199980736,0.22118111228596782
0.5637734044148268,0.2191236017840191,0.21710299380115425
0.5440109520303602,0.201929341254156,0.25405970671548417
0.5536803883725182,0.23577887429815514,0.21054073732932665
0.562219981003616,0.20373206251623735,0.23404795648014656
0.5455979340039148,0.26611386346465055,0.18828820253143463
0.5461186523735934,0.22004096697772152,0.23384038064868493
0.5461673347310773,0.2660016462372055,0.1878310190317173
0.5649692253276224,0.204752435956055,0.23027833871632247
0.5440306081504424,0.24552806506676203,0.21044132678279562
0.5503039205275234,0.2225584290596601,0.2271376504128163
0.5520816220950624,0.19183201523891089,0.2560863626660265
0.5322925775602352,0.27375208521175076,0.19395533722801403
0.5566113846592748,0.2607018777007422,0.182686737639983
0.5561333807501736,0.21313415986866924,0.23073245938115708
0.5467416865144457,0.22420327692502978,0.2290550365605248
0.5698951741559353,0.1894312498729183,0.24067357597114672
0.5510548682770329,0.21603009165495557,0.23291504006801142
0.5556511575756063,0.2201904203735562,0.22415842205083772
0.5578140309073929,0.25859446880306247,0.18359150028954474
0.550521461907395,0.22907293249003452,0.22040560560257055
0.5510208540991047,0.19575855100120207,0.2532205948996938
0.5400385118718791,0.21841783619912414,0.24154365192899696
0.5511991580225633,0.19394191883118161,0.2548589231462544
0.5325056070000304,0.21533562808282608,0.2521587649171438
0.5394093894396559,0.2583675565447189,0.20222305401562501
0.5561769547270835,0.25831179588653597,0.18551124938638072
0.5399689037091816,0.23176222401392682,0.22826887227689174
0.561020066176703,0.2060638312630708,0.2329161025602261
0.5677304476144912,0.18326528447419235,0.24900426791131608
0.5569061900894217,0.21441139540142054,0.22868241450915816
0.5494530579670991,0.2163026548201986,0.23424428721270207
0.5485871897645157,0.20785000002042897,0.24356281021505546
0.5558561155178865,0.17147776435939088,0.2726661201227224
0.538833163691237,0.1901912139690077,0.27097562233975525
0.5503114699319297,0.22079782500086656,0.2288907050672038
0.5608456606545136,0.25782980976318803,0.18132452958229847
0.5446797804301058,0.20780489609043284,0.24751532347946145
0.566040029061753,0.21502946743089346,0.21893050350735346
0.5606624477802271,0.24184069445655496,0.19749685776321807
0.5391776220875728,0.19391608617253114,0.26690629173989594
0.5547099872137907,0.174660868442387,0.2706291443438223
0.5553318945833179,0.20487691219618312,0.23979119322049888
0.5486389138020566,0.19545772922112536,0.2559033569768177
0.5465786067189107,0.23173192088481454,0.22168947239627473
0.5550918487007435,0.25321673108083553,0.19169142021842084
0.5445751180228916,0.23434060667826254,0.22108427529884556
0.5429924687081078,0.24720411397508923,0.20980341731680308
0.5625735581750643,0.19899925050047232,0.23842719132446338
0.5506039672177501,0.24059701436364483,0.2087990184186052
0.5525330290167082,0.1904603532165842,0.25700661776670763
0.5717428372321133,0.21247996114274184,0.21577720162514527
0.5334117885864629,0.24061834241475372,0.22596986899878335
0.5698745173018622,0.23941328678259555,0.19071219591554223
0.5478957300500633,0.26779395844716386,0.1843103115027726
0.554315062501938,0.17815421610711635,0.267530721390946
0.5530017337874699,0.204917635718762,0.24208063049376843
0.5461668642308666,0.19760736791128158,0.256225767857852
0.5484194502629112,0.2328243441303363,0.21875620560675252
0.5417539081332434,0.2625481665506162,0.19569792531614055
0.557253535529936,0.1962186802687524,0.24652778420131177
0.5640254968751527,0.22119852142688348,0.2147759816979639
0.5580705207719864,0.23504200781462217,0.20688747141339123
0.5286023287747307,0.22330482800703955,0.2480928432182296
0.5447725861294225,0.2692457606338589,0.18598165323671853
0.555461784701449,0.1946894830664467,0.24984873223210416
0.5459190255454763,0.2384499960585808,0.21563097839594278
0.5633113712005451,0.2617767656744363,0.1749118631250185
0.5590884125817248,0.20979821131838464,0.2311133760998905
0.5535208763473837,0.2368364218865747,0.2096427017660413
0.5374778538434448,0.27272558038640854,0.1897965657701463
0.5517785179421972,0.1888877634390654,0.2593337186187374
0.554957224737445,0.2596691827296634,0.18537359253289196
0.548138479160925,0.23223206582336534,0.2196294550157096
0.5438009196657881,0.22603436486606432,0.23016471546814765
0.5440355325580881,0.23234668415237086,0.22361778328954077
0.564873538802735,0.2590249650531756,0.1761014961440894
0.5585359777955097,0.22802902271737452,0.21343499948711597
0.5433938424330329,0.22805614488606796,0.228550012680899
0.5599231588313044,0.17028868721369,0.26978815395500594
0.5508559814927153,0.2101809713958026,0.23896304711148245
0.5436512855039649,0.2068156905576281,0.24953302393840665
0.5391435699903199,0.2075914291762828,0.25326500083339787
0.5559662241131325,0.2639732996436649,0.18006047624320273
0.5661678124332359,0.19240895549931492,0.24142323206744903
0.5410540625969757,0.1780572009574004,0.2808887364456237
0.546202301076556,0.2556248739379737,0.19817282498547023
0.5294958581799196,0.23861067871468888,0.23189346310539147
0.5408873247274597,0.21105879424671153,0.24805388102582884
0.5561955452643662,0.262746496549239,0.1810579581863949
0.5627929912626972,0.17531552299553735,0.26189148574176524
0.5498175712479787,0.18368778236626604,0.26649464638575526
0.5586976274844996,0.18178385433824493,0.2595185181772558
0.5455562642144123,0.25309229593106775,0.20135143985452011
0.5610910484454663,0.1787195349050154,0.2601894166495184
0.5469416133408869,0.24026015781377083,0.21279822884534194
0.5534743736867278,0.2964062161704375,0.1501194101428346
0.559857928497597,0.24027851404590023,0.1998635574565027
0.555990592262641,0.24759176072488903,0.1964176470124702
0.551505750619422,0.20399028777093578,0.24450396160964244
0.5664498357941162,0.199151793557087,0.23439837064879676
0.5597347193165733,0.18386993267502894,0.25639534800839797
0.5615224557960224,0.2089731877727692,0.2295043564312088
0.5662721424984793,0.17106612948018324,0.26266172802133747
0.5556405159094956,0.22299747681193618,0.22136200727856845
0.5481180267520124,0.2175975770902455,0.23428439615774238
0.5511969424434887,0.18494722908914135,0.2638558284673697
0.5427017065948354,0.27684372706373234,0.18045456634143223
0.5374375754580044,0.23274197025403548,0.22982045428796058
0.5487576723919808,0.23171371535401358,0.21952861225400527
0.5507263285189062,0.1525230901418803,0.2967505813392131
0.5518821138553031,0.26205916922667727,0.18605871691801937
0.5564727521891123,0.23575097097627906,0.2077762768346087
0.5513616316668459,0.1995546113513795,0.24908375698177437
0.5369581341295319,0.23686498354708374,0.22617688232338395
0.545183099088122,0.18834114643021327,0.26647575448166466
0.5499636788453922,0.17990906868741055,0.2701272524671973
0.5479165604024094,0.2337413991215193,0.21834204047607136
0.536651640049758,0.19634903807069104,0.26699932187955105
0.5402752697789184,0.19545507468551795,0.26426965553556403
0.54797164061139,0.1927250778044834,0.2593032815841268
0.5618087109014454,0.21031852812746826,0.22787276097108622
0.5609199608877751,0.1696602952491926,0.2694197438630326
0.5509774629705056,0.19810210112805687,0.2509204359014372
0.5614231475610336,0.19299411647897652,0.2455827359599901
0.5445791220152022,0.24772842579452742,0.20769245219027052
0.5589346249552533,0.1747290631212606,0.26633631192348617
0.553739274685494,0.23842187735119713,0.2078388479633091
0.5596601485818046,0.16887828518779022,0.27146156623040535
0.5511997074085375,0.22310217621687073,0.22569811637459214
0.5514271339201907,0.20459024083106378,0.24398262524874545
0.5387055377317044,0.1654645438048027,0.2958299184634928
0.5508509707635866,0.22574656669501966,0.2234024625413938
0.5507935522979978,0.23515962019344178,0.2140468275085605
0.5379843938894013,0.24519366328872647,0.21682194282187264
0.5601094508164871,0.20713413484700344,0.23275641433650962
0.5566509539148757,0.2432454617893654,0.20010358429575878
0.5582561739137784,0.20129262807935114,0.24045119800687062
0.5487570251112949,0.20787599409704902,0.243366980791656
0.5489162099637473,0.21825577944369598,0.23282801059255678
0.5566470917861006,0.23820625100205986,0.20514665721183986
0.5583264167463083,0.252958616962049,0.18871496629164244
0.547546758504623,0.2460072457734274,0.20644599572194994
0.5700503776172692,0.21858030077618174,0.21136932160654934
0.5578588249792245,0.25282658773211475,0.18931458728866063
0.5481556252561681,0.24449908151795213,0.20734529322587936
0.5523514789592834,0.23971804601302646,0.20793047502769027
0.5672046329037196,0.24777614174375578,0.18501922535252502
0.5627157265394388,0.17546665553886145,0.26181761792169966
0.5461984025490427,0.18771069086358375,0.26609090658737317
0.5578756715512648,0.17219182366903377,0.2699325047797015
0.5478951823831077,0.2448052447596642,0.20729957285722816
0.5488511977947441,0.21046711476622598,0.2406816874390302
0.5534471407530316,0.24102039670261974,0.205532462544349
0.5433581353322179,0.23865862886673966,0.2179832358010426
0.5458676581771595,0.20853326455174057,0.24559907727110014
0.5478149384400819,0.16891635510946482,0.2832687064504536
0.5546364512275495,0.2579868143470684,0.18737673442538186
0.5474230502260896,0.18170588711688476,0.27087106265702593
0.5405826301426865,0.24113667376544864,0.21828069609186512
0.5534796209817959,0.17466511364324805,0.27185526537495613
0.5332763423274486,0.24469528292256398,0.2220283747499878
0.555529850249547,0.1842459629474724,0.26022418680298065
0.5523805788264825,0.2300732120531032,0.21754620912041386
0.5487031450064244,0.21582935759367933,0.23546749739989614
0.5374895529688581,0.19860899261396778,0.2639014544171742
0.5691692058416239,0.1812872314130558,0.24954356274532
0.5489770556369091,0.18653637016393274,0.26448657419915833
0.5638485911115577,0.17301360708343605,0.2631378018050063
0.5616727930079234,0.17899059673078363,0.2593366102612931
0.5672117529430731,0.2301457847494379,0.20264246230748884
0.5645101195833254,0.2041409957672738,0.23134888464940093
0.5426424981894097,0.2338351984322867,0.2235223033783041
0.5558205672965807,0.18371303823961205,0.26046639446380687
0.5538177686008657,0.25575153701238024,0.1904306943867541
0.5639617292912008,0.20559616669038078,0.23044210401841847
0.5504000317031468,0.1681761711369299,0.28142379715992316
0.543436396757497,0.18302136585375903,0.27354223738874406
0.5623079146602684,0.1734133049197361,0.2642787804199956
0.5622068839759634,0.2402735520157089,0.1975195640083273
0.5489512119408191,0.29155437332064377,0.1594944147385373
0.5542743747120136,0.20089636687595397,0.2448292584120321
0.540873044334391,0.22792836843077144,0.23119858723483755
0.5581820116791903,0.19185617801944257,0.24996181030136702
0.5661794650165779,0.190663340330411,0.24315719465301097
0.5453758761229514,0.20896992625746055,0.245654197619588
0.5485208634392579,0.23255308491396273,0.2189260516467797
0.5515118960888081,0.22424052247967602,0.22424758143151546
0.5539890223965845,0.19971623712847686,0.24629474047493846
0.5520896759656446,0.1887703705214314,0.25913995351292424
0.5521973929387196,0.18708895402403905,0.26071365303724175
0.5511585158170194,0.196562421578197,0.2522790626047837
0.547646069538505,0.25133639470792024,0.20101753575357503
0.5662758041411059,0.19323464218154518,0.2404895536773489
0.5480662602688784,0.197280095332236,0.2546536443988857
0.5483419589405307,0.215729459787043,0.2359285812724264
0.5467856987235423,0.22261263243686027,0.23060166883959757
0.5510375060305278,0.21934488792509588,0.22961760604437628
0.5399911550675057,0.256574462130476,0.20343438280201864
0.5624966491972018,0.21490961118312113,0.22259373961967702
0.5548820063297678,0.24606430424707307,0.19905368942315899
0.5503547695502933,0.22704859007655737,0.22259664037314922
0.572186633870627,0.21045730631191586,0.21735605981745731
0.5521913296722497,0.19561171133259864,0.25219695899515165
0.5622188827262595,0.215026054950722,0.22275506232301834
0.5495951767669726,0.25663806149754204,0.19376676173548524
0.5483253080785583,0.19156180923068472,0.26011288269075694
0.5580529914445156,0.19209546209173595,0.24985154646374846
0.5400999602007076,0.19376670974299803,0.2661333300562944
0.5603534863820626,0.17060931123550704,0.2690372023824301
0.5481689322830415,0.2544221385690521,0.19740892914790625
0.5314750417016088,0.25404342230871196,0.21448153598967953
0.5514618520266876,0.24652012208981128,0.20201802588350104
0.5582153033454318,0.2517896185181172,0.1899950781364507
0.5448257528370597,0.21294490334041774,0.24222934382252262
0.5583859466359717,0.19975960222492853,0.24185445113909945
0.5434941507808652,0.19769327657514402,0.2588125726439911
0.5440269733201732,0.2199438449475649,0.2360291817322621
0.5502894584336386,0.20043039053858408,0.24928015102777723
0.5335877670740002,0.21852409929476277,0.24788813363123657
0.5553245898148629,0.2577544853189695,0.18692092486616763
0.5506106727059205,0.24563587270784018,0.20375345458623928
0.5504619114747075,0.22084240626150675,0.22869568226378598
0.5433426705405207,0.21793616161451343,0.23872116784496655
0.5677911540603097,0.27138046592994575,0.1608283800097449
0.5695277686824418,0.23284122074084723,0.1976310105767108
0.5420980869194906,0.20228008706071435,0.25562182601979483
0.5500131687646641,0.21647648070678746,0.23351035052854888
0.5684092998280816,0.2104079958447163,0.22118270432720186
0.5534367715073385,0.24136028219207767,0.2052029463005839
0.5481226937641378,0.19100107364902022,0.26087623258684217
0.5687595188288299,0.22767015798402734,0.20357032318714222
0.553023072229273,0.2269160604024478,0.22006086736827887
0.5400920536303568,0.1822671342644349,0.27764081210520797
0.5531399111712259,0.218598541800995,0.22826154702777976
0.5752210874376373,0.19609757777023004,0.22868133479213276
0.5534395482006236,0.2129685413744168,0.23359191042495966
0.5520540283420624,0.23235993935063495,0.21558603230730294
0.5428910150571825,0.2209051970536011,0.23620378788921628
0.5400521092933107,0.2577916208125148,0.2021562698941746
0.5387076835595259,0.2347081612021591,0.22658415523831504
0.5514582549942113,0.18348082948505876,0.26506091552073
0.5602059393334154,0.20591550746175283,0.23387855320483145
0.5546354555744638,0.22409269041151433,0.22127185401402186
0.5474915457068771,0.2379287866279995,0.21457966766512349
0.5608271599663325,0.24932692704623183,0.18984591298743578
0.5483121658227459,0.23724529180051138,0.2144425423767431
0.5403263940184067,0.24547500858981444,0.2141985973917787
0.5521676258296047,0.1928270615576279,0.25500531261276727
0.5577517992759972,0.19000321423165548,0.25224498649234717
0.5634278198016582,0.1997922161892083,0.2367799640091338
0.54639051059199,0.22788416433273398,0.22572532507527596
0.556247097594405,0.21387600322716357,0.22987689917843113
0.5378472737329945,0.2598995589416952,0.20225316732531043
0.5614253119111432,0.2513023323870598,0.18727235570179684
0.5492906030045709,0.1699319250774509,0.28077747191797836
0.5629220817197129,0.16271377655489744,0.27436414172538975
0.5337734013090809,0.20599754172156798,0.260229056969351
0.5670686619675527,0.19181485166720402,0.24111648636524327
0.5557447843103435,0.22903427254412836,0.21522094314552795
0.5636142704109123,0.19903213723727936,0.2373535923518083
0.5516076216026433,0.21468348449543875,0.23370889390191762
0.5502559193258675,0.20619393413840448,0.2435501465357277
0.5524958572224259,0.2181115318948463,0.22939261088272775
0.5460610634221555,0.2330553897197701,0.22088354685807465
0.5664136910795574,0.2684714832960597,0.1651148256243825
0.5510535271256104,0.2034083166431194,0.24553815623127037
0.5612716279158538,0.2502315104110896,0.1884968616730562
0.5433790688229325,0.2550792343148837,0.20154169686218346
0.542302634387796,0.2038956648990999,0.2538017007131038
0.5450889368061416,0.2215353794188851,0.23337568377497364
0.5546086805305069,0.26938371389028526,0.17600760557920767
0.5565084838256734,0.24809917570986842,0.19539234046445797
0.548062659828413,0.24559042159502747,0.20634691857655918
0.5566954914766811,0.2090016723005021,0.2343028362228168
0.5535875788329784,0.15549266251371702,0.29091975865330466
0.5601199723251268,0.201664952965532,0.23821507470934114
0.5720610503668713,0.23299291314205733,0.19494603649107128
0.5544742995729468,0.2113660052468211,0.23415969518023172
0.5312620918724791,0.2470438668501029,0.2216940412774179
0.5508074783549815,0.2428508749354663,0.2063416467095521
0.5464763308058677,0.241107429770762,0.21241623942337048
0.5495700421598715,0.2607635308011349,0.18966642703899425
0.5552475145762299,0.24633225721753454,0.19842022820623548
0.5373241234026772,0.27505595147806966,0.18761992511925324
0.5391247280196841,0.23222520852425138,0.22865006345606434
0.5588220470310158,0.24698973386299383,0.19418821910599074
0.5570698585611397,0.2145748160627366,0.22835532537612374
0.5569199941336127,0.19434458216075026,0.24873542370563698
0.5593061732828708,0.20095709483616597,0.23973673188096328
0.5491013738303114,0.20449151647997754,0.24640710968971088
0.5616795455288427,0.2572248709138268,0.1810955835573308
0.5564957404296321,0.1976417139539245,0.24586254561644338
0.5475001895247446,0.27483671945219107,0.17766309102306402
0.5532183105609421,0.2373007348652649,0.20948095457379304
0.5513512491698784,0.2125673678556498,0.23608138297447173
0.5672567223562303,0.2658015335683827,0.16694174407538723
0.5494510463977043,0.24929597531327982,0.201252978289016
0.5444606722963946,0.17363493991784515,0.2819043877857602
0.557819178603602,0.20528035055190536,0.23690047084449267
0.5586703902947383,0.25007497665421985,0.191254633051042
0.550821097289452,0.1471624965592012,0.302016406151347
0.5637734270021468,0.2451668503117271,0.19105972268612614
0.549899453788094,0.21156348694111857,0.23853705927078755
0.5455993904858444,0.23890739539523922,0.21549321411891634
0.5403880415864529,0.18779550858213914,0.2718164498314078
0.5420087012983337,0.2687738438125782,0.18921745488908803
0.5477176167132412,0.23466631981546926,0.21761606347128984
0.5380363828155907,0.2861128447820372,0.1758507724023723
0.5452233500344308,0.19779181211622718,0.25698483784934206
0.5517504785478174,0.25773206919791286,0.1905174522542695
0.5585575718999485,0.2441656419221196,0.19727678617793173
0.5639321014259943,0.21426750516346296,0.22180039341054286
0.5576208714698435,0.2058339139062194,0.23654521462393727
0.5689562417244042,0.23401506253518606,0.19702869574041004
0.5478562323148769,0.21350458545276005,0.23863918223236316
0.5688693672182735,0.22422574004605828,0.20690489273566834
0.5565004517978621,0.23404551081170957,0.2094540373904281
0.5533479586621299,0.2345495162483004,0.21210252508956945
0.5527226052194223,0.2059038871921106,0.24137350758846723
0.5560377038362596,0.18941598659646441,0.2545463095672756
0.5591577481308454,0.2606016219599093,0.18024062990924522
0.5342578452433171,0.22720610674718628,0.23853604800949654
0.5436024945337556,0.20935092525164808,0.24704658021459622
0.5668089956918902,0.23443325012351973,0.19875775418458974
0.5644664134053655,0.22015049466709524,0.2153830919275395
0.5491772476920312,0.17074138368965633,0.28008136861831245
0.5449657886637441,0.2460345493719307,0.2089996619643251
0.5444742056447509,0.23048786918146744,0.225037925173782
0.5282353343387668,0.24789376754539647,0.2238708981158368
0.563176783334678,0.1659600138218514,0.27086320284347043
0.556446115410123,0.19327488674581703,0.25027899784406016
0.5531855653258232,0.19994331970909307,0.24687111496508404
0.5470535533956843,0.2434852728484508,0.20946117375586468
0.5516487562406835,0.2205009031497389,0.22785034060957765
0.5575718439958921,0.2158422002319603,0.22658595577214713
0.5529350881403202,0.2671867092488533,0.17987820261082604
0.5557471900601821,0.2574528264174149,0.186799983522403
0.5477768336773496,0.2181861649870587,0.23403700133559202
0.5572531461006559,0.25777203776775864,0.18497481613158517
0.5499093254977256,0.22992259751453634,0.22016807698773772
0.5397211614008921,0.17658640861678077,0.2836924299823271
0.56120900187996,0.1984013438503319,0.240389654269708
0.5572421092040876,0.24382372512978165,0.19893416566613098
0.5625635716317611,0.20503865907489452,0.23239776929334444
0.5358043512707956,0.22671935293204956,0.23747629579715493
0.5593981484781536,0.23971401478745277,0.20088783673439356
0.5615078187066026,0.19462160030068906,0.2438705809927083
0.5599574118786173,0.2263281987966693,0.21371438932471323
0.5505765843891136,0.2296606918836421,0.21976272372724442
0.5582251164397106,0.16239674436384838,0.2793781391964413
0.5632097663210514,0.22726478292739527,0.20952545075155346
0.5553423127998182,0.24029644946074868,0.20436123773943302
0.557901015941644,0.18476494775189028,0.25733403630646584
0.5738805564627786,0.24674495266183682,0.17937449087538468
0.5473883324494738,0.2411976931866787,0.21141397436384757
0.5538372954807513,0.17756505747928253,0.2685976470399662
0.551161203776364,0.195197227124906,0.25364156909872976
0.5473764744501924,0.2383153620207696,0.21430816352903814
0.5544156747423892,0.2652061901077647,0.18037813514984602
0.5424618400079211,0.24342114507849588,0.21411701491358315
0.5386114699325663,0.2304129761976234,0.23097555386981056
0.5463464270249792,0.2017466578143673,0.25190691516065344
0.5512340838714817,0.2455894367208682,0.20317647940765002
0.5468955516502878,0.24490844686791285,0.20819600148179965
0.5718910618926992,0.16263519201899854,0.26547374608830254
0.539910650859214,0.26600701782606184,0.19408233131472413
0.5583971071553981,0.21569567406414053,0.22590721878046158
0.5512145585196414,0.2121121977977949,0.23667324368256362
0.5566486504505079,0.22580648282409846,0.21754486672539397
0.5457725036660831,0.239930321401285,0.21429717493263228
0.564538878284153,0.24180159073769428,0.1936595309781529
0.55236896679876,0.26839556235258616,0.1792354708486537
0.5526807325270959,0.2531407216073851,0.19417854586551897
0.5449421877563643,0.20097977884815676,0.2540780333954791
0.5533579448881218,0.18060024109336234,0.2660418140185162
0.5577029105291319,0.22767671008271473,0.21462037938815348
0.5315570026390138,0.25567421055870404,0.21276878680228248
0.53900769591371,0.2338444590336568,0.2271478450526334
0.5519609054487692,0.20554767558407683,0.24249141896715373
0.5648175615090726,0.25838381976205665,0.1767986187288709
0.5496743647890683,0.2218704336342725,0.228455201576659
0.5543932481834596,0.18022948855294085,0.2653772632635994
0.5598355550852722,0.2519660977624748,0.18819834715225303
0.5367835627555376,0.21644766120777886,0.2467687760366833
0.5674397549468474,0.21309058207018272,0.21946966298297005
0.5528001521089896,0.26028166425305965,0.18691818363795082
0.553162299185487,0.2204930752185774,0.2263446255959357
0.5452609977186678,0.2421890706517421,0.21254993162959035
0.5466122053258279,0.20953654888464648,0.24385124578952536
0.5570585779035788,0.18988285043076508,0.25305857166565626
0.5452309734671713,0.22296577963035613,0.2318032469024725
0.5426326734238806,0.23217514018030108,0.2251921863958183
0.5446501475526214,0.2494638647851759,0.2058859876622025
0.5437503398075291,0.2291364309514938,0.227113229240977
0.5522845002179321,0.20703836765367695,0.24067713212839137
0.5624267088001657,0.1939341301327824,0.24363916106705177
0.5678888497581642,0.21440043369298728,0.2177107165488485
0.538914104058548,0.19774435111902464,0.2633415448224273
0.5686228935815582,0.19259619064528227,0.23878091577315982
0.556261268480056,0.1749321967800586,0.2688065347398854
0.5414704315134987,0.24569908073799201,0.2128304877485095
0.5559341230165392,0.21589239020473366,0.22817348677872748
0.5628574946958026,0.25717960491739256,0.17996290038680468
0.546734565243945,0.22728000969659767,0.22598542505945707
0.5536859648424868,0.17838384445709904,0.2679301907004138
0.5601940549620653,0.19398166115032833,0.24582428388760627
0.5410193811006475,0.2080588955753219,0.25092172332403073
0.5588276032381848,0.19685284209119566,0.24431955467061953
0.5625381147885118,0.18969304593695308,0.24776883927453516
0.5384027195368495,0.20355559195017964,0.2580416885129709
0.560170313182003,0.2566225399834749,0.18320714683452155
0.5448918119520034,0.2526606563619866,0.20244753168600985
0.5458682270813038,0.2283240452274042,0.2258077276912922
0.5493708848874866,0.2624473592992342,0.1881817558132791
0.542685718057229,0.22472560010338302,0.23258868183938813
0.5530462035904047,0.2216831162589402,0.22527068015065504
0.5519943107974291,0.15971330268665107,0.28829238651591993
0.5441782268662005,0.20280114942596844,0.2530206237078312
0.5402001958120306,0.20702292932059677,0.25277687486737255
0.5603495827432932,0.2658453719507343,0.17380504530597218
0.5526778513460421,0.20742466306149682,0.2398974855924616
0.5518185562575366,0.22040534912484577,0.22777609461761786
0.545704679759998,0.21595916305890606,0.238336157181096
0.549858830479905,0.2546209957864326,0.19552017373366226
0.5292191204908935,0.22523066148562915,0.2455502180234777
0.5436311364962283,0.2574943289426059,0.1988745345611659
0.5589106088842647,0.1787350967382083,0.26235429437752733
0.5449534859181654,0.1787079102862489,0.27633860379558584
0.5473089445132738,0.2756774770150024,0.17701357847172366
0.5423596261434886,0.27902898936717707,0.17861138448933425
0.561946446987901,0.24598495563087883,0.19206859738122023
0.5417405197625101,0.2204178608236684,0.2378416194138215
0.551779629448682,0.21695866320508883,0.231261707346229
0.5484462071232875,0.23812600613616428,0.21342778674054827
0.5543008968849845,0.24481312643244557,0.20088597668257008
0.537841120326531,0.25485942710287884,0.20729945257059001
0.560798435219841,0.20351046978571222,0.23569109499444665
0.5453246339716195,0.22895124989461627,0.2257241161337639
0.5630187474835419,0.21620427249746968,0.22077698001898888
0.5649354917122733,0.15179429822465226,0.2832702100630746
0.5446386738190067,0.2400256117387969,0.21533571444219618
0.5469935431188866,0.22434925060177457,0.22865720627933894
0.549288724535726,0.2094547599969505,0.2412565154673233
0.5463852716594325,0.2318201286561047,0.22179459968446263
0.5608018833976004,0.2639229085901404,0.17527520801225915
0.5572965940780321,0.21543887464642086,0.22726453127554744
0.5513385737550254,0.2076773760647912,0.24098405018018362
0.5555977565961383,0.20421819760464696,0.24018404579921482
0.543300137758166,0.2333046268608495,0.22339523538098469
0.5460376088772063,0.17800775478737077,0.275954636335423
0.5550863765075148,0.18746261031518768,0.25745101317729785
0.559400581808048,0.20258044371915468,0.23801897447279713
0.5643535234050325,0.25512622121932554,0.18052025537564204
0.5313996403016924,0.2579326666585759,0.21066769303973173
0.54977243647834,0.19319883759768952,0.2570287259239703
0.5611061668081245,0.20077441740417523,0.2381194157877
0.5449126971635624,0.17943318041817807,0.27565412241825943
0.5533412427429573,0.23104553050274845,0.21561322675429453
0.5455927018873346,0.2654074848655243,0.18899981324714132
0.5419806253646868,0.19023284313189337,0.26778653150341997
0.5512896120695049,0.22996901896618568,0.21874136896430935
0.562922828983662,0.1863473101448017,0.2507298608715366
0.5454697705089504,0.2301760083294196,0.22435422116162998
0.5570986056981144,0.18680777142475558,0.2560936228771298
0.5561350390205088,0.18241033976583945,0.2614546212136513
0.5459588807470988,0.25515036429598703,0.19889075495691444
0.5540985560623687,0.15516930250373706,0.2907321414338942
