x,y,z
0.5527036307863253,0.2408001008080542,0.20649626840562052
0.5599070367213237,0.1518285906713402,0.2882643726073363
0.5450070057674639,0.181521889310199,0.2734711049223371
0.5568114603874894,0.23048530722756078,0.21270323238494956
0.5531025497840226,0.2190149293181536,0.22788252089782388
0.5485379736116547,0.215684073932835,0.23577795245551036
0.5488706601636102,0.2380977265545769,0.21303161328181316
0.5621030355200688,0.16751706154829596,0.2703799029316355
0.5544676027308192,0.17426069197461333,0.2712717052945676
0.5518260525429612,0.23010125004642074,0.2180726974106179
0.5576742932302207,0.2512126007631365,0.19111310600664277
0.5557906646809481,0.2687748436953258,0.17543449162372612
0.5462372992540747,0.22778829851602247,0.2259744022299031
0.5490838612415216,0.18859238830316685,0.26232375045531153
0.5423099443421897,0.19833394893483286,0.2593561067229774
0.5677858279204799,0.22690927734087724,0.20530489473864286
0.5457708016258025,0.23850951987636174,0.21571967849783616
0.5566098471367915,0.21032505766247034,0.2330650952007382
0.5614268391722318,0.2402308293929382,0.19834233143483018
0.5506300070241531,0.17231182367010078,0.2770581693057458
0.5495753305739459,0.23818564990607075,0.2122390195199836
0.5657257681277678,0.20619051469815855,0.22808371717407422
0.5453807572072596,0.24377088518762677,0.21084835760511322
0.5503852725338245,0.19608243563622543,0.25353229182994996
0.5529609745256732,0.22173467963236704,0.2253043458419594
0.5656440537266038,0.20158273187853476,0.23277321439486165
0.5421434286907895,0.15734951980159168,0.3005070515076187
0.5484339173905233,0.20836219952910912,0.24320388308036747
0.5423034128437103,0.19991141088688305,0.2577851762694069
0.5528013833669119,0.20177405092288372,0.2454245657102043
0.5500646053216113,0.22523805264003108,0.22469734203835764
0.5493729746294833,0.2332221729060254,0.21740485246449112
0.5477303834700025,0.20529508970604557,0.2469745268239518
0.5604637288699241,0.2662100435654302,0.17332622756464566
0.5391294749900483,0.21781778959435336,0.24305273541559833
0.553375766246007,0.2435667629185408,0.20305747083545175
0.5579615145371923,0.2311501700422566,0.21088831542055106
0.5572436504232301,0.22191013631355863,0.22084621326321102
0.5460202539178455,0.18301092904604355,0.270968817036111
0.5721516422266629,0.1937918302863569,0.23405652748697992
0.5440425645512309,0.26790942160579445,0.18804801384297484
0.5563259228474757,0.25631779382137737,0.1873562833311468
0.5516837741589021,0.21033389426974766,0.23798233157135046
0.5498863016934682,0.15056439808917105,0.29954930021736104
0.5322603273705361,0.2051292863745663,0.26261038625489763
0.5642518868746853,0.2301702391620663,0.20557787396324834
0.5285720172310965,0.17274627562872658,0.2986817071401768
0.5494808054437795,0.2159182853294243,0.23460090922679638
0.5692836816035222,0.16514105475763236,0.26557526363884537
0.5382235162699783,0.1719550028042182,0.289821480925803
0.5665181952207445,0.2452460990393471,0.1882357057399082
0.556252224722981,0.20632457701104048,0.23742319826597832
0.5453062768727229,0.19710772880306301,0.25758599432421364
0.5473693970698228,0.22052864525157428,0.2321019576786027
0.5454263214048441,0.26281483964946295,0.19175883894569307
0.5375926658854554,0.22805380492938535,0.2343535291851592
0.5547309226096039,0.2023356722470397,0.24293340514335648
0.5579914520623076,0.2421485768870045,0.199859971050688
0.5388096942902791,0.19760270052677534,0.26358760518294516
0.5407585934418179,0.22096872189060798,0.2382726846675744
0.5512693792945026,0.2698162220860029,0.17891439861949432
0.5629893656438012,0.20989635462594577,0.2271142797302532
0.5391364591334001,0.24104387182928694,0.21981966903731293
0.5465185219551756,0.21965841134786385,0.23382306669696035
0.5496900689460212,0.2806318138058547,0.16967811724812443
0.5545142248018469,0.23020064930614073,0.21528512589201243
0.5517519551633403,0.22489731814758038,0.2233507266890793
0.5576755430256423,0.2072120683673623,0.23511238860699513
0.5620737015621513,0.1633681958138642,0.2745581026239844
0.5471928864033911,0.2159311656430656,0.2368759479535433
0.5452628548516649,0.23464450514302776,0.22009264000530743
0.5522471994775914,0.24478362105513637,0.2029691794672724
0.5480778637172788,0.1976110543027334,0.2543110819799879
0.5554539310773461,0.2107246149263567,0.23382145399629717
0.5478978778991773,0.18120226729578978,0.27089985480503254
0.5477719397429714,0.2559231703940306,0.1963048898629979
0.5594007815392519,0.19355123873889976,0.24704797972184844
0.5499406216297852,0.19011530107028893,0.2599440772999261
0.5538842669342118,0.16356146257742432,0.28255427048836396
0.5643502684972365,0.2558479793181439,0.17980175218461952
0.5320562023819136,0.24163440643208026,0.22630939118600635
0.5642923425684644,0.19687276840110002,0.23883488903043548
0.5604710570925374,0.2557701473902322,0.18375879551723054
0.5630352114910375,0.21101850898504748,0.22594627952391497
0.5510438327273305,0.24330310764540117,0.20565305962726838
0.5542681789808204,0.26911853432037924,0.1766132866988004
0.5462100870035883,0.180902612494967,0.2728873005014447
0.551968390646045,0.22969493175802427,0.21833667759593092
0.5540022849258334,0.20554490946913131,0.2404528056050352
0.543164039243761,0.19803810120208637,0.2587978595541531
0.5554371627175939,0.2544405633403459,0.19012227394206008
0.5449506988830654,0.16787829630184264,0.28717100481509217
0.5690886996822723,0.16496078125860675,0.2659505190591212
0.5357123773892808,0.21036897252707001,0.25391865008364917
0.5513273637217975,0.18882732399846322,0.25984531227973956
0.5569706290163562,0.18795373039392663,0.2550756405897169
0.5669254144020311,0.21667033924151136,0.21640424635645747
0.5624294630068749,0.19377874155676977,0.2437917954363553
0.537002034254547,0.20280148601871217,0.260196479726741
0.5531140644520769,0.22162037032108922,0.2252655652268338
0.5577733557254186,0.24493471523305016,0.19729192904153112
0.539002175062145,0.1866690745178124,0.2743287504200424
0.5522879769387613,0.22595379151256711,0.2217582315486717
0.5698868334120717,0.17458779931707008,0.2555253672708582
0.5563649287775881,0.19460240973004717,0.24903266149236472
0.544273695732879,0.24399234670852538,0.21173395755859592
0.5757295701907946,0.23979942639203095,0.18447100341717443
0.5695295540722479,0.23772362125668106,0.1927468246710708
0.5587531345063586,0.21676672136835376,0.22448014412528786
0.5520250785936835,0.2626934507226295,0.1852814706836871
0.5397585944840203,0.26371373166107054,0.19652767385490919
0.557796096996749,0.21140701457365882,0.23079688842959203
0.5548706274806928,0.22587633683080915,0.21925303568849794
0.5412360878311364,0.24757487532490613,0.21118903684395787
0.5495271720946842,0.18952930342709307,0.26094352447822255
0.5531221157872471,0.26004486196067295,0.1868330222520799
0.5607089322329366,0.185034880190743,0.25425618757632024
0.554352043387398,0.23555663560773538,0.21009132100486677
0.5525615575604406,0.23405170031177286,0.21338674212778652
0.5445911257285595,0.22930471947728254,0.2261041547941578
0.5567501767489298,0.21770747742755375,0.22554234582351654
0.5536883144418101,0.22639644569039497,0.21991523986779493
0.5637817561412373,0.22213279185688703,0.21408545200187556
0.5513239555401932,0.22077915997905467,0.2278968844807521
0.5470877674257153,0.21377210199374602,0.23914013058053882
0.5613134053777291,0.21131779158988612,0.22736880303238502
0.5515301402372259,0.17738520626871762,0.2710846534940564
0.5448676306220525,0.24307623355203653,0.212056135825911
0.5437704616539082,0.22659097613482745,0.22963856221126422
0.5469989493651841,0.19401881990118003,0.25898223073363574
0.5535263257237769,0.1488023133324199,0.29767136094380336
0.5492233977476942,0.22912218238684834,0.22165441986545717
0.5542453990162209,0.2559311384963632,0.18982346248741575
0.5669139049117257,0.21542076492833587,0.21766533015993825
0.5682401593029045,0.23505463067766147,0.19670521001943436
0.5431483183331052,0.20027467812443397,0.2565770035424611
0.5571113091341874,0.17407417425913643,0.2688145166066766
0.5433668636622233,0.2598780136370093,0.19675512270076767
0.5497259278459701,0.2586174675324507,0.1916566046215791
0.553340272882191,0.23652551242413256,0.21013421469367663
0.5613750195567605,0.21646607860744757,0.2221589018357924
0.5542112178245584,0.22027312839839483,0.22551565377704738
0.5441771360934492,0.27485618406577816,0.18096667984077267
0.5487205780293823,0.2190187314196013,0.2322606905510164
0.5546941650220456,0.15686329423426623,0.28844254074368786
0.5415100972500214,0.18449737647216757,0.27399252627781057
0.5664259981378712,0.2373025897578542,0.19627141210427473
0.5722765432591088,0.23488688079387987,0.19283657594701098
0.5452438341036671,0.18370417261909228,0.27105199327724055
0.5614884368166131,0.16572647884424135,0.27278508433914556
0.5406168593014264,0.23543028232164165,0.2239528583769318
0.5336330334017702,0.18420183976649493,0.282165126831735
0.545477092219871,0.24765566200585604,0.206867245774273
0.5517127367605318,0.17974429563651095,0.26854296760295715
0.5497876003895299,0.22229928250039793,0.22791311711007195
0.5545309741275156,0.2272886714894719,0.2181803543830127
0.5535755433724687,0.21756872055248933,0.22885573607504187
0.5497623369515736,0.23710611275623206,0.2131315502921945
0.5502060877134052,0.23446686743682352,0.21532704484977153
0.5457945129431581,0.20530515441719796,0.24890033263964395
0.5539173290615366,0.27847661288022313,0.16760605805824047
0.54688417525683,0.19057917926513224,0.26253664547803784
0.5467308970934416,0.21173296600425662,0.24153613690230213
0.5573134901397362,0.20691022723607017,0.2357762826241936
0.5396891172323922,0.2292165480801499,0.23109433468745766
0.5535825109962551,0.20480976084790775,0.24160772815583756
0.5585709316282303,0.18933525164311232,0.2520938167286573
0.5714723816887118,0.18839323211208656,0.24013438619920177
0.5625127106759596,0.18296413502273612,0.254523154301304
0.5449409904901064,0.23361376546284154,0.22144524404705224
0.539212862782733,0.24361461915328658,0.2171725180639804
0.5581544193909117,0.19168813678168495,0.2501574438274032
0.5415765799831055,0.21023329544423935,0.2481901245726552
0.5503100537657724,0.255136587940637,0.194553358293591
0.5548483773970477,0.1812235636225033,0.26392805898044885
0.5410088895994682,0.20359597216294567,0.2553951382375859
0.5480449423162349,0.26916217147308236,0.1827928862106831
0.5390055178897577,0.26674295683078614,0.19425152527945597
0.5518090259792782,0.26187320295560423,0.1863177710651177
0.5449784482564841,0.2741010401470221,0.18092051159649422
0.5630309444548105,0.2714857304944274,0.165483325050762
0.5439791294711415,0.20807739848826745,0.24794347204059106
0.5432567523825338,0.2565721072764717,0.20017114034099492
0.5664862625466623,0.18481671353054377,0.2486970239227941
0.5521684348692854,0.13634523117270236,0.3114863339580121
0.5724128895133543,0.21651964067332,0.21106746981332536
0.5475568667876198,0.1976736207673271,0.2547695124450532
0.5550940863288867,0.21662646467085803,0.22827944900025585
0.5465799781187646,0.22261802648009932,0.2308019954011357
0.5561013354569617,0.23223025999175032,0.21166840455128805
0.5536065761165923,0.23615993329230797,0.21023349059110016
0.5643309441539125,0.22086475868878744,0.2148042971573001
0.554788532955989,0.19158437164675263,0.2536270953972583
0.544349249074372,0.1933717677097044,0.2622789832159239
0.5537975348597856,0.2732436312076916,0.17295883393252282
0.5544810055840224,0.2146365031888273,0.23088249122715054
0.5434629267349105,0.19606760897506284,0.2604694642900269
0.5710987967365806,0.17907412542291512,0.24982707784050429
0.5591595413299087,0.22821378583880814,0.21262667283128278
0.5574743607848198,0.1970110518573625,0.24551458735781756
0.5455888129872142,0.24020637017536928,0.2142048168374167
0.5472907561853356,0.1694706184049668,0.2832386254096976
0.5470141366359621,0.19516266482975098,0.25782319853428687
0.5633748563021163,0.1881456528302148,0.2484794908676691
0.5409554585305725,0.2138877015131039,0.24515683995632326
0.5609513120818008,0.2245343245782898,0.21451436333990936
0.5379554348773974,0.2054836718757876,0.25656089324681536
0.5511993915348292,0.22567677831618496,0.2231238301489859
0.538697291542536,0.21537730192786017,0.2459254065296039
0.540528765884018,0.20615522446336199,0.2533160096526202
0.5385320835290854,0.23685880896306732,0.22460910750784707
0.5465668037677693,0.23249246060306164,0.22094073562916938
0.5653222524737347,0.21794357094362324,0.21673417658264207
0.5375606860616824,0.24914677313659486,0.21329254080172264
0.5543616337862451,0.21505887150861056,0.23057949470514436
0.5489581202250903,0.26060262604339585,0.1904392537315137
0.5542639787641767,0.21131690964164754,0.2344191115941757
0.5366596206114369,0.2846225162610627,0.17871786312750057
0.5477123740256333,0.1946681219716978,0.25761950400266875
0.5611979967003401,0.2386603563286259,0.20014164697103412
0.5605832154934357,0.20663829744819065,0.23277848705837348
0.5570147339426244,0.18792218872248243,0.2550630773348933
0.5488993410724085,0.19078656083526216,0.2603140980923296
0.571103154252903,0.1825635460059634,0.24633329974113363
0.5412783985332026,0.17798949101197128,0.28073211045482643
0.5451109996398182,0.2289621029076622,0.2259268974525194
0.5374639013493354,0.2521257115905772,0.2104103870600874
0.5586785226005239,0.1599432433864441,0.28137823401303164
0.5243511910430239,0.22154955707692994,0.25409925188004623
0.5582038377508235,0.25972256223961365,0.182073600009563
0.5510252631232893,0.20224518133120703,0.24672955554550338
0.5472197183753041,0.2029034523674199,0.2498768292572759
0.5594752244762885,0.20649577103047115,0.23402900449324052
0.5499040364439236,0.21008580705752797,0.2400101564985483
0.5375556583740935,0.24336714812668978,0.21907719349921664
0.556787417016051,0.21273806846762802,0.23047451451632114
0.5572715031527048,0.22643431844332862,0.21629417840396656
0.5584541838788042,0.18243614417061066,0.25910967195058476
0.5429550674185845,0.19865132871864538,0.25839360386277
0.5549033649300945,0.19007154063703793,0.2550250944328674
0.5531968531534355,0.21919609770295573,0.227607049143609
0.5403780459624249,0.2210236650513003,0.23859828898627505
0.5466549357935554,0.23776091746400882,0.21558414674243592
0.5544438252509696,0.20433030658091036,0.2412258681681201
0.5549759364368411,0.20737984636923196,0.23764421719392692
0.5359597236737712,0.23666085955520608,0.22737941677102277
0.5707515528515522,0.2147928254871564,0.21445562166129134
0.5410180893282892,0.19176278311277772,0.26721912755893296
0.5418981377254679,0.2421506305329126,0.21595123174161934
0.558792868569941,0.21635765295548262,0.22484947847457656
0.5568200374361902,0.20907900292484496,0.23410095963896482
0.5541217195478556,0.21027899138378867,0.235599289068356
0.5501240912381159,0.20368457654249728,0.24619133221938694
0.5514051568280742,0.22163621595784758,0.22695862721407822
0.5504626420616723,0.17770789214409602,0.27182946579423184
0.5576938373698167,0.22163208398353607,0.22067407864664726
0.5565377217501777,0.22140690799366686,0.2220553702561552
0.5357401867526108,0.22024668619426244,0.24401312705312647
0.5536318934130646,0.2351948689179528,0.21117323766898263
0.5488573115564573,0.2579657495440352,0.19317693889950718
0.5598173462977079,0.1727679663537884,0.2674146873485036
0.5495080324829188,0.21587599684532166,0.2346159706717597
0.5506110713697083,0.21762650504223607,0.23176242358805585
0.5519084158156684,0.2310390778895851,0.21705250629474654
0.5464237329743126,0.26614398150456997,0.18743228552111746
0.5601357593903592,0.3010201782438068,0.13884406236583413
0.556406798015206,0.2106067312206819,0.23298647076411205
0.551023285428829,0.24403742506614326,0.204939289505028
0.5604237276402916,0.2269752344587077,0.21260103790100077
0.5340363488373231,0.1701548955575429,0.29580875560513387
0.5656779895861395,0.19500681033264639,0.23931520008121415
0.5506792203362986,0.2394605322693929,0.20986024739430853
0.5491829227907895,0.27841624984557,0.1724008273636403
0.5472144341918252,0.23149447246802574,0.22129109334014932
0.5570171973144121,0.2386316441701767,0.20435115851541105
0.552778146075862,0.22430592971081914,0.22291592421331927
0.5418230712187588,0.19477647012466986,0.2634004586565714
0.5446054626345307,0.2420710714857761,0.21332346587969306
0.5423790246182383,0.25314740466119445,0.20447357072056765
0.5554830464588104,0.23370047169214966,0.21081648184903973
0.5424388796999463,0.2298369944556947,0.22772412584435908
0.5687027543729861,0.2338682622389761,0.19742898338803783
0.5489518791142304,0.2390024211603698,0.2120456997254001
0.534214000674671,0.23746447025144385,0.22832152907388523
0.5494484508467554,0.20380958592527929,0.2467419632279655
0.5448412610435671,0.17628256386358104,0.2788761750928518
0.5594691822963015,0.22259047278928448,0.21794034491441408
0.558298986930209,0.20659274869119842,0.23510826437859256
0.5390187896194439,0.2004446858873902,0.26053652449316594
0.5539825657363295,0.20519036421456752,0.24082707004910306
0.5524380000449252,0.19794090784565674,0.24962109210941838
0.5536751744413648,0.17925911227897218,0.267065713279663
0.5658355789047397,0.24463711945855965,0.18952730163670067
0.5411778360681074,0.29853753907575553,0.16028462485613698
0.5491617111311053,0.2212276667012281,0.2296106221676665
0.5497153081485593,0.2337484518550651,0.21653623999637545
0.5459840484869604,0.22723146363018415,0.22678448788285532
0.5543835388892666,0.22897977971896524,0.2166366813917684
0.5513415541787277,0.21164780140360187,0.2370106444176704
0.5581653568382511,0.22879003644593843,0.21304460671581035
0.5569580938854005,0.22436569323974767,0.21867621287485195
0.5541522838469068,0.24794220996106633,0.1979055061920268
0.5570740087274428,0.18141031900642426,0.26151567226613276
0.5583862144327332,0.24041044737660117,0.2012033381906657
0.5617132298297609,0.24009752741883517,0.19818924275140426
0.5474897146866947,0.21095871436087504,0.2415515709524303
0.5566619589779574,0.19236720760867274,0.2509708334133695
0.5506082343007289,0.2023803836486473,0.2470113820506237
0.5523031168351767,0.26747931878100734,0.18021756438381575
0.5580251879540343,0.2381376828253544,0.20383712922061137
0.5496858053030572,0.23705180116927463,0.213262393527668
0.5386225570584651,0.18302907383554307,0.2783483691059913
0.5396171541237776,0.18288473717412415,0.2774981087020987
0.5419623776021115,0.1736298315976632,0.2844077908002257
0.5570176008587269,0.23216732485333408,0.21081507428793905
0.5477276148188374,0.20995779761741493,0.24231458756374782
0.5449222904866092,0.2076172122054289,0.2474604973079619
0.543820767279175,0.1997668207657096,0.2564124119551154
0.5541332384955716,0.2425043574177181,0.20336240408671039
0.5459971157125801,0.265378439689973,0.18862444459744682
0.5348753014625868,0.22272576222341242,0.24239893631400047
0.5506903537105754,0.24286011516638764,0.20644953112303668
0.5524943230198583,0.22663647446819607,0.2208692025119458
0.5475359808822715,0.20092765705963017,0.25153636205809804
0.5455310422538411,0.24007887761684402,0.21439008012931482
0.5478936102108066,0.23112073971917052,0.22098565007002313
0.5409886253996531,0.1973811562271248,0.26163021837322203
0.5432381821038322,0.1901805687000453,0.2665812491961222
0.5553037162149762,0.1928830470900391,0.2518132366949848
0.5443393786114639,0.22626544620259104,0.22939517518594527
0.5441472193326794,0.24352354560288408,0.21232923506443657
0.5513753007714783,0.21871695810702207,0.22990774112149961
0.5562223423917,0.2741014459397843,0.16967621166851551
0.562405484379554,0.16969772388716783,0.26789679173327874
0.5441053148088273,0.19746804475070795,0.2584266404404648
0.5427499410876967,0.19736838240126311,0.25988167651104005
0.5493129368887866,0.21296799417860462,0.23771906893260886
0.556946887685282,0.19224470058257734,0.2508084117321405
0.543306564860985,0.20078009425894314,0.2559133408800719
0.5466738372820341,0.17070129372791046,0.28262486899005546
0.5625216242574855,0.2750453892835779,0.16243298645893636
0.5502639353671267,0.2663229387346482,0.1834131258982248
0.5509663372299466,0.23068662984753574,0.21834703292251773
0.5514915536417752,0.23944904853006072,0.20905939782816438
0.5688939608966289,0.21637578860726456,0.21473025049610628
0.5663988054249428,0.1602105374704791,0.27339065710457844
0.5395693872383812,0.24066693211926124,0.21976368064235713
0.540355646116294,0.22439685854173247,0.23524749534197353
0.5608607911919785,0.2489519137821518,0.19018729502586967
0.5402430246295526,0.18640477831666777,0.27335219705377917
0.5480134581335985,0.1951376708129652,0.256848871053436
0.5526198716875054,0.23278055371758552,0.21459957459490944
0.5433597508293597,0.2206411293692695,0.2359991198013711
0.5424475248669739,0.23125328183667254,0.22629919329635362
0.539902092775657,0.19400974710984212,0.2660881601145011
0.551822187571595,0.255788327973129,0.19238948445527607
0.5619326620125787,0.2470863976984627,0.1909809402889588
0.5480771845615141,0.21981014860352702,0.23211266683495885
0.5496372149515789,0.21347331867241867,0.23688946637600253
0.5607761372603347,0.19366078512509488,0.24556307761457058
0.5463479963115384,0.26714934514096406,0.18650265854749756
0.5570091615890546,0.17114280339567872,0.2718480350152667
0.5416153033955133,0.20424894816777434,0.2541357484367123
0.5536948225521586,0.1520053690590156,0.2942998083888255
0.5428176382212055,0.1697173060398425,0.2874650557389519
0.5543207323128501,0.20201643909483905,0.24366282859231067
0.5638296888275011,0.2342685910026157,0.20190172016988328
0.5570646216896645,0.25488244020173484,0.1880529381086007
0.5470188911003526,0.1837451048451258,0.2692360040545214
0.5670553119372463,0.24385744304280424,0.1890872450199492
0.539594720267321,0.2501294103145912,0.21027586941808754
0.5536302189643328,0.21583283466326034,0.23053694637240651
0.5483052986080311,0.1984223472492106,0.25327235414275817
0.5475408397621235,0.2714961820380873,0.18096297819978932
0.5547353919333476,0.24527153682153033,0.1999930712451217
0.5663690873732448,0.1837603285779696,0.24987058404878554
0.5477106539878742,0.18492815142483232,0.26736119458729374
0.5677579608962905,0.18321871209523882,0.2490233270084707
0.5454153023070962,0.22813764173270595,0.2264470559601978
0.5342544045661524,0.24283096782021418,0.22291462761363326
0.5397586935960225,0.15249232493899542,0.3077489814649819
0.5322383368817859,0.1956200533079384,0.27214160981027574
0.5450300364930953,0.2644185919384556,0.19055137156844923
0.5513695307041098,0.251161065088922,0.19746940420696843
0.546589410897254,0.19970073370439473,0.2537098553983515
0.5424611616371275,0.2105254108839289,0.24701342747894361
0.5474733553233838,0.2304203180848458,0.22210632659177046
0.5584462724409904,0.1796124112074708,0.26194131635153883
0.5522200691735533,0.21119931648552653,0.23658061434092018
0.5526020742929114,0.2843725835122755,0.1630253421948134
0.5522837841651159,0.22555566765184068,0.22216054818304334
0.5476749273483104,0.23077976256731297,0.22154531008437683
0.5497648658003591,0.2338251670786083,0.21640996712103264
0.5539323445655607,0.21427130390842053,0.23179635152601827
0.5529342188745668,0.25053675458514524,0.19652902654028825
0.5427437735756585,0.20031476159108064,0.2569414648332606
0.5760348516865074,0.1816180130329885,0.2423471352805042
0.5498336787906414,0.26832911529307335,0.1818372059162852
0.5628101101345665,0.1977969112105935,0.23939297865484033
0.555292791280407,0.1843621982942686,0.26034501042532404
0.5585758515954337,0.19982302219775963,0.24160112620680665
0.5711449736979699,0.22473711148301395,0.20411791481901584
0.5512223448037639,0.26523390987947215,0.18354374531676398
0.5525652146669234,0.2027343362675951,0.24470044906548166
0.5548693732038811,0.20963937196111027,0.2354912548350085
0.5523809619083596,0.263563901707911,0.18405513638372945
0.5599370913544246,0.2090301594204862,0.2310327492250891
0.562179414269002,0.17650054018521488,0.26132004554578314
0.5421897477827616,0.22069416215484172,0.23711609006239634
0.5445933266501423,0.18421265403759157,0.27119401931226617
0.5430140828534384,0.19005343765287352,0.26693247949368804
0.5470942497620626,0.2285884690392384,0.22431728119869904
0.5485380069384689,0.2129026654754615,0.23855932758606951
0.5495420524508887,0.20306470512621075,0.24739324242290012
0.5532953780703271,0.21123688890728434,0.23546773302238852
0.5440588335006626,0.2885387362141298,0.16740243028520777
0.5581244930008438,0.19236133300596575,0.24951417399319062
0.5596966333715805,0.23588465266106534,0.20441871396735417
0.55506530541034,0.2476958946198196,0.1972387999698407
0.5520166547205383,0.19613285885627582,0.2518504864231861
0.5616013419816591,0.2230335594454457,0.21536509857289532
0.5718416661575755,0.1879923430266406,0.24016599081578374
0.5611701305972742,0.2072122025456066,0.2316176668571194
0.5549927415604513,0.17134740085404812,0.2736598575855006
0.562485797760223,0.2269979380150972,0.2105162642246798
0.5411248345362938,0.24174068304813787,0.21713448241556832
0.5490747923508974,0.17538986120003605,0.27553534644906647
0.5539497880245973,0.1930433901767856,0.2530068217986174
0.5653094405050415,0.20680594999728885,0.22788460949766964
0.5668258502463779,0.20080761344255488,0.232366536311067
0.5419435825255594,0.22324820267200166,0.23480821480243907
0.5504488836636404,0.21868878150211876,0.23086233483424076
0.5610109289101488,0.21557368870528015,0.22341538238457118
0.5523796503310754,0.2505026356366261,0.1971177140322985
0.5625363730372752,0.23794261131310582,0.199521015649619
0.5483534700773366,0.22086178013300553,0.23078474978965813
0.5527489543558958,0.18476227399713327,0.26248877164697104
0.5521660056320232,0.23237846244591304,0.21545553192206365
0.5575955724133026,0.22907731849926488,0.21332710908743235
0.550455466260647,0.24456062692615474,0.2049839068131984
0.5489131163358347,0.18039260133274523,0.27069428233142007
0.5848512565984818,0.20173135625316446,0.21341738714835362
0.5449776637986586,0.2860847695348768,0.16893756666646453
0.5536551648113035,0.27612693347618167,0.170217901712515
0.5450407686518572,0.18350014562070982,0.27145908572743305
0.5578559972092142,0.21201924215121373,0.2301247606395723
0.5418817357236755,0.20516624334510394,0.25295202093122066
0.5352581006283016,0.27539206841891695,0.18934983095278157
0.5527985321835175,0.23959403489581713,0.20760743292066514
0.5357757153385914,0.20792858268495587,0.25629570197645274
0.5495766639491693,0.22929877018022662,0.22112456587060425
0.5590983261667231,0.1862748108551481,0.2546268629781288
0.5539297356059196,0.26257204086860964,0.18349822352547077
0.5434089800097927,0.16301377251437657,0.29357724747583075
0.5377782121419928,0.21029932951118754,0.2519224583468197
0.5450489165913204,0.1934891109092595,0.26146197249942027
0.5572031837309487,0.14933090401658475,0.29346591225246654
0.5595948999313227,0.21741136914564838,0.22299373092302854
0.5567330122225654,0.22484567650287018,0.21842131127456427
0.5612951130430477,0.22150587911880193,0.21719900783815063
0.5560978104412917,0.23481970474306538,0.20908248481564323
0.5471946246368348,0.17018423684970033,0.2826211385134648
0.540284129666849,0.19899967656536502,0.260716193767786
0.5435345774465469,0.2087243654239117,0.24774105712954156
0.5502262374292823,0.21747271914120606,0.2323010434295118
0.5521378212491197,0.2074052383244218,0.24045694042645854
0.5420892062876747,0.1737692433514182,0.28414155036090694
0.5755051330567126,0.21113958218682422,0.21335528475646334
0.5562697987142564,0.2561763115536978,0.187553889732046
0.5472167053244674,0.17933123807953674,0.2734520565959956
0.564464931118733,0.21065072892992479,0.2248843399513423
0.5396576958456459,0.2686846154334672,0.19165768872088682
0.5456097959672822,0.2342777968652544,0.22011240716746333
0.5473118071738826,0.2114196313490829,0.24126856147703463
0.5485907349746149,0.21108337519626738,0.2403258898291178
0.5397990714728088,0.25621170906495205,0.20398921946223883
0.5641192071147236,0.2526150393358169,0.18326575354945937
0.5654539704186684,0.19222793981916486,0.2423180897621667
0.5511809400154198,0.24528257436747336,0.20353648561710647
0.5366592417581463,0.20286580653743455,0.260474951704419
0.5348542007402505,0.15468100126928885,0.3104647979904606
0.548606427435934,0.23648382070776996,0.21490975185629596
0.5494057937656379,0.17439829145874855,0.27619591477561334
0.5383527189837508,0.23218563908539047,0.22946164193085902
0.5492642071525354,0.24377972699595274,0.20695606585151208
0.5574355764701338,0.2493157322604941,0.1932486912693723
0.5393061516549115,0.22481546996633675,0.23587837837875186
0.5714698900775038,0.2319509167893596,0.1965791931331367
0.5496552576432552,0.23914136305704173,0.21120337929970268
0.5469025870814014,0.21887157177666047,0.234225841141938
0.5496933032524142,0.21579586580360888,0.23451083094397665
0.5700865233520961,0.1986442284311847,0.23126924821671935
0.5598659629081838,0.2012811082372741,0.23885292885454204
0.5429652969796404,0.20986908314019737,0.24716561988016278
0.551847948568031,0.2140706808005858,0.23408137063138346
0.5466102257347044,0.20542763618024487,0.2479621380850511
0.5623932412250594,0.23706927882525652,0.200537479949684
0.5501430707359225,0.17809455161140425,0.27176237765267347
0.5485477427692691,0.21314451492292974,0.23830774230780138
0.5512603923371661,0.23599580255636055,0.21274380510647362
0.5530916819221741,0.20991890628011126,0.23698941179771474
0.5528933667104611,0.23060730555162373,0.21649932773791497
0.546985198146355,0.17455396352750815,0.2784608383261368
0.5517561872432049,0.19579828454916348,0.25244552820763133
0.5508498594838996,0.2356434439262007,0.21350669658989962
0.5498158367552483,0.19881091786193547,0.25137324538281614
0.5566112825249387,0.215377483947934,0.22801123352712727
0.5555266350719645,0.1962174559488176,0.24825590897921782
0.551203216225045,0.22088183236541623,0.22791495140953896
0.5720365768530624,0.20514721444601158,0.222816208700926
0.536162062536908,0.2718205970506086,0.19201734041248344
0.5443658838740988,0.238362694942843,0.2172714211830584
0.5583924347233141,0.2427963207540199,0.19881124452266608
0.5554666754047669,0.2565630881575292,0.18797023643770375
0.5383966876198021,0.18266346570495656,0.2789398466752414
0.5565905772858469,0.15795207641293205,0.28545734630122155
0.5442032526308503,0.20759171624672282,0.24820503112242645
0.5505096506181405,0.1859437615478801,0.26354658783397966
0.5493867587348547,0.18024731789726162,0.27036592336788373
0.5554220523861163,0.24108332043837544,0.20349462717550826
0.561906511204494,0.1724657508970389,0.2656277378984671
0.5390538760365153,0.15536471916962527,0.30558140479385937
0.5472323517662235,0.198591133103922,0.2541765151298545
0.5393562306390393,0.26667387354552297,0.19396989581543808
0.5427243450252378,0.19473176306885093,0.26254389190591126
0.5607086833305991,0.23512297204921057,0.20416834462018996
0.5561389153785984,0.2601070973950334,0.1837539872263684
0.5593461117253067,0.20628704863092426,0.23436683964376917
0.5430794936584917,0.20419056142393133,0.25272994491757667
0.5472655570899544,0.2594523898159886,0.1932820530940569
0.5538739460176167,0.18098638844345466,0.26513966553892876
0.5485485084831938,0.2073543795339273,0.24409711198287884
0.5484480570993996,0.2579141490114746,0.19363779388912578
0.553238069563532,0.23883096735872525,0.20793096307774286
0.5618969718596524,0.21065744561725272,0.22744558252309494
0.5480316342219798,0.1760056783975232,0.2759626873804972
0.5496393014804787,0.22368594704432918,0.22667475147519228
0.5670205754507207,0.1641843537506752,0.26879507079860443
0.5528773076160401,0.17510521699143436,0.27201747539252563
0.5589409642910551,0.18518002995991908,0.25587900574902595
0.5648420094217493,0.25308952390156186,0.18206846667668883
0.5408402592402013,0.2318913248113761,0.22726841594842265
0.5562077366830444,0.28079905501006236,0.16299320830689315
0.5599085619059176,0.18468840935147357,0.25540302874260884
0.5445809379649921,0.20663491549954252,0.2487841465354652
0.5460848722796839,0.222361420742158,0.23155370697815827
0.5499218910945273,0.18780250906043566,0.2622755998450371
0.5679068953495534,0.23479949361468214,0.19729361103576404
0.5604543186175875,0.25753190926466096,0.1820137721177515
0.5338947497806716,0.21302946801632533,0.25307578220300314
0.5627849436224271,0.21535282482350687,0.22186223155406617
0.560273480525812,0.26651159090812687,0.17321492856606102
0.5614938556605444,0.17753586462339635,0.2609702797160594
0.555387271800087,0.26284129736798706,0.18177143083192554
0.552803143103152,0.2102792782015811,0.2369175786952667
0.5582956892122992,0.2703838147965609,0.17132049599113994
0.5484578702623483,0.2043501883235631,0.24719194141408884
0.5598602699359646,0.18295708756486373,0.2571826424991718
0.5477611323003982,0.19543225160270247,0.2568066160968992
0.5436901361195238,0.24298254933748312,0.21332731454299325
0.5468867352730963,0.2160994699237595,0.237013794803144
0.5433456356925173,0.20322496356569347,0.25342940074178927
0.562318596702752,0.2078367726051445,0.22984463069210354
0.5676628177000177,0.2373440161878955,0.19499316611208686
0.5578032931192617,0.1462982873458467,0.2958984195348913
0.551684648167845,0.242711227781815,0.20560412405034012
0.5607738685060834,0.2459983329240938,0.1932277985698232
0.537616366875565,0.274372273768339,0.18801135935609592
0.5600089166916035,0.19569390747341162,0.24429717583498486
0.5351673147276955,0.22402810467027245,0.24080458060203194
0.5532401169676603,0.2268742812240495,0.21988560180829
0.5409907370047532,0.23187174573872804,0.22713751725651893
0.5506432401287463,0.22465061847652612,0.22470614139472717
0.5505484175904568,0.20052964577290697,0.24892193663663625
0.5442570443849762,0.247562962789535,0.20817999282548863
0.578491818732845,0.19084054620953025,0.23066763505762483
0.5316028867712231,0.21514783059655349,0.25324928263222335
0.564270782817713,0.21665208305245323,0.21907713412983396
0.5747522773302758,0.15247971188078055,0.27276801078894364
0.5495691682135595,0.27211627572119457,0.17831455606524596
0.5345137688021405,0.2378651131429511,0.22762111805490834
0.5457141939400838,0.2348500955690922,0.21943571049082417
0.5579624203892444,0.17707553119782657,0.2649620484129295
0.5608718330345155,0.2151591644929724,0.22396900247251217
0.5494850169542613,0.24016785342161992,0.21034712962411845
0.5484587644763474,0.22980557228902115,0.2217356632346314
0.5531909284628556,0.24303254010463532,0.20377653143250882
0.536007548790462,0.22034989719281386,0.2436425540167241
0.5632297622202684,0.20280413492062785,0.23396610285910374
0.5630369242828439,0.15628791792071728,0.2806751577964384
0.558592197759836,0.17873309585894878,0.26267470638121526
0.5527668731059676,0.21191562407611433,0.2353175028179176
0.5445914368606259,0.21834301579626206,0.23706554734311183
0.557725828203843,0.2689600715195135,0.17331410027664385
0.5711079227845461,0.17510692512744627,0.2537851520880076
0.544484233827363,0.23004849331711508,0.22546727285552207
0.556212762027258,0.1630951530392171,0.2806920849335252
0.5410402466241762,0.22045078146157449,0.23850897191424944
0.5591076217531296,0.18243346907074814,0.25845890917612196
0.5579835552637038,0.2092204977695653,0.23279594696673112
0.5402557403269453,0.17942389516634544,0.28032036450670933
0.5616424468745153,0.23040247422243876,0.20795507890304604
0.538261578256606,0.18666640458136288,0.27507201716203133
0.5571820447071894,0.19778250848372372,0.24503544680908676
0.5487038747613708,0.20066524935165958,0.25063087588696975
0.5643297279088897,0.2153385491088853,0.2203317229822251
0.5547665528374714,0.24933382634753423,0.19589962081499454
0.5548149316040843,0.2531914205190132,0.1919936478769025
0.5551424735696159,0.2686968000765281,0.17616072635385618
0.5555295217206174,0.20729947797627735,0.2371710003031056
0.5598023613685054,0.23331539172521404,0.206882246906281
0.5445174066862959,0.21598698353052043,0.23949560978318396
0.5475796407697355,0.1921427474139672,0.2602776118162971
0.565930336281329,0.19617176116911783,0.23789790254955295
0.5578281735011641,0.17445393641535736,0.26771789008347807
0.5367877911111193,0.27599444767925085,0.18721776120962982
0.5548431604038572,0.26066659261841435,0.18449024697772834
0.5457493207590596,0.1752838312049382,0.27896684803600214
0.550909465081054,0.15611578045706245,0.2929747544618836
0.5554378134792235,0.17430072982551256,0.270261456695264
0.5667571404691152,0.19874861631660595,0.23449424321427886
0.5666261807203069,0.17221911691354658,0.26115470236614663
0.5436625753479893,0.2573182994143424,0.19901912523766813
0.5595365452342352,0.16734202714918,0.27312142761658464
0.5591267256579712,0.16533988641596123,0.27553338792606746
0.5388844642088068,0.24686845547957736,0.21424708031161593
0.5358671532085455,0.21757498525002084,0.24655786154143386
0.5388500025561597,0.22616545739981264,0.2349845400440277
0.5414605881073303,0.22734686856014621,0.23119254333252365
0.5594224177658407,0.23416305671836604,0.20641452551579328
0.5488302637186612,0.251436483170302,0.19973325311103665
0.5532537763060605,0.2297994762166551,0.2169467474772843
0.5628940854625316,0.20191900403570864,0.23518691050175977
0.5579973941665396,0.15717815819244935,0.2848244476410109
0.5438635527940839,0.2504512675823761,0.20568517962353983
0.5564617620082706,0.18733660133153177,0.25620163666019785
0.5301211889923313,0.23547950446317856,0.23439930654449
0.5512915338254174,0.20255989614175604,0.24614857003282653
0.5469113545486061,0.24433051356264163,0.20875813188875214
0.5481428438903394,0.20432726427748513,0.24752989183217552
0.5532612081943632,0.19243550336667428,0.2543032884389623
0.546523946239671,0.16999932055727945,0.2834767332030495
0.54507569664633,0.20953885964243418,0.2453854437112356
0.5570604967937578,0.2094014470757557,0.23353805613048662
0.5520099783113653,0.2167804395797213,0.23120958210891362
0.5593004823711915,0.20162360158659207,0.23907591604221648
0.5444023780540588,0.20985926390049414,0.24573835804544708
0.5604301849030561,0.25120730256204016,0.18836251253490366
0.5438970488954283,0.21384123225260893,0.2422617188519627
0.5594037110500482,0.2061748314721043,0.23442145747784765
0.5450383331010143,0.20146830138522548,0.2534933655137605
0.5445996391081309,0.24891994351297958,0.20648041737888953
0.5673572646148657,0.1940640272971921,0.23857870808794243
0.5270798256603954,0.19682612584695358,0.27609404849265134
0.5421588098524386,0.19321230025996108,0.2646288898876007
0.559055220550855,0.2848607003497066,0.1560840790994384
0.5738772758281251,0.19657664498313673,0.22954607918873793
0.5588108042698267,0.20878943080894127,0.23239976492123224
0.5501663259645188,0.20467639553437067,0.24515727850111077
0.57286157610635,0.17835252759441284,0.24878589629923706
0.5398618749388974,0.19238322283795695,0.2677549022231454
0.559846979600767,0.2319984743452245,0.2081545460540086
0.5460597643872679,0.21357115657806777,0.24036907903466456
0.5508233682672126,0.15485244818994276,0.29432418354284484
0.5593611701115911,0.2500257188720796,0.19061311101632958
0.5571966837118275,0.24226837700979212,0.20053493927838006
0.5596009663265881,0.27802331710613226,0.16237571656727978
0.5594586324756242,0.23197684084640197,0.20856452667797382
0.5415178844790728,0.20003527220705536,0.25844684331387163
0.5591866039736092,0.2255549664560028,0.21525842957038793
0.5685432465102793,0.1751321721490496,0.25632458134067115
0.5606395298139203,0.2279827390006162,0.21137773118546363
0.5522174338600849,0.23282037613582168,0.21496219000409345
0.5593209828998116,0.20043310803949757,0.24024590906069085
0.5435236854354287,0.22127822148048024,0.23519809308409137
0.5506144836159568,0.251270818607339,0.19811469777670443
