x,y,z
0.3967518657971898,0.31039756055304485,0.29285057364976536
0.3558678136963319,0.3160978797898837,0.3280343065137845
0.3632644475388314,0.3122133640456954,0.3245221884154731
0.3936483838075251,0.30585502146699206,0.3004965947254826
0.3860587395510881,0.3147006851796393,0.2992405752692728
0.3821110237722448,0.3066677219448096,0.3112212542829458
0.39348419335909357,0.3124663679338626,0.2940494387070441
0.36481004853418236,0.3105620031506631,0.32462794831515485
0.36436414735271627,0.3110625665324128,0.32457328611487113
0.390963651294691,0.3084305714703773,0.30060577723493165
0.40444344699667856,0.3090979872780203,0.28645856572530104
0.4122827541881369,0.31076259286178237,0.2769546529500808
0.3870127988850486,0.31557322903832735,0.29741397207662434
0.36883812477234423,0.31241140852936816,0.31875046669828755
0.37032194663851126,0.31053790072735,0.31914015263413875
0.39734755263067856,0.3096349494306949,0.2930174979386264
0.3921401607510821,0.3079469100417023,0.29991292920721596
0.3834674523996309,0.3213273188102829,0.29520522879008626
0.400828834282585,0.3060974175451466,0.29307374817226856
0.36147091534712694,0.3125149849276959,0.32601409972517703
0.3938804902400083,0.31168789376035255,0.29443161599963935
0.38595814141296314,0.3047865399512416,0.3092553186357958
0.3945758211974432,0.3098461516369254,0.29557802716563103
0.37323385408502496,0.30983798380702926,0.3169281621079456
0.3873478270790201,0.30590178152295505,0.3067503913980244
0.38361339280256923,0.3052294522490554,0.31115715494837554
0.34974647424619054,0.32940014583073585,0.3208533799230735
0.3783980584598162,0.3128657745098551,0.30873616703032863
0.37110741186529667,0.3093924472463828,0.3195001408883207
0.3772877171448978,0.30831738272891934,0.3143949001261827
0.38765132898082116,0.30699920757802557,0.30534946344115327
0.39129757376775437,0.30801104279042085,0.30069138344182483
0.37651273658802403,0.3114024521670179,0.312084811244958
0.41333688621767717,0.3098369625488052,0.2768261512335175
0.3784736322922008,0.31850645401208405,0.3030199136957152
0.3984712645822739,0.31063368785435896,0.290895047563367
0.39455584228972446,0.3076323180439037,0.29781183966637187
0.38957689336839435,0.3151794705011489,0.2952436361304567
0.3645155914819445,0.31301101946374243,0.32247338905431316
0.38297173625650993,0.30463419564070154,0.31239406810278847
0.4059759930785127,0.31166911044318046,0.2823548964783071
0.4063218583344266,0.3130078050923197,0.28067033657325363
0.3810088342143249,0.30649701953159253,0.31249414625408267
0.3502253498913196,0.3200744411783144,0.3297002089303661
0.3686948068725512,0.31243494979583764,0.3188702433316112
0.39721106301837583,0.30494399030692576,0.2978449466746983
0.35065914642991153,0.3190871534879194,0.3302537000821688
0.3826995453866019,0.314191581154013,0.3031088734593854
0.36721236818057723,0.30922360982685615,0.3235640219925667
0.35508925953709825,0.3164392035265035,0.32847153693639797
0.40588214713004583,0.30861962897444994,0.2854982238955042
0.3812884008670107,0.3063318749474879,0.3123797241855012
0.371207002837893,0.30900130555662375,0.319791691605483
0.3839490211606985,0.30841664704946037,0.3076343317898409
0.40412058052715355,0.3098545083007058,0.2860249111721408
0.38282323540742036,0.3110613059562773,0.3061154586363023
0.37853329742832176,0.3098582701073928,0.3116084324642855
0.40007001447465607,0.3090637775862866,0.2908662079390574
0.3682061974085272,0.3136786685668467,0.3181151340246259
0.38086365766621294,0.30923496124009875,0.3099013810936887
0.41054280069025273,0.3112612639760962,0.27819593533365083
0.3864428601348735,0.31319934951261447,0.3003577903525122
0.39009016548134356,0.3186761554828662,0.2912336790357902
0.38308846665151974,0.307939268328427,0.30897226502005315
0.41516094137593795,0.3134515477746246,0.27138751084943774
0.3923574370539938,0.30626917024423844,0.3013733927017678
0.38832463665546035,0.30622563067966657,0.3054497326648732
0.38244380569650227,0.31750293564888976,0.30005325865460775
0.36272094868800775,0.3115198140234694,0.32575923728852285
0.38156202602322836,0.3101652486301121,0.3082727253466595
0.3899536799973463,0.3140075795963109,0.2960387404063428
0.3985154102663639,0.30737391904316946,0.2941106706904667
0.3728444590100061,0.30852129332120304,0.3186342476687909
0.38308927300185136,0.310077224217723,0.3068335027804254
0.36455007259748357,0.3159233474402962,0.31952657996221984
0.401847555068501,0.3087295935314738,0.28942285140002527
0.37647601013907583,0.3080679834577002,0.315456006403224
0.37002796135003707,0.3105667689768552,0.3194052696731079
0.35872286475581805,0.323174976717422,0.31810215852675994
0.4100991239076902,0.3080207929538673,0.2818800831384425
0.38684530440699694,0.31304401938714865,0.3001106762058545
0.3805825554847822,0.30838645369349765,0.31103099082172003
0.4081206022413848,0.30860154025385145,0.2832778575047639
0.3870268602380425,0.3047433590771565,0.30822978068480106
0.39717347018636584,0.31134443300854664,0.29148209680508763
0.4116933566505998,0.3108240269562289,0.2774826163931714
0.36355634974927764,0.3163798661450369,0.3200637841056854
0.3908316612020346,0.31022064793629295,0.2989476908616725
0.3797735971974823,0.3073977965139864,0.31282860628853104
0.37060107022292366,0.31124926089205585,0.3181496688850208
0.4049388630289699,0.3097240415874711,0.28533709538355895
0.356414497592454,0.3157533563130869,0.32783214609445926
0.36702474047043954,0.3122592071046715,0.3207160524248891
0.3730406749581754,0.3128203995711964,0.3141389254706281
0.37007734386013036,0.3119936797973314,0.31792897634253847
0.3724621797051414,0.30806149563240726,0.3194763246624512
0.39179787682177125,0.3043088010709626,0.30389332210726605
0.37810410228182234,0.3079848705558114,0.31391102716236624
0.36990176013662956,0.31005912253580153,0.320039117327569
0.3873672173865831,0.31001784960636414,0.3026149330070528
0.40135403547923443,0.3081279156366449,0.2905180488841205
0.36283562478997866,0.3130973142393016,0.3240670609707196
0.3891208842256642,0.30979037932193626,0.3010887364523996
0.3722373163645709,0.3075324988476822,0.3202301847877469
0.37548366925381765,0.31675752075909136,0.307758809987091
0.39413302122070215,0.31118289042757585,0.2946840883517221
0.4077644982914128,0.3046637436642692,0.287571758044318
0.40362658766446446,0.3051187443155924,0.29125466801994293
0.38775992793735614,0.3067403873114327,0.30549968475121125
0.40735926465815653,0.3104960473554357,0.2821446879864079
0.40173616307254545,0.31026382078172343,0.2880000161457312
0.38460155578520394,0.3099771563261209,0.30542128788867523
0.39037348215575096,0.3101617878026507,0.29946473004159824
0.39440548157802124,0.30898297468535807,0.2966115437366211
0.3695282377608886,0.30963883842304485,0.3208329238160665
0.40658348887396,0.30900101537492963,0.28441549575111036
0.3728719062118398,0.3083188839647976,0.31880920982336247
0.39495433949756664,0.30678062650313576,0.2982650339992977
0.3933066289361067,0.31213081370826573,0.29456255735562753
0.386947922602921,0.3116890832228477,0.3013629941742313
0.3872288270882418,0.31078536774937626,0.30198580516238205
0.39004238006610253,0.31633833196505995,0.2936192879688375
0.39295727399906216,0.3046343229230839,0.30240840307785377
0.38605155775962396,0.3062732485745242,0.3076751936658516
0.38042993470973063,0.3175553476726353,0.30201471761763415
0.3863155984838076,0.31139326161711756,0.3022911398990751
0.36445767325297174,0.311463723818833,0.324078602928195
0.3939719320870445,0.3110435169661044,0.29498455094685105
0.38518071889436784,0.3155389371890266,0.2992803439166055
0.3705088846331821,0.3104647756344181,0.3190263397323997
0.3511643195280984,0.31960263875728084,0.329233041714621
0.3891727900672713,0.31455307789031833,0.29627413204241015
0.40508826875629206,0.31111811247340526,0.2837936187703026
0.39116733492003075,0.3045092190129817,0.30432344606698725
0.401647394990283,0.3057404894218239,0.29261211558789324
0.3717114982287696,0.31179956742205317,0.3164889343491775
0.3655927416966619,0.31087715039261204,0.32353010791072634
0.40162243864961633,0.31146618970055795,0.28691137164982605
0.40417169768921035,0.3099844806789188,0.28584382163187066
0.3949328926531618,0.30730658346465123,0.2977605238821872
0.38892054908210405,0.30745185299158195,0.30362759792631433
0.38724217311147663,0.30956405580539914,0.3031937710831248
0.4095166600796137,0.31288719220112854,0.27759614771925784
0.3838696547244918,0.31780002396605994,0.29833032130944837
0.35577872962815593,0.31588961429728313,0.3283316560745607
0.3630037368610945,0.31216167877251544,0.32483458436638973
0.4018642939478627,0.30759949945461457,0.290536206597523
0.40358171202649434,0.3088037596482255,0.2876145283252799
0.3644740033613797,0.31982727954025103,0.3156987170983693
0.36360745783042725,0.3110942735257396,0.32529826864383304
0.38802357081153405,0.3121528411150781,0.2998235880733878
0.35891743658413255,0.31621838741289654,0.32486417600297096
0.39656637711286347,0.30781724739699245,0.29561637549014397
0.36572851619852137,0.3107764680591809,0.32349501574229755
0.38604344144496394,0.306756904191836,0.30719965436319996
0.39090982280849373,0.31424986676148225,0.29484031043002423
0.385572131962479,0.30902116228570087,0.30540670575182
0.39343422485390284,0.309052471126536,0.2975133040195612
0.39233647757511436,0.3067189076044398,0.300944614820446
0.375549833680178,0.30791070590695496,0.3165394604128672
0.4161969709708798,0.31284939231333203,0.2709536367157883
0.3687316772609811,0.33361166911578155,0.29765665362323734
0.3792319315488491,0.30944877801238635,0.3113192904387648
0.3821118586879032,0.3165228135510295,0.30136532776106734
0.38445283265627106,0.3141401485156088,0.30140701882812004
0.37919613592208146,0.30739284718219606,0.3134110168957227
0.37395309163567136,0.3074142571485269,0.31863265121580187
0.3799328069003992,0.3066475780229028,0.3134196150766981
0.3727384228493479,0.30858913406170063,0.31867244308895143
0.38927737797647394,0.3147098076605401,0.2960128143629861
0.39141374096800974,0.30824649789973013,0.30033976113226
0.3749212780862983,0.3084234521986032,0.3166552697150983
0.3759049377136724,0.31062173274766935,0.3134733295386584
0.40272332085320467,0.31957344107162744,0.27770323807516806
0.36803597050977555,0.31267128634874897,0.3192927431414755
0.37230243088120696,0.311550793919931,0.31614677519886203
0.40860355689465866,0.3108384261735203,0.2805580169318213
0.40287423736027195,0.31083352601588016,0.28629223662384773
0.4068411144674412,0.3093398879900011,0.28381899754255785
0.4095397442017531,0.3121595285725667,0.27830072722568044
0.41725833747461893,0.31075007861596404,0.2719915839094169
0.37602826397970446,0.3109026267262515,0.3130691092940441
0.39991442982950276,0.30913737136880426,0.2909481988016933
0.37565148803860304,0.30721999082550017,0.317128521135897
0.34425683302099386,0.3266329212336789,0.3291102457453272
0.39446626509333715,0.30656568442470633,0.2989680504819564
0.37261524377747346,0.30924747622856313,0.3181372799939637
0.38586027549987234,0.3086974692785713,0.30544225522155677
0.38459900229943195,0.31631110753527536,0.2990898901652924
0.394165797724356,0.30739173897219824,0.2984424633034457
0.3948832547044501,0.31120410252153824,0.293912642774012
0.39259785142134995,0.30823164746835957,0.29917050111029053
0.3731864523013708,0.30848677284794346,0.3183267748506855
0.3688605083920382,0.3102579114975655,0.32088158011039647
0.41352058303373856,0.311745124167707,0.2747342927985543
0.38455875438642484,0.31112585759854283,0.30431538801503255
0.36976526785498665,0.31149234199488307,0.3187423901501304
0.37508646107974786,0.30728178529824085,0.3176317536220113
0.39368666358435844,0.31207576260716596,0.29423757380847537
0.37724270632109114,0.32243736541616297,0.3003199282627458
0.3928975915812917,0.3125221141367345,0.29458029428197385
0.3583806872951512,0.31447539630413823,0.3271439164007107
0.37108840073285654,0.3109550327850378,0.3179565664821056
0.3757602545661655,0.31456433519735405,0.3096754102364805
0.3774215800218382,0.3131198035051576,0.3094586164730039
0.3927428183300453,0.3065091541060043,0.30074802756395047
0.37171955337659246,0.31134228802476366,0.31693815859864416
0.3884380849255071,0.31114576424605717,0.3004161508284358
0.3770372967351981,0.31767441451959616,0.30528828874520575
0.37334199517369,0.3100674459351022,0.3165905588912079
0.3876954462460764,0.30785370944627616,0.30445084430764724
0.3895296321854155,0.3068660855944379,0.3036042822201469
0.391632911708679,0.30998305456456016,0.29838403372676103
0.3933537295991386,0.30870732853793703,0.2979389418629244
0.38471025264742786,0.3115630145668952,0.303726732785677
0.4047803731342431,0.3110796800639727,0.28413994680178406
0.3827904442029121,0.30601990407059376,0.31118965172649404
0.4106410684362498,0.3148675779488915,0.27449135361485894
0.37119024799866557,0.3089488302573429,0.3198609217439916
0.399929176514483,0.3101288220396013,0.2899420014459157
0.38361075647081316,0.30873872320699586,0.3076505203221909
0.3724684613325534,0.3096654773911899,0.31786606127625683
0.3698429509538353,0.3137660509979036,0.3163909980482613
0.3768333501294332,0.307464913636317,0.3157017362342498
0.3596339447725869,0.31370600259116294,0.3266600526362503
0.3870365512737402,0.3080567906246424,0.3049066581016172
0.3947948064699563,0.31218354194577314,0.2930216515842706
0.359310882993484,0.31380041746201437,0.3268886995445014
0.3729503740599769,0.3156085259864655,0.31144109995355757
0.4089631999952186,0.3087435512381784,0.28229324876660294
0.37663522222724816,0.308259001483485,0.31510577628926667
0.375061585371362,0.317016924536634,0.30792149009200387
0.3829854977533798,0.30693374934161094,0.31008075290500947
0.3799949217507258,0.30681560178232853,0.31318947646694545
0.39046140325039164,0.30931895925148556,0.30021963749812275
0.38476274274183947,0.311676853100043,0.3035604041581176
0.3918529107980167,0.3135466341638197,0.29460045503816346
0.3704451640247074,0.3092263040561323,0.32032853191916
0.37080319806861495,0.30965993161944194,0.3195368703119431
0.3724874527835662,0.311602601316381,0.3159099459000527
0.3861964754281956,0.3059291676943107,0.3078743568774938
0.3807008555068626,0.31372409994540856,0.3055750445477291
0.3922079266287821,0.3069577866350249,0.30083428673619306
0.37938706591593996,0.3101645644447943,0.31044836963926586
0.3811778914030365,0.30877074800316107,0.3100513605938023
0.38631029161448865,0.310317910341631,0.3033717980438804
0.3927721891693543,0.30553844940271746,0.30168936142792835
0.36639043622053347,0.31201831030582233,0.32159125347364403
0.3920243841291903,0.315653618101576,0.29232199776923357
0.3875752607627118,0.31374496222159676,0.2986797770156915
0.3829495201805176,0.3060610658321021,0.31098941398738034
0.38220035546582215,0.3071135469916403,0.3106860975425378
0.3769043338903066,0.30728053967354624,0.3158151264361473
0.3865206863929609,0.30885110918078734,0.3046282044262518
0.36408526710288414,0.31167803590649246,0.3242366969906235
0.3896629606766764,0.3054428537294868,0.30489418559383674
0.3889723148719223,0.31437276065574493,0.29665492447233266
0.37799343647343664,0.3083820804174057,0.31362448310915747
0.3944133811655087,0.3092509803047497,0.2963356385297417
0.40341153055024626,0.31146518312320637,0.28512328632654715
0.36629265632574814,0.3099797458376043,0.32372759783664745
0.38269201466412023,0.3131302760513345,0.3041777092845454
0.38411878820597223,0.3069447178652721,0.3089364939287558
0.39147374685262676,0.30634573644394236,0.3021805167034311
0.40628385723944127,0.31175114841021156,0.28196499435034716
0.430577968817083,0.3223299787929391,0.247092052389978
0.383506764617944,0.30722399470782047,0.3092692406742356
0.3975303552474861,0.30882965097762516,0.2936399937748889
0.39369948104949964,0.3057340590182347,0.3005664599322657
0.352095622197433,0.31814871963256175,0.3297556581700051
0.3803423999593929,0.3068245763240268,0.3128330237165804
0.39506987630284573,0.31129479007636585,0.29363533362078836
0.41379958631817976,0.3129092924949009,0.2732911211869193
0.38935445332992547,0.31045344811417186,0.3001920985559029
0.3978244207422944,0.3127556217378403,0.2894199575198652
0.3885420378933405,0.31274238059168635,0.2987155815149733
0.3682997706717144,0.31151414018122026,0.3201860891470655
0.3933382670601534,0.3116660423481345,0.29499569059171205
0.39776321463971637,0.3099545784833284,0.29228220687695555
0.39459175907548005,0.309691567981742,0.2957166729427779
0.3861379370778205,0.3072438119298635,0.3066182509923161
0.4012855083059811,0.3097641936662048,0.2889502980278143
0.39397715013730006,0.3069538494440458,0.29906900041865436
0.38583923546305743,0.31117819792500545,0.30298256661193707
0.37662901838601737,0.3079377256153936,0.3154332559985892
0.36056191245357405,0.31473972597693206,0.3246983615694939
0.391029827542793,0.3136298500125413,0.29534032244466574
0.38244586781070367,0.30808703962124684,0.30946709256804944
0.36973173775341706,0.31071695578227637,0.31955130646430663
0.3795864649754485,0.3064740238116009,0.3139395112129507
0.37518945394529096,0.30891008566887235,0.31590046038583697
0.3664671433601685,0.3105565339053119,0.3229763227345197
0.40523634918164964,0.308634069315458,0.28612958150289225
0.4198576875719315,0.3190912718551404,0.26105104057292805
0.3851946889161667,0.3078702753168883,0.3069350357669449
0.3917318800018122,0.31323551876944616,0.29503260122874153
0.3866077560585722,0.30976469088719516,0.30362755305423245
0.3916816593041159,0.3072689778593274,0.30104936283655687
0.38149467779116475,0.30969817475809935,0.3088071474507358
0.39347769664209475,0.31212882167771877,0.29439348168018636
0.3906618935625741,0.30556365983817524,0.3037744465992507
0.4010472469039866,0.3150478901590337,0.2839048629369795
0.36924216386693354,0.309571261074041,0.3211865750590255
0.39939833090466714,0.31094440947912416,0.2896572596162087
0.40090537862429804,0.30652566503047,0.2925689563452321
0.37922421452378485,0.30782628729721195,0.31294949817900314
0.3745145832933151,0.30987391919195184,0.31561149751473294
0.3764943089746881,0.32469934688344837,0.2988063441418635
0.409891217808092,0.31033170072949223,0.27977708146241553
0.39808143538969437,0.307023791222758,0.2948947733875476
0.3933688032361659,0.30666285798683734,0.29996833877699663
0.3608258154470041,0.3180458269426085,0.32112835761038716
0.3612509456489509,0.3158088167840016,0.3229402375670479
0.35779610459988737,0.31549581840506047,0.32670807699505244
0.39459246285603045,0.3076031503944764,0.2978043867494933
0.37884270621812616,0.3091480070089092,0.3120092867729648
0.37626975134601903,0.31852305926866065,0.3052071893853204
0.37179379402244234,0.31155907291351,0.3166471330640478
0.3983187979566449,0.31077507643462077,0.29090612560873447
0.40568777770127656,0.31067350407296923,0.28363871822575404
0.3788005318429996,0.3083825781286736,0.3128168900283264
0.3967752344384815,0.3142849416321141,0.2889398239294042
0.3895653987440272,0.3060601283101837,0.30437447294578923
0.3742318189709508,0.3125735492149585,0.3131946318140906
0.39280495993534253,0.30863896750969005,0.2985560725549673
0.38950717496498855,0.30664902210668454,0.303843802928327
0.36918489081338896,0.3103667102825531,0.3204483989040581
0.36670937540193876,0.3123855546409754,0.3209050699570856
0.37409338165250766,0.30914255122591683,0.31676406712157557
0.38530241240702745,0.30704295051403974,0.3076546370789329
0.3938353824677817,0.3116424602577269,0.29452215727449127
0.3850461294392502,0.31720980014175226,0.2977440704189976
0.4151618941657421,0.3115993372813588,0.27323876855289886
0.3660516041333609,0.3099893477249633,0.3239590481416762
0.37078667977976765,0.30970382966554916,0.3195094905546833
0.3700591617444799,0.3163272639584743,0.3136135742970456
0.3811404655336956,0.30934611984479743,0.3095134146215071
0.3745957941339297,0.3144216831235221,0.31098252274254823
0.3720433295599641,0.3114576174700023,0.31649905297003367
0.35868756550497227,0.32387803304297336,0.31743440145205437
0.4187835067705317,0.31230442907207767,0.2689120641573904
0.40829343705088744,0.3120182079970371,0.2796883549520751
0.39082648353874117,0.3134413850829654,0.2957321313782937
0.39547030108591796,0.30924235529070776,0.2952873436233745
0.39263487475194675,0.30576039598200266,0.3016047292660504
0.36330467144771095,0.31119673225402755,0.3254985962982618
0.39011815967882124,0.3189077823471298,0.29097405797404874
0.3823762523290133,0.30811499624580285,0.30950875142518397
0.4049063524870652,0.32558743827468317,0.2695062092382515
0.3633239014731102,0.31207747231624977,0.32459862621063973
0.3715755644732818,0.3089663507341144,0.3194580847926034
0.39270021270254546,0.310815567489445,0.2964842198080099
0.3820004400993146,0.30871112107621046,0.30928843882447526
0.3868504033518232,0.30828030149484253,0.3048692951533344
0.36695591994274956,0.31206281414375364,0.32098126591349707
0.403805257772362,0.3103326839835837,0.28586205824405425
0.4045095298555207,0.30907502480024784,0.2864154453442317
0.38394366658252055,0.3071998136056554,0.30885651981182405
0.3815552668119988,0.31904825220980026,0.2993964809782011
0.3772184611927148,0.30647546284139193,0.3163060759658932
0.4067486707262512,0.31131225405491536,0.28193907521883343
0.3640759824923666,0.31116496928401594,0.32475904822361745
0.3729321257816438,0.3159066846661458,0.3111611895522104
0.3528500958055871,0.31844382448042746,0.32870607971398524
0.356267472130524,0.31677205298918476,0.3269604748802911
0.37816858570384454,0.3128148310011503,0.3090165832950051
0.3990491399150584,0.3058805566515175,0.29507030343342416
0.40597353094569966,0.3088831064586168,0.2851433625956835
0.3653819979727392,0.3115660309621818,0.32305197106507877
0.4054563774900253,0.30599132456431705,0.28855229794565745
0.39486206529095613,0.308516552384163,0.2966213823248806
0.3847315268137966,0.30690347514153865,0.3083649980446645
0.37336382292862086,0.31234011545714635,0.3142960616142327
0.4095185109001054,0.31698333428254133,0.2734981548173534
0.400003464377439,0.30787117531012276,0.2921253603124378
0.3750647079756072,0.30655562949443105,0.3183796625299616
0.36631940270635327,0.3113089830491116,0.32237161424453553
0.37548833649576463,0.30762418136187974,0.31688748214235574
0.38677647201990106,0.3105605767999013,0.30266295118019754
0.3885426861931833,0.3142994028659877,0.2971579109408287
0.34612550926750896,0.32884750099147925,0.3250269897410117
0.36392919509486216,0.3134223770180611,0.3226484278870768
0.4047243142157755,0.32873738827738486,0.2665382975068399
0.4012652978965159,0.30888992767256435,0.28984477443092005
0.3731450723008244,0.32337900251774365,0.3034759251814323
0.37649328626052825,0.3088334621956378,0.3146732515438341
0.3889468367041148,0.3119784919815567,0.2990746713143286
0.36902934182423064,0.30949336986080445,0.32147728831496497
0.3817096928295399,0.315580227856583,0.30271007931387706
0.41848732890259344,0.3144107754749409,0.267101895622466
0.3889197259084783,0.30629619728396434,0.30478407680755726
0.38922734495781164,0.3069075011855793,0.30386515385660917
0.39179501643948367,0.3125210604596941,0.29568392310082225
0.38410182423699063,0.3099001935976898,0.30599798216531926
0.40173548672985604,0.3084217694594681,0.2898427438106762
0.37152926758336957,0.3273939186158176,0.30107681380081264
0.37882643235974794,0.32476480475679376,0.2964087628834583
0.40908139704185736,0.3110489357463876,0.279869667211755
0.38030351067258,0.30691229891715754,0.3127841904102626
0.3698274947873378,0.3090855959995429,0.3210869092131189
0.37919943689659663,0.30895140682302336,0.31184915628037996
0.3979410425904919,0.3068923475429929,0.295166609866515
0.408228127341618,0.3105127431487028,0.28125912950967913
0.37764977546725925,0.3131310292858218,0.3092191952469191
0.38225437258249567,0.3064596929374677,0.3112859344800365
0.4079724318081353,0.3096700055237799,0.28235756266808476
0.3844836253874554,0.3098707986111191,0.3056455760014255
0.36933997722710843,0.3090857887303166,0.32157423404257496
0.3814419549688017,0.3120580392375243,0.30650000579367387
0.3644029903438669,0.3114112575831626,0.32418575207297046
0.366533760253156,0.3114098315161015,0.3220564082307426
0.38784135940065045,0.31500714737290847,0.2971514932264411
0.3807203362069652,0.32075411633541573,0.29852554745761906
0.37630337878854975,0.3074484873439525,0.3162481338674973
0.3822661334888057,0.3105988556162675,0.3071350108949269
0.41629878485739624,0.31661857625401785,0.2670826388885859
0.37524291300340473,0.3134153094818549,0.3113417775147405
0.39779064301632294,0.30651552274665594,0.29569383423702134
0.4013806000150798,0.30816956628405334,0.2904498337008672
0.37407475678840707,0.3105426385570519,0.31538260465454127
0.3923174507135524,0.3049529703367342,0.30272957894971353
0.37991700459210803,0.3111905492449164,0.30889244616297545
0.38419116657144037,0.3108108779464098,0.30499795548214975
0.3631700712072497,0.3115310916904006,0.32529883710234964
0.3947418678876601,0.307784408634989,0.29747372347735096
0.39143275879221584,0.3197557819764442,0.28881145923133994
0.36223232677546674,0.31242228438510933,0.325345388839424
0.37349658910069145,0.3156089763103287,0.31089443458898014
0.3860576952511652,0.30466180332301657,0.3092805014258181
0.3838167318444664,0.30557405152770256,0.3106092166278308
0.3825958925987805,0.3074011308216163,0.31000297657960346
0.3845688325828796,0.30753552128859124,0.3078956461285292
0.3882923088077145,0.3142424479763821,0.2974652432159035
0.40144114298385075,0.3080747502497035,0.29048410676644576
0.4002394921751905,0.3100830273286135,0.289677480496196
0.38460762510517105,0.3096396864247901,0.30575268847003906
0.36875561417651453,0.30950871485476267,0.32173567096872296
0.39227223403896816,0.3068179690183692,0.30090979694266257
0.39333644545628377,0.3056674491517496,0.30099610539196664
0.3975080465934009,0.31063708358285114,0.2918548698237482
0.36465285883429,0.31123184339918053,0.3241152977665295
0.3932913064258231,0.30245259391211843,0.30425609966205824
0.41553121666676773,0.3150104873252222,0.2694582960080101
0.4148910491437426,0.31220367069571653,0.27290528016054105
0.36427045713628353,0.3130109055245896,0.322718637339127
0.38493761968021395,0.3066793879083068,0.30838299241147943
0.3735239895343897,0.3096867753103427,0.3167892351552676
0.40532508452360927,0.31267672257382234,0.2819981929025685
0.3961962835396673,0.3098218215394264,0.293981894920906
0.3718521490117736,0.31883499719267294,0.3093128537955535
0.38943771706469793,0.30937128771849226,0.3011909952168099
0.37268656851093557,0.3089708254807304,0.3183426060083341
0.40825088823726463,0.3096110816802671,0.28213803008246824
0.3532113762620846,0.32007130982116694,0.3267173139167483
0.3740387708265902,0.31285679036531366,0.3131044388080962
0.3692690137502899,0.311070691540776,0.31966029470893403
0.35326704387376673,0.3289852414391857,0.3177477146870476
0.38850313453848556,0.30546417546105104,0.30603269000046307
0.39078934436271784,0.3054517117821105,0.30375894385517144
0.3914004960809248,0.30675833304086086,0.3018411708782146
0.3954587575921785,0.3089969921478289,0.29554425025999276
0.35868943074326753,0.3139909967229162,0.32731957253381605
0.369641903116107,0.31186182025481085,0.3184962766290821
0.3761294714352293,0.312504735011111,0.31136579355365973
0.3838494782852442,0.31781153157625247,0.2983389901385035
0.37977152978677076,0.3066068794972827,0.31362159071594653
0.3579292248195464,0.31457805069610445,0.3274927244843489
0.39332235762176837,0.3058578525925624,0.3008197897856694
0.4062230551339771,0.30942391285377435,0.2843530320122487
0.3632739717020021,0.3294534096190844,0.30727261867891337
0.38755783002432886,0.3171660205646283,0.29527614941104285
0.4041711556395566,0.31152032349936587,0.28430852086107744
0.3899437964162683,0.3086744473377253,0.3013817562460062
0.37936571926148277,0.3106698139055473,0.3099644668329701
0.37983705508544113,0.31248564120653993,0.30767730370801916
0.39800539026888043,0.30949155238663684,0.2925030573444827
0.40836712322527025,0.313625433087229,0.2780074436875007
0.37884095511891663,0.30591889106579584,0.3152401538152876
0.3982317571914466,0.3089870735300455,0.2927811692785076
0.36976252414779043,0.3253947711379833,0.30484270471422614
0.34476760100476966,0.3239824600340279,0.33124993896120236
0.392545124071852,0.31345432609903773,0.2940005498291103
0.3619020426121932,0.31240771197474937,0.32569024541305724
0.38526917903457064,0.30777388228270053,0.30695693868272905
0.3965219670742441,0.307268644029118,0.29620938889663806
0.4033756543653139,0.3074853794666392,0.289138966168047
0.3820608108106241,0.30788399426336066,0.3100551949260154
0.40171040343343173,0.3085724916722883,0.28971710489428015
0.39439831035014844,0.3220190414290526,0.28358264822079854
0.38288707942903094,0.3082673011866289,0.30884561938433996
0.3827445845280115,0.3106046831143813,0.306650732357607
0.3843653758916404,0.3049044114329086,0.31073021267545115
0.38057353557272894,0.30585264000853307,0.313573824418738
0.37641719005991886,0.318614628532164,0.3049681814079176
0.3829593146843084,0.31098778283259737,0.30605290248309436
0.37601893095747463,0.3110759854228747,0.3129050836196511
0.39973126002515796,0.30567892585364076,0.2945898141212011
0.3641188111736634,0.3276584424044212,0.3082227464219156
0.3808461288460994,0.31877570660958826,0.3003781645443125
0.3936280974467633,0.3120895130153173,0.2942823895379196
0.38150529410114264,0.30724570314983823,0.311249002749019
0.3917503361310424,0.30973796968019274,0.2985116941887648
0.3607695808369316,0.3135063499656937,0.3257240691973746
0.37377723589618417,0.310092311528626,0.31613045257518957
0.3932466517050502,0.3204669492741968,0.286286399020753
0.3743133773085919,0.3096487866616884,0.3160378360297197
0.38599438323643637,0.31298469726267364,0.3010209195008899
0.37587204551039105,0.30978619100571114,0.3143417634838978
0.3860425242952306,0.31221342674716135,0.3017440489576082
0.388591895649537,0.31089119399194864,0.30051691035851436
0.4039913297937583,0.32134206924117575,0.274666600965066
0.3913642894084709,0.3134136293498946,0.2952220812416346
0.400594377738667,0.3101532597004926,0.2892523625608405
0.4060148817811481,0.3098698535376314,0.28411526468122045
0.36053007666237935,0.31578620388567047,0.32368371945195024
0.3572713268493895,0.32435815076592334,0.31837052238468766
0.37589748443878657,0.30832343175656485,0.3157790838046483
0.3682267060830103,0.3102050967285732,0.32156819718841684
0.36481703831605816,0.31102683358902417,0.3241561280949178
0.39825268641224587,0.3082582434085707,0.2934890701791834
0.3671861310507664,0.30989921154511185,0.32291465740412184
0.3472092976030703,0.3246067904189679,0.3281839119779618
0.37291174243507275,0.3134238619051043,0.31366439565982296
0.4030150520922811,0.3115954160299694,0.28538953187774985
0.36872805404704434,0.3099392213116837,0.3213327246412719
0.39791582768990486,0.3081307318267231,0.2939534404833718
0.40812300638681587,0.30971611233420837,0.28216088127897593
0.3828165801781155,0.3061438484199974,0.31103957140188737
0.37363502754121153,0.3199576277635333,0.3064073446952549
0.4033589734529715,0.32058569440004,0.2760553321469885
0.3674301672305357,0.3117075552670915,0.32086227750237295
0.37795144400856057,0.3108013443340222,0.3112472116574173
0.4031811030554371,0.3089887655296534,0.28783013141490965
0.39603451846112864,0.3089073414886857,0.2950581400501858
0.38627720873845256,0.30501847154886513,0.3087043197126823
0.3620186563097515,0.31246995821985,0.3255113854703987
0.38666262426240394,0.3092785416883685,0.3040588340492278
0.36560246460069795,0.31001183630313744,0.32438569909616494
0.36399126230373724,0.3112529764057125,0.3247557612905503
0.3720604971254871,0.3147012536020337,0.31323824927247923
0.4089657666616556,0.3081201985323634,0.28291403480598093
0.3863657920257887,0.30881101193928456,0.30482319603492686
0.4185033958465534,0.3156568468167975,0.265839757336649
0.3722984856286956,0.30886993282637465,0.31883158154492974
0.3756079267322673,0.3081864465112671,0.31620562675646563
0.384223146510921,0.31489967360169696,0.30087717988738216
0.3688622000774815,0.30954616196220686,0.32159163796031165
0.40135319448211776,0.30543174481762947,0.29321506070025233
0.40899311394112425,0.30833991679270917,0.2826669692661666
0.3734621088984985,0.31294298782681185,0.31359490327468975
0.38906888422296704,0.30524883284342874,0.3056822829336044
0.41339253571696943,0.30979158036380317,0.27681588391922746
0.3695148601419704,0.31428581905497865,0.3161993208030509
0.409114284584037,0.3093602334656216,0.2815254819503411
0.38154121065236657,0.30716116353894657,0.3112976258086867
0.4143397520044301,0.3108169753418041,0.27484327265376607
0.3764040292929557,0.3111280218716899,0.31246794883535445
0.37140867875041417,0.30875129365623893,0.31984002759334695
0.3715966919515504,0.3109951185080864,0.3174081895403633
0.39333634272850343,0.3081520579140163,0.2985115993574804
0.3814931025984279,0.31882198551436247,0.2996849118872095
0.3732852996291054,0.30861831582377597,0.3180963845471187
0.3850776846539482,0.3115706147563888,0.303351700589663
0.4025034169439566,0.30568735362870153,0.2918092294273419
0.3520507902325542,0.3199143679851181,0.32803484178232734
0.39719793797483,0.30785176410649284,0.2949502979186771
0.40338610071508857,0.3073957710286088,0.289218128256303
0.40599432032195204,0.31323125684133724,0.2807744228367107
0.37785141208250755,0.3095531939643453,0.31259539395314706
0.379597709698984,0.3099114973288872,0.3104907929721287
0.3900571990958549,0.305873629735079,0.30406917116906584
0.3864312413717406,0.31137482492022994,0.3021939337080295
0.3876469293026362,0.31268681992916814,0.2996662507681952
0.3755390316816819,0.3111872155585054,0.3132737527598126
0.3959100035872556,0.30794959432158897,0.29614040209115544
0.38466618247118767,0.3047977414436855,0.310536076085127
0.3733753586838883,0.3218973483259346,0.3047272929901771
0.3904614329350831,0.3148978049997275,0.2946407620651895
0.3636159946055282,0.3107370292725295,0.3256469761219424
0.41084272196737703,0.3114296061567084,0.2777276718759145
0.3861894409725458,0.3150789397487975,0.29873161927865666
0.390282144754588,0.31147777129860177,0.2982400839468102
0.3675189757935355,0.3099520801418015,0.32252894406466354
0.38801549876374397,0.3097951661718351,0.30218933506442097
0.39482643518794064,0.307770522843593,0.2974030419684661
0.3891321683826843,0.31454042173097796,0.29632740988633777
0.39811173428374547,0.3069042470674145,0.29498401864883994
0.3781787229916379,0.3130353402232997,0.30878593678506233
0.38301694857044816,0.30568301734965775,0.31130003407989404
0.3596624211017806,0.3133017659852587,0.32703581291296036
0.3686626468093924,0.3092237661998454,0.32211358699076226
0.38234124859104096,0.3063505831116266,0.31130816829733204
0.381467226328444,0.3199662421534011,0.29856653151815477
0.41334294986167824,0.3105239228300749,0.2761331273082471
0.3731074239559962,0.30713350683161467,0.31975906921238917
0.38726636357223904,0.3149732078851131,0.2977604285426481
0.35965395753323753,0.3132446428388049,0.3271013996279578
0.3807455140428753,0.3191921559139202,0.30006233004320454
0.3707705454119389,0.30923779678698526,0.3199916578010757
0.38360202651663455,0.3080987076114593,0.30829926587190626
0.3598398177466454,0.31579242866372825,0.32436775358962655
0.396022460548477,0.30509974498896436,0.2988777944625587
0.36246399141898444,0.3125840876027631,0.32495192097825254
0.3774822765954565,0.30873689516760305,0.31378082823694026
0.37468456205651524,0.3094337142799625,0.3158817236635224
0.3898341385088875,0.3045627024689348,0.30560315902217783
0.4020501895925028,0.30897734707618785,0.2889724633313095
0.4040031760615488,0.30792364868861466,0.2880731752498366
0.411919636823072,0.31118669798141374,0.2768936651955144
0.3814144998484474,0.3064592593329044,0.3121262408186486
0.39655887654685973,0.30542069592897103,0.2980204275241696
0.38025219510840813,0.3126460613390474,0.3071017435525445
0.36986119409185136,0.309261472351814,0.3208773335563344
0.38105104872522344,0.3066666804390731,0.31228227083570337
0.3661410549582607,0.310333627136898,0.3235253179048408
0.4063911193951851,0.3134213516702548,0.28018752893456034
0.40775487651113573,0.30895916356267483,0.2832859599261892
0.3605165759819989,0.3137974872653372,0.32568593675266383
0.3535126227690582,0.3194941482148132,0.3269932290161286
0.36486927165236804,0.31360255645428325,0.3215281718933488
0.38275287839286054,0.3089951962466301,0.30825192536050927
0.36942264881692677,0.3088229060437625,0.3217544451393108
0.40049043738116585,0.31056722527815417,0.28894233734067976
0.3634392861917076,0.3118370409340112,0.324723672874281
0.3622333060369662,0.3118370982022479,0.3259295957607858
0.39287645984419206,0.31295587529054014,0.2941676648652678
0.37672106922928317,0.30902567486038945,0.3142532559103274
0.38250772997798616,0.30845921365505485,0.3090330563669589
0.38440372833373826,0.31026164559156943,0.3053346260746924
0.39679273724210334,0.30818856372335657,0.29501869903454
0.4001333734444816,0.31087177655954845,0.28899484999596986
0.3915266262613578,0.31286046449091215,0.2956129092477298
0.3824065447491201,0.30561132683785125,0.31198212841302864
0.35758777617949444,0.3160978899935183,0.32631433382698716
0.39715741018823003,0.3092049583313633,0.29363763148040667
0.37189918166990116,0.3093627494448366,0.31873806888526235
0.3828003467277549,0.31523440833479455,0.3019652449374504
0.37692571498358673,0.3097357528972807,0.31333853211913265
0.3956209340556238,0.3082531436841365,0.2961259222602396
0.3762350540839123,0.30970115372713425,0.31406379218895353
0.3728483557805187,0.3092286024766061,0.3179230417428749
0.3582616333984753,0.3142377446823247,0.32750062191920004
0.37730727814438214,0.3182323847068911,0.3044603371487268
0.38323097193475675,0.3076359824163643,0.30913304564887883
0.3843952089455433,0.30789629003821584,0.3077085010162411
0.3804620419788918,0.3188364166880512,0.300701541333057
0.37713082097727646,0.3098484471085031,0.31302073191422053
0.4058187437325481,0.3071881094715518,0.28699314679590004
0.37886914057401866,0.31490071935806796,0.30623014006791344
0.3827892712610762,0.3059565063501511,0.3112542223887727
0.37325331724311994,0.31089142495647354,0.3158552578004067
0.3967597913105553,0.31060057782631645,0.2926396308631283
0.3807106459560289,0.3078988139742622,0.3113905400697091
0.36195297575367447,0.32115767845275256,0.3168893457935731
0.3676855550561998,0.31115866946531384,0.32115577547848667
0.4219579604502808,0.31764063980570534,0.2604013997440138
0.3852269604056309,0.30684741547441174,0.3079256241199571
0.383800117539384,0.3104096016934648,0.3057902807671514
0.3774213607494447,0.3240026703339068,0.29857596891664867
0.37560705185038146,0.3059812456432315,0.3184117025063872
0.36612254888842716,0.3110310553132265,0.32284639579834606
0.39592272697299574,0.3071496061225039,0.2969276669045004
0.37981546048266784,0.315876707341177,0.3043078321761553
0.35283790822857763,0.3209576076042732,0.3262044841671494
0.40469344449183536,0.30737421739519233,0.2879323381129725
0.3997325303608098,0.3076725794104916,0.29259489022869833
0.41881214171636016,0.31249392923758235,0.2686939290460577
0.39571773666101306,0.31189923827233246,0.2923830250666545
0.3707765783430641,0.31333307887958983,0.31589034277734596
0.392370785214806,0.30516812884116995,0.3024610859440241
0.3718377093296645,0.3074377612785325,0.32072452939180307
0.3943111344072682,0.31748978593251614,0.2881990796602157
0.3925189049979533,0.31351642887116593,0.29396466613088074
0.37987704546965456,0.3236006646260994,0.29652228990424606
0.3824009534579545,0.3091335288898073,0.30846551765223856
0.4009426511116479,0.3223089003549451,0.2767484485334072
