x,y,z
0.38522034917803616,0.3051828744701808,0.30959677635178295
0.3769114165846231,0.3093886114622326,0.3136999719531443
0.39050671013413374,0.3069925987024266,0.3025006911634396
0.3788094921460486,0.30817417283260273,0.31301633502134824
0.3763030881653858,0.309985490960424,0.31371142087419046
0.3853768645506559,0.30654475649915647,0.3080783789501875
0.3944399623878786,0.3045366887342097,0.3010233488779116
0.39679129258333107,0.3072590002535947,0.2959497071630741
0.37725132203959766,0.3093385279286317,0.3134101500317707
0.4024751977353479,0.30639955959914933,0.29112524266550277
0.38888974504227647,0.3065767398519907,0.30453351510573257
0.3789165258486207,0.3083843406905822,0.3126991334607972
0.37647249160629914,0.30952935109920204,0.31399815729449915
0.3972084569877344,0.31144176352197167,0.29134977949029406
0.3744486673951477,0.31102058695100093,0.3145307456538514
0.38066953366047884,0.3074642663192717,0.3118662000202493
0.3867678449087725,0.30731573341036345,0.305916421680864
0.38078739657578653,0.30752131996067206,0.31169128346354125
0.40002687807114395,0.3087161563947303,0.29125696553412583
0.38393079754406323,0.30622181930248094,0.30984738315345556
0.39000884741659014,0.3078295823227674,0.3021615702606424
0.39224265977146877,0.31097263099859407,0.2967847092299374
0.37660089852398587,0.30978012351300144,0.31361897796301286
0.39312064674492336,0.30931475098963784,0.2975646022654387
0.37465987107214044,0.3110273507940423,0.3143127781338173
0.39088509976108254,0.30510076117022766,0.30401413906868974
0.3779895330003701,0.30866914236966314,0.31334132462996683
0.38537305699290525,0.3057159949778631,0.30891094802923164
0.3969908363329101,0.3043462337775327,0.2986629298895572
0.3955604672130909,0.30650843634640584,0.2979310964405034
0.39108846053621266,0.3087590854663212,0.30015245399746604
0.40103354780170897,0.3094056432081738,0.28956080899011716
0.3835116837793061,0.306946383454769,0.3095419327659248
0.374826949615939,0.31086056993796807,0.31431248044609306
0.3748473576887527,0.31081930011484843,0.31433334219639875
0.37650651179584216,0.30954769215911515,0.3139457960450428
0.38250038699173305,0.3068409050212346,0.31065870798703205
0.39022799823584914,0.3057610988161153,0.30401090294803573
0.37479792866947914,0.31085272170565925,0.3143493496248616
0.39554047116861624,0.30880424067364964,0.29565528815773406
0.3921850737035351,0.3054835559828193,0.3023313703136454
0.3842605650750212,0.30474907323065975,0.31099036169431943
0.38242259428732,0.307415029382953,0.3101623763297272
0.3959739220982614,0.30933899787499686,0.294687080026742
0.40114916779235743,0.31085925222669175,0.28799157998095093
0.40516390879533415,0.307941201891253,0.286894889313413
0.3818781178859498,0.3072716841800926,0.31085019793395735
0.3965099563970631,0.30492073050824753,0.29856931309468926
0.3784859988171987,0.3085708870695585,0.3129431141132429
0.40449132474910604,0.304811415434336,0.29069725981655803
0.3816266386822599,0.30730584834147673,0.31106751297626345
0.383846615495173,0.3065544474590443,0.3095989370457825
0.4046201662452603,0.308374076017732,0.28700575773700787
0.38576003943293974,0.30551479335598813,0.30872516721107235
0.3904479374315542,0.30667649306755246,0.3028755695008936
0.379095885685141,0.3080225012227343,0.3128816130921245
0.3979966192152463,0.31140722621431316,0.2905961545704407
0.37850595347612975,0.30862976314823737,0.31286428337563305
0.39546954825681246,0.308309332683819,0.2962211190593685
0.38052457054928096,0.30733327581121245,0.3121421536395065
0.3790857032650784,0.3078550253045792,0.313059271430342
0.375971612352383,0.31004585948651453,0.31398252816110217
0.40271985152513107,0.30864292098531804,0.2886372274895508
0.3795570378335267,0.30768326109447647,0.312759701071997
0.3913205043840181,0.3071799413962152,0.3014995542197667
0.37633041736335204,0.30972081608507673,0.313948766551571
0.38664701520910255,0.30764836481449126,0.30570461997640613
0.3752577633041783,0.3105128544962314,0.31422938219959007
0.382490147006706,0.3066270154430892,0.3108828375502045
0.3984114335157247,0.31125668485137853,0.2903318816328969
0.38690878851024185,0.3061819493914603,0.30690926209829794
0.4000210940724465,0.30998265191102387,0.2899962540165295
0.39966839920944275,0.3056954386459658,0.29463616214459154
0.39356984741842455,0.30956246128716686,0.2968676912944088
0.3758848982393397,0.309930030869278,0.31418507089138237
0.38883293940357416,0.30505010687903555,0.30611695371739045
0.3789482713156761,0.3079350069262301,0.3131167217580939
0.40113122035509735,0.30869872099661977,0.29017005864828316
0.3852874166297781,0.3067714925849583,0.3079410907852636
0.3897175559804585,0.30669408128078235,0.30358836273875933
0.39761758357076543,0.31282392547907306,0.2895584909501615
0.39357007234917374,0.30641498042797755,0.3000149472228489
0.3844196589835182,0.30690151520493325,0.30867882581154865
0.3946290311355209,0.3061232842122512,0.29924768465222784
0.3783918705033214,0.3084970022572081,0.31311112723947054
0.3885115044696467,0.30477863601177724,0.3067098595185762
0.37349536648583703,0.31189269270754294,0.31461194080662014
0.3995321582473511,0.31130642955118015,0.28916141220146885
0.39493162720437036,0.30690383853034475,0.29816453426528505
0.39616883780794854,0.311984352267373,0.29184680992467865
0.38152843309821005,0.30714807472980526,0.31132349217198474
0.3846407322007909,0.3067780635551001,0.30858120424410895
0.37489319318493686,0.310680618993113,0.31442618782194975
0.386451238627442,0.30721059824469543,0.30633816312786255
0.38896496627916577,0.3066466275584719,0.30438840616236224
0.3748636148510667,0.31080086625308617,0.314335518895847
0.3859571549233148,0.3071166211543244,0.3069262239223608
0.3774550376758867,0.30923887457932275,0.3133060877447907
0.383981544839456,0.30708751092257075,0.30893094423797335
0.3786495215063398,0.3082858856394559,0.3130645928542042
0.3836965585342547,0.3075247712066127,0.3087786702591325
0.3758749006298324,0.30997271412124217,0.31415238524892497
0.3888846363102492,0.30579259618445837,0.30532276750529247
0.4032351953124905,0.30982703021790126,0.28693777446960805
0.3772833736950235,0.3095351248711612,0.3131815014338152
0.4005449985262056,0.3101252835153169,0.2893297179584775
0.3971970770372709,0.3094863505499954,0.2933165724127335
0.3842115544568739,0.3050772858604668,0.3107111596826592
0.4043474197741623,0.3079591601776299,0.2876934200482075
0.3762971573837339,0.3096046160555486,0.31409822656071756
0.3966935631668624,0.3079754443127186,0.29533099252041917
0.3791541250100755,0.30759532355332175,0.31325055143660274
0.37950304876653385,0.3079237999767671,0.31257315125669927
0.39968788312355075,0.30844678328060815,0.2918653335958412
0.39018209145484223,0.3047408844267963,0.30507702411836135
0.39876705144667,0.30847292863654474,0.29276001991678513
0.39223178814759574,0.30290665670485445,0.30486155514754965
0.397333538184605,0.3086771619697937,0.29398929984560107
0.38450849179123364,0.3058105542070682,0.30968095400169815
0.3765839187458154,0.30946324238379647,0.31395283887038816
0.40200320695027064,0.30763535195683955,0.29036144109288997
0.3905979047594593,0.30541672053455515,0.3039853747059854
0.38422264488838287,0.3065306365949091,0.309246718516708
0.3848567709646052,0.30514419996190795,0.3099990290734868
0.37828775580501156,0.30841400498162896,0.3132982392133592
0.39349296296758585,0.3131189158927017,0.2933881211397122
0.3963900730593821,0.30841812191940254,0.2951918050212151
0.3812674871573163,0.30773929726857063,0.3109932155741132
0.40530633020120843,0.30693089996663714,0.2877627698321542
0.397349792430333,0.3074804149128303,0.2951697926568364
0.3996885446775085,0.30917991524133204,0.29113154008115966
0.3921429849373613,0.30800004176057505,0.29985697330206385
0.376227321157504,0.30982790039468433,0.3139447784478115
0.38564052661702075,0.3091110147425221,0.3052484586404572
0.4007847289309347,0.31101853699368626,0.28819673407537916
0.3749184059821002,0.3106846651982496,0.31439692881965015
0.40158634088285805,0.3084425823104391,0.2899710768067028
0.3971120062728972,0.3109175956054676,0.29197039812163506
0.3901147945419642,0.30724837251977916,0.3026368329382566
0.4032009319207588,0.3089737179313611,0.28782535014788
0.3777505716361271,0.30896728316972266,0.3132821451941503
0.3875902703365014,0.3087313372954237,0.303678392368075
0.38421452320843863,0.3062290513149332,0.30955642547662826
0.39805418748021815,0.3085820900799957,0.2933637224397859
0.3932663111314626,0.3076862694391593,0.29904741942937824
0.3984658809651207,0.30693984684691733,0.29459427218796197
0.3821267636409837,0.30709040704927315,0.3107828293097431
0.3930889293202473,0.30450778161822556,0.3024032890615272
0.38698034249053653,0.30611237503356614,0.30690728247589744
0.3973531280538536,0.309647316353988,0.2929995555921582
0.383681214301253,0.3064872011875942,0.30983158451115295
0.3766198014025443,0.30939039210882086,0.3139898064886346
0.39564110292631616,0.3062240358054194,0.29813486126826433
0.3940142910971495,0.30779364194939685,0.29819206695345357
0.3805971545174467,0.3072053628407531,0.31219748264180003
0.3748341170922933,0.3107292623133615,0.3144366205943452
0.3952430298698653,0.3039387320674036,0.3008182380627312
0.38265568495389385,0.3058804256033282,0.31146388944277764
0.3871741393093481,0.307783152569843,0.3050427081208088
0.37871623166514934,0.3087906549750402,0.3124931133598108
0.4050090978018934,0.30810997104343985,0.2868809311546667
0.39042725496483555,0.30513820377199197,0.3044345412631724
0.3858325912354583,0.3070413869108985,0.30712602185364324
0.37595014631028767,0.3100162703927417,0.31403358329697073
0.38969896302284446,0.3087147306697235,0.3015863063074318
0.3739792363705927,0.311414802075401,0.31460596155400633
0.3768351925156654,0.3095249219210277,0.3136398855633069
0.37434509997419285,0.31109560341198805,0.3145592966138191
0.37257665051678296,0.31252175155330364,0.3149015979299137
0.37586860565004515,0.3101012118001001,0.3140301825498545
0.3895027172221307,0.30430226054836873,0.3061950222295007
0.4048866636344958,0.3088122671268522,0.28630106923865184
0.3911213654212454,0.30663184376664165,0.30224679081211314
0.3880831522662015,0.30880799194298364,0.30310885579081487
0.38425710454651474,0.3055804804091552,0.3101624150443301
0.39739464397947255,0.3119208038495809,0.29068455217094646
0.3836629355185092,0.30788072604462835,0.3084563384368624
0.3750351470770471,0.3105075588737929,0.31445729404916
0.37774333661483445,0.30902759753433556,0.31322906585082966
0.3839685289264732,0.30630980722860274,0.3097216638449237
0.39309094073253004,0.30601759573666687,0.300891463530803
0.3761448865090533,0.31021186757537567,0.313643245915571
0.38995991727277085,0.30844876298612944,0.3015913197411
0.373471947341175,0.3117761883265804,0.31475186433224456
0.37408949064065944,0.3112487223030732,0.3146617870562674
0.3793667462833816,0.30787847800410734,0.3127547757125111
0.38091689649252225,0.30771355819888724,0.31136954530859084
0.37942555552133367,0.30804717171474305,0.3125272727639233
0.3756820493872741,0.31030622016630305,0.31401173044642283
0.3764770470844416,0.3095889547951267,0.3139339981204319
0.38898355623793174,0.3048930985083859,0.3061233452536821
0.38030998834266355,0.30690167397326323,0.31278833768407305
0.3815107328315807,0.3073334138143681,0.3111558533540515
0.3887516526668233,0.30577695992780013,0.3054713874053766
0.383676224039573,0.30767454343810663,0.30864923252232024
0.40294694094376526,0.3099797576497363,0.2870733014064985
0.39549007748857345,0.3076171365438223,0.2968927859676045
0.39440809365624374,0.30488441544942835,0.30070749089432824
0.3997351756998021,0.31045052114443544,0.2898143031557624
0.3968907836832579,0.3099304827957577,0.29317873352098434
0.3883752228029453,0.3049426426306909,0.30668213456636384
0.3751585842256539,0.31043110791438067,0.31441030785996543
0.3824674182927678,0.30848365100099023,0.3090489307062421
0.398603085770008,0.30777150553374527,0.29362540869624654
0.4051267829573745,0.30817847561510836,0.2866947414275173
0.3886222727470013,0.30627874528189897,0.30509898197109986
0.3918854119944637,0.3065658417755327,0.3015487462300035
0.38630572503581795,0.3057006075199229,0.30799366744425927
0.37648806425305814,0.3095800242251745,0.31393191152176714
0.39396448754129054,0.3079622546786318,0.2980732577800775
0.3968481341237193,0.3093490569044253,0.29380280897185546
0.3945140396156304,0.30862772509279274,0.296858235291577
0.37298934367048714,0.31228960672325023,0.3147210496062625
0.3907117572662276,0.305149905189775,0.30413833754399755
0.3751634479804915,0.3105655713509825,0.3142709806685262
0.3920348640997892,0.3102363129155055,0.2977288229847056
0.3772999852137827,0.3089995448862074,0.3137004699000099
0.39730246975229017,0.30980460206028465,0.2928929281874255
0.40425967917762234,0.3088257115092904,0.2869146093130871
0.3983430771114418,0.3102068213825962,0.2914501015059618
0.39474634278580223,0.30674917965014725,0.2985044775640504
0.39687166212843794,0.3110206559445708,0.29210768192699144
0.3994734102924311,0.3076861935050782,0.29284039620249075
0.37553598972589736,0.31033381023349527,0.31413020004060715
0.3832109361965812,0.30811900506862433,0.3086700587347945
0.384791722828807,0.3063470969422111,0.30886118022898174
0.3871476293381658,0.3065477141485137,0.3063046565133203
0.3920483727261049,0.307732076081312,0.30021955119258315
0.3996457543690627,0.3091760705403396,0.29117817509059785
0.3771200001700885,0.30924755764237266,0.31363244218753866
0.376604714154653,0.3094046654748308,0.3139906203705163
0.3799219591178451,0.3075312296947784,0.3125468111873764
0.372485616390726,0.3124810974019771,0.31503328620729665
0.3853748893955979,0.3069034421796995,0.30772166842470267
0.39737751370385604,0.3075662279814427,0.29505625831470106
0.3945743295755012,0.31257193763319147,0.2928537327913072
0.40520272700087384,0.308727634555238,0.286069638443888
0.3794922926626916,0.30752133441198315,0.31298637292532544
0.3837933072680625,0.3061599391998948,0.3100467535320425
0.38241069399632366,0.3069167195238358,0.3106725864798404
0.3895481437195114,0.3061332557757569,0.3043186005047317
0.3853498392228655,0.3056580275202322,0.3089921332569019
0.37774852311145546,0.3092789291268012,0.31297254776174344
0.3925507318867366,0.30709419491404943,0.3003550731992141
0.38748487500978407,0.3060974234658102,0.3064177015244056
0.3788912262565371,0.3085172682489475,0.3125915054945154
0.37666971274695105,0.3094383104931665,0.3138919767598824
0.38602140357538867,0.30527050661930927,0.30870808980530196
0.39918960019593086,0.3104211311046864,0.29038926869938253
0.390129534216756,0.3066296346344838,0.3032408311487602
0.3918060493354401,0.3043696837488394,0.3038242669157205
0.3972725468771636,0.3058017299191451,0.2969257232036913
0.3815994970516058,0.30712111219488575,0.31127939075350874
0.39339059789499603,0.30738510242090933,0.29922429968409425
0.38978049638132756,0.30568411508961935,0.30453538852905315
0.377864444692159,0.3085446871820441,0.313590868125797
0.39539448038382785,0.31137469321263334,0.2932308264035386
0.40070695103003295,0.30955585544289566,0.2897371935270714
0.38577928510140125,0.30647932600841254,0.30774138889018604
0.39893194839998436,0.31062700882537136,0.2904410427746442
0.3974496292380908,0.3052999523655162,0.297250418396393
0.39586161288522115,0.3070690762831788,0.29706931083160015
0.37573953257351456,0.31016727919732706,0.3140931882291586
0.39088988832540517,0.3068497620909487,0.3022603495836462
0.3994356203284014,0.3058821866166949,0.2946821930549036
0.3949793272284142,0.31252395242725395,0.2924967203443316
0.39224108161885585,0.30574708063678363,0.3020118377443607
0.37924362830323155,0.3080093509151126,0.31274702078165606
0.40007585538078605,0.31043871403256307,0.2894854305866508
0.39001695206426,0.3080671198504419,0.30191592808529844
0.4038031727214364,0.3099983893344657,0.2861984379440974
0.3964698387425788,0.30824969407800296,0.29528046717941825
0.3776757633050188,0.308748034845026,0.31357620184995527
0.39579817931369915,0.3060888167350348,0.29811300395126583
0.3932752362961842,0.3105009448812238,0.29622381882259186
0.3973824416785421,0.30562792394199867,0.29698963437945936
0.3935975762976506,0.3095987124794441,0.29680371122290533
0.3898591652514115,0.3073643242073851,0.3027765105412035
0.37825126916927054,0.30840336518957423,0.3133453656411551
0.39981386573087746,0.3073111816478469,0.2928749526212756
0.38596415839317466,0.30548130455758615,0.3085545370492395
0.37436635223128273,0.31103419080670147,0.31459945696201563
0.38568562342815527,0.30638559395625076,0.3079287826155938
0.39532935516593765,0.30611251453933536,0.2985581302947268
0.3814295131979657,0.3073997679079709,0.3111707188940635
0.3917827610432759,0.30653848274389855,0.30167875621282575
0.39991470078538544,0.30914060926578474,0.29094468994882966
0.3788728717804245,0.3082545918196871,0.3128725363998883
0.3779776658671347,0.30877818873994084,0.3132441453929248
0.38687197547357255,0.30560957069084194,0.3075184538355853
0.3752483397505524,0.31042979452209063,0.3143218657273574
0.3981171730480315,0.3115587079373726,0.290324119014596
0.395904477378977,0.30572292485933494,0.29837259776168823
0.3995767276164509,0.30940433737863127,0.29101893500491816
0.374648555892812,0.3109834798423829,0.31436796426480546
0.37946297892532604,0.30783089866771274,0.3127061224069612
0.3807121591028859,0.3074476678074849,0.3118401730896292
0.38987184574851386,0.3071018973377151,0.30302625691377116
0.3781225853185728,0.3084534752103201,0.3134239394711074
0.39436067491526244,0.30423700003494597,0.30140232504979136
0.39815473597108375,0.30707306110403576,0.2947722029248806
0.3955582870302431,0.312388703341282,0.2920530096284745
0.37628916906943494,0.3095490961513806,0.31416173477918463
0.40196032648309266,0.307212685620156,0.2908269878967513
0.3784206505166571,0.30848437172528903,0.31309497775805395
0.39554306161378827,0.3097132301697971,0.2947437082164147
0.3994464703217311,0.3103874893212908,0.29016604035697824
0.381064860830784,0.30702193124322674,0.31191320792598903
0.39273375661839344,0.30556081539934,0.3017054279822666
0.3752399869973464,0.3104530447871171,0.3143069682155362
0.3889477759127006,0.3048742456973043,0.3061779783899948
0.3857146738485695,0.3080606280843031,0.30622469806712727
0.3995809548678486,0.3075817371214299,0.2928373080107214
0.3977670422506099,0.3121578397847059,0.2900751179646843
0.39733091945359067,0.3075148868975628,0.2951541936488468
0.3805085640340453,0.30740849852476243,0.3120829374411922
0.40306730338102287,0.30962820138851394,0.2873044952304634
0.38974495046987856,0.30859413711166256,0.30166091241845905
0.3955519829962784,0.3107696488804964,0.2936783681232252
0.3910941473935303,0.3061035670386464,0.30280228556782335
0.3894558622425903,0.30766846344976506,0.30287567430764467
0.3813021763135826,0.30704266023031435,0.31165516345610295
0.3913544455094253,0.30593290454605454,0.3027126499445204
0.40505629699019396,0.30811691209431546,0.2868267909154904
0.3895499645584577,0.30461262815600315,0.30583740728553926
0.3756357668293872,0.3102250469611051,0.31413918620950776
0.38937289647730805,0.3048740992042426,0.30575300431844943
0.37936314314184183,0.3079454329525506,0.31269142390560767
0.3746213227732391,0.3110181879547938,0.31436048927196725
0.38764174843637655,0.30614543602896915,0.3062128155346544
0.40658110177757817,0.30813792513131355,0.285280973091108
0.3995776488023974,0.3095148820145356,0.290907469183067
0.3992422200408878,0.31058571656442696,0.2901720633946854
0.39345258030968,0.3123199154208893,0.2942275042694304
0.3760001511908553,0.30999448646194044,0.314005362347204
0.3782125753600788,0.3082913869203205,0.3134960377196005
0.3743263908776129,0.31121238172899746,0.3144612273933899
0.3764268159628481,0.31002672206973225,0.31354646196741986
0.39799140721300674,0.30825015488032603,0.293758437906667
0.3958548504604785,0.31228793460614024,0.2918572149333811
0.37384181764719837,0.3116534172663199,0.3145047650864818
0.37730864002385434,0.30927768207041456,0.3134136779057312
0.3808338295416151,0.30764957768513224,0.3115165927732526
0.38974227742505163,0.3071579427458773,0.30309977982907127
0.3815010384103217,0.3074161286154117,0.31108283297426664
0.3970946140047135,0.30784186663364843,0.2950635193616382
0.3739908461649692,0.31132615600965374,0.314682997825377
0.3889214431140508,0.3085970922936984,0.30248146459225067
0.3759661204458587,0.30998234761291044,0.31405153194123087
0.3908726710338772,0.30589471317370587,0.30323261579241734
0.39425168364670937,0.3098845571534749,0.2958637591998155
0.3943701529705812,0.3127842320436849,0.292845614985734
0.3879373220078183,0.3062259975092545,0.3058366804829274
0.3735658280616493,0.3116997491245146,0.3147344228138363
0.3739758966131227,0.31146846421927665,0.31455563916760054
0.37808826288343417,0.30888795908218425,0.31302377803438175
0.39087141090087907,0.30791395459779314,0.30121463450132774
0.37743490618767916,0.30927409779485493,0.3132909960174659
0.38921488366793106,0.30564663919834745,0.30513847713372155
0.37573968129488433,0.3101727780779898,0.3140875406271257
0.3996554685525997,0.31120174175198406,0.2891427896954162
0.4021081885274337,0.3068179838811823,0.2910738275913839
0.3801538695772965,0.3074098524147328,0.3124362780079707
0.3757580699012853,0.3103345571122789,0.31390737298643595
0.39981452973561304,0.3115575335775471,0.28862793668683984
0.40257406245405747,0.3089215814800209,0.2885043560659216
0.37385933689660766,0.3116104204047583,0.31453024269863394
0.39415807084922005,0.30845302555514087,0.2973889035956392
0.3986053055896066,0.3111644188474598,0.29023027556293357
0.38082497171528495,0.3073610644659963,0.3118139638187188
0.38254199408307116,0.30750143674285046,0.3099565691740782
0.38323537008345365,0.3079795226639239,0.30878510725262265
0.3857631929550438,0.30558737228557503,0.3086494347593812
0.39111396641747487,0.3062632719788446,0.30262276160368035
0.40017080267715044,0.31050879346291094,0.28932040385993874
0.38196729977314003,0.30730870321865994,0.3107239970082001
0.3848130936261777,0.30550203394974784,0.3096848724240745
0.3833741506399799,0.30775623181787987,0.3088696175421403
0.3802917178073296,0.3078355780944742,0.31187270409819584
0.3948612415883152,0.3051131646118032,0.30002559379988186
0.38274111238281,0.3075048074759445,0.30975408014124534
0.38797912538363843,0.3062195558655481,0.30580131875081334
0.3970370370934505,0.3079471813042771,0.2950157816022725
0.377652698317086,0.30884076730463866,0.3135065343782757
0.40147433867218624,0.308612048077486,0.2899136132503277
0.393784500424351,0.30542407748475064,0.3007914220908984
0.3815362123292075,0.3082772932420461,0.3101864944287466
0.39742568458641164,0.30629181833720986,0.29628249707637855
0.3723240880935108,0.3126139516581021,0.31506196024838706
0.373914679742742,0.31129450453022517,0.3147908157270328
0.3770619689239038,0.3091153572206066,0.31382267385548956
0.37646168447861267,0.30949701999408824,0.3140412955272995
0.39099337742434137,0.3065610367593321,0.30244558581632647
0.379927011873205,0.307231585616907,0.31284140250988796
0.38545349472478774,0.3059804166804948,0.3085660885947174
0.38874787262135374,0.3058837176274289,0.3053684097512175
0.37730872003767746,0.30884819102219535,0.31384308894012714
0.3746520762009351,0.3108452423579957,0.31450268144106897
0.3808853610420496,0.30695053212004103,0.3121641068379092
0.37573943176664953,0.31002858434429353,0.31423198388905693
0.3802999031862597,0.30691487931697903,0.3127852174967611
0.3990471778343413,0.3110832356656622,0.2898695864999967
0.39302447134388097,0.30337604468576984,0.3035994839703494
0.376409080067012,0.30968435180872167,0.3139065681242664
0.38352692563939844,0.30722707785653264,0.3092459965040688
0.3977341759462594,0.3062551895742863,0.2960106344794543
0.37831421581223185,0.30869874930932295,0.31298703487844537
0.403231383452661,0.30916150537139303,0.28760711117594573
0.3991123596801646,0.3091304463295314,0.2917571939903041
0.3845640944410366,0.3051536540938805,0.3102822514650827
0.39874692772575604,0.31087794967603044,0.29037512259821346
0.39737541825980394,0.3065458695126364,0.2960787122275596
0.3824395415659807,0.30694828382486106,0.31061217460915846
0.4018839129225509,0.30833344666334306,0.28978264041410606
0.3795084256516468,0.30779299506267443,0.3126985792856787
0.38447323672427436,0.3060759249899626,0.30945083828576303
0.385103152359141,0.3071543538085506,0.3077424938323082
0.38396911039436227,0.306111114187871,0.3099197754177669
0.40402855478291966,0.3087673219881197,0.28720412322896066
0.3871641553553726,0.30602466902241937,0.3068111756222083
0.3975909020279065,0.306907475803762,0.2955016221683312
0.3813944658147266,0.30745096028745916,0.31115457389781453
0.38050686270182993,0.3071032483616994,0.3123898889364706
0.39727285947612245,0.3040465373930118,0.29868060313086564
0.37654323067852347,0.30938488183005525,0.3140718874914215
0.4008859370085126,0.30750611660931493,0.2916079463821727
0.3762397960269492,0.30991726582137324,0.31384293815167763
0.38464006358292324,0.3068099333849319,0.30855000303214475
0.38565196795541046,0.30681229961929735,0.3075357324252922
0.3914657348452974,0.30734408028311216,0.30119018487159044
0.3768053239641109,0.3093672386917882,0.31382743734410073
0.4061484698496071,0.3078564294189556,0.2859951007314373
0.3755049820523368,0.3103345583898947,0.31416045955776895
0.38160186504761096,0.30784302614601955,0.3105551088063695
0.3805213016254744,0.30699281784281757,0.312485880531708
0.3880625501763143,0.3052457816947504,0.3066916681289352
0.3913444562801737,0.306608999320557,0.3020465443992695
0.3776342932186228,0.308776187504015,0.3135895192773623
0.3755894833315899,0.31034103340073094,0.31406948326767903
0.3831667469867987,0.3061265224584713,0.31070673055473014
0.3892080240924043,0.3075835977346136,0.3032083781729821
0.3855505242704345,0.30500540819657307,0.30944406753299236
0.3809254627645257,0.3073103650263508,0.31176417220912334
0.38337320697103855,0.3061284187320915,0.3104983742968698
0.3887106339901476,0.30537734226360885,0.3059120237462434
0.38268227225809276,0.3067119738252968,0.3106057539166102
0.3942046558087332,0.30504698692784643,0.30074835726342025
0.40344623715718675,0.3090708555682513,0.28748290727456216
0.3875658659562958,0.30606158941425365,0.3063725446294506
0.4004530738056263,0.310522976059559,0.28902395013481463
0.3807410772757248,0.30725109146020796,0.3120078312640674
0.382528604924053,0.3063078505537824,0.3111635445221643
0.3995124734916725,0.3084163240297071,0.2920712024786206
0.38037209821763823,0.30785755094917944,0.31177035083318216
0.3975501562362953,0.30620409091718875,0.2962457528465161
0.3876115968484764,0.30713615425498514,0.3052522488965385
0.37981798311801057,0.30753944984600945,0.31264256703598026
0.3758246851386868,0.3101120879378199,0.3140632269234934
0.3850226462155478,0.30623757570813254,0.30873977807631936
0.38267480214161415,0.30589659157753113,0.3114286062808545
0.3908336721836234,0.3071030680369776,0.3020632597793991
0.3965473160506494,0.30710442922943,0.29634825471992055
0.3961544140773248,0.30918118154762003,0.2946644043750551
0.4018445039008724,0.30867780833368375,0.289477687765444
0.3834636656542177,0.3061748406991015,0.31036149364668075
0.37338771944217747,0.31187225459486345,0.3147400259629589
0.3990300669763428,0.31178999622659903,0.2891799367970579
0.3773565689459639,0.30912843525242223,0.31351499580161374
0.3883667355113119,0.30601140137619526,0.3056218631124928
0.38757064266956165,0.3059066888330106,0.30652266849742793
0.4041506015903965,0.30884263052086364,0.2870067678887399
0.3755520266525563,0.3103046838197356,0.3141432895277084
0.3770040760191505,0.30945046504734214,0.3135454589335076
0.3789243041032378,0.30866653592119914,0.3124091599755629
0.380917920269039,0.30741746593904073,0.3116646137919202
0.38163994424736986,0.3074207104440052,0.31093934530862505
0.3753016648905445,0.31034548861276956,0.314352846496686
0.3748346039045551,0.3107950574857869,0.314370338609658
0.3800657246452222,0.30762788273655095,0.3123063926182267
0.3977825185060333,0.30893181003901465,0.2932856714549518
0.3989643550094758,0.3115762344543066,0.28945941053621754
0.39632742287339995,0.3077744691114802,0.29589810801511945
0.39188757063766433,0.30803099436662834,0.3000814349957073
0.398555982641732,0.31166418824805814,0.28977982911020983
0.3991013853460499,0.3120702094027744,0.2888284052511754
0.4038638294677507,0.30870166060102855,0.287434509931221
0.38156884798405066,0.3069947690298869,0.31143638298606235
0.4008294204131321,0.3112135855869891,0.28795699399987895
0.39168765333229844,0.3081751227563683,0.3001372239113332
0.377225202638825,0.30941168237493866,0.3133631149862363
0.3796410126216392,0.3076519350929086,0.31270705228545226
0.37754846293286365,0.3086758913273184,0.313775645739818
0.3777052274256893,0.3090633608872926,0.31323141168701807
0.3808249170071134,0.30676752027058285,0.31240756272230347
0.3953091290873277,0.3100591111304931,0.2946317597821791
0.37530255120080097,0.31056172798336473,0.3141357208158341
0.392411165935469,0.3060080711339896,0.3015807629305412
0.39118354098232544,0.30738986790206163,0.3014265911156131
0.3778654173919638,0.3086893410627839,0.3134452415452521
0.37516292661175304,0.3106211474775428,0.31421592591070413
0.38689859355724737,0.3064870565339264,0.30661434990882636
0.4007513910503429,0.3079527162104338,0.2912958927392231
0.37817314745502273,0.3090122183538056,0.3128146341911717
0.4037378393112835,0.3082068106311011,0.28805535005761507
0.3813973767942987,0.3074633233416353,0.3111392998640658
0.3964710717513047,0.30492558942392967,0.29860333882476586
0.39428601243615335,0.30368075191349053,0.302033235650356
0.3872348798814317,0.3057670034335761,0.3069981166849923
0.3782642759985638,0.3086614259301147,0.3130742980713214
0.38656400567022414,0.3072803448187931,0.30615564951098295
0.39678836107071175,0.3075157787214339,0.2956958602078545
0.3989879462970108,0.30876790701114715,0.2922441466918423
0.37628809898792376,0.30965861597869326,0.31405328503338303
0.3915496464449345,0.3074346819997176,0.30101567155534803
0.39883058009818706,0.30979671798364317,0.2913727019181699
0.37756303398937585,0.30892094032774464,0.31351602568287945
0.39341481155779806,0.3050868774243387,0.30149831101786306
0.38323563809718814,0.30648743646157317,0.3102769254412384
0.3796191973420037,0.3084249223969631,0.3119558802610332
0.3944229410242397,0.30764457377937793,0.2979324851963825
0.39762484604918297,0.3081932122529616,0.2941819416978554
0.39149437644654816,0.3087186802384869,0.29978694331496497
0.39522032939157803,0.3054666590480875,0.2993130115603344
0.4012241636645958,0.3061972983294817,0.29257853800592226
0.39013284799965636,0.3058999909595089,0.30396716104083477
0.4017720922769494,0.3096072287928377,0.288620678930213
0.3773797198053604,0.30925857759504544,0.3133617025995943
0.3945096981871428,0.3068089448036059,0.298681357009251
0.37822059970966937,0.3082595531855692,0.3135198471047618
0.38305012934769384,0.3068876322787221,0.31006223837358404
0.3923035923432405,0.30484811063970924,0.3028482970170502
0.4007916961628137,0.310562142692391,0.28864616114479535
0.3756160817216614,0.31016698022147104,0.3142169380568676
0.37648784444574807,0.3096008822136173,0.31391127334063484
0.401400692169056,0.3092051552373384,0.2893941525936055
0.37712976523180414,0.309045646022286,0.3138245887459095
0.38548126388399884,0.3061668925197575,0.3083518435962439
0.3951746010804069,0.3056931514408841,0.2991322474787091
0.3897528489223303,0.30510540812221887,0.3051417429554507
0.39424781933768943,0.31009517081828347,0.29565700984402715
0.3991774456902527,0.3101492897141311,0.29067326459561627
0.40299686376130894,0.3090356640526626,0.2879674721860283
0.383749130745223,0.3068155988798281,0.30943527037494867
0.3975349540009567,0.30681602460600216,0.29564902139304117
0.3806445999155092,0.3069634814643454,0.3123919186201455
0.3981163692975516,0.30965185566573245,0.29223177503671616
0.3924458983305835,0.3087759872646091,0.29877811440480734
0.39918624815518944,0.31051849841634843,0.2902952534284621
0.38628379831984844,0.3051623923119463,0.30855380936820553
0.39870633883554263,0.3113476761986197,0.2899459849658377
0.37560787414198044,0.3103720187589716,0.31402010709904793
0.3967542713660321,0.30834214399415055,0.2949035846398174
0.4001067656573797,0.30759888987522255,0.2922943444673976
0.37624239330830067,0.3096623942833027,0.31409521240839683
0.3780987964819934,0.30862386862089897,0.31327733489710774
0.3998368276364003,0.31019132688762624,0.28997184547597343
0.4014103608706535,0.31019505073693154,0.28839458839241494
0.38312797113889674,0.30720712345165235,0.3096649054094509
0.3788370625302267,0.30836625762791686,0.31279667984185644
0.3888938510077917,0.306541942874753,0.30456420611745527
0.3865925131766669,0.305620006078515,0.3077874807448178
0.4010044654764895,0.3081037035469606,0.2908918309765499
0.40659675176468413,0.305501016514929,0.28790223172038665
0.3786035405635477,0.30820409947630456,0.3131923599601478
0.3728800864933565,0.3122033830293567,0.3149165304772867
0.39940841777905317,0.3101828910366805,0.2904086911842665
0.3858055457150784,0.30683997834852234,0.30735447593639914
0.3749427280622897,0.31075939611580894,0.3142978758219015
0.40733812380519574,0.3063571151893606,0.2863047610054439
0.39585324718678594,0.3072778565989586,0.2968688962142554
0.37614549324673585,0.30974037615839856,0.31411413059486554
0.396441244197131,0.3073855340638208,0.2961732217390483
0.38204442425781704,0.30643896759111844,0.3115166081510644
0.38957858234097725,0.30616078650900624,0.30426063115001684
0.3964382313607723,0.3074795077482112,0.29608226089101664
0.3749518320035139,0.31063660247769287,0.3144115655187931
0.3902947861965219,0.30883071128748085,0.30087450251599734
0.39122981415259106,0.30603585383776755,0.3027343320096414
0.3972321457345937,0.3084706705950646,0.2942971836703414
0.3989222554316897,0.311102523597616,0.2899752209706944
0.39698672090945486,0.3081911570668093,0.2948221220237361
0.38918881883400475,0.306309608620967,0.3045015725450283
0.3780883602054702,0.3086822629057546,0.3132293768887752
0.3981145439452316,0.3097347959586624,0.2921506600961061
0.3913891089540199,0.3049797741906892,0.3036311168552909
0.3917246991219431,0.30471022438023165,0.3035650764978254
0.3970248508417427,0.30967114669837903,0.2933040024598781
0.4008019083651761,0.3102999286320605,0.28889816300276355
0.40246950986801344,0.30598967259467125,0.2915408175373153
0.39802933129603923,0.3084430248973007,0.29352764380666024
0.37817657367641355,0.3086388587702009,0.3131845675533854
0.37976765193797124,0.3072053298854077,0.31302701817662104
0.37505026742204683,0.31060843573451946,0.3143412968434337
0.38965847382814606,0.30442505197715897,0.3059164741946949
0.39473608465535887,0.30704738861271214,0.2982165267319287
0.40003624559017964,0.30966417496027454,0.2902995794495458
0.3764907952281552,0.30955929784988345,0.3139499069219611
0.3984728303480814,0.31069177088625494,0.2908353987656639
0.38763876670023556,0.30485848084975953,0.3075027524500048
0.37314261106908664,0.31210914841208715,0.3147482405188261
0.3885885820005,0.30557209877526054,0.30583931922423957
0.37597756659284276,0.31004006583805954,0.3139823675690976
0.39787620266235446,0.3097116083796722,0.2924121889579733
0.3807559811473559,0.3068483940266568,0.312395624825987
0.3867296988782666,0.3069019500061213,0.30636835111561217
0.38555256817139044,0.30526142318093896,0.3091860086476705
0.38009087532227076,0.3077473455542463,0.31216177912348275
0.38220894046060305,0.3062061652516386,0.3115848942877585
0.40277311139404454,0.3096149893351451,0.28761189927081054
0.39957074705195905,0.3108558204636739,0.289573432484367
0.3986873479281988,0.30473761663535615,0.29657503543644526
0.40180890114495627,0.3099256366581733,0.2882654621968707
0.3983224230614758,0.3106077671218054,0.2910698098167186
0.3767654823931332,0.30936425851133725,0.31387025909552957
0.39900102791591224,0.30659695241339857,0.2944020196706894
0.3825820354596198,0.30704788460582744,0.3103700799345528
0.3779475565923744,0.30849307852533375,0.3135593648822921
0.3960866881754368,0.3066625669640176,0.29725074486054565
0.3990809119338903,0.30956407981423967,0.2913550082518697
0.3778322882677432,0.3086867512819702,0.3134809604502867
0.3746896967638299,0.3108466471444481,0.31446365609172183
0.3937336409448457,0.30750017112332917,0.2987661879318249
0.3827226480848134,0.30626269091065095,0.3110146610045358
0.3764712299736509,0.3096002382227633,0.3139285318035858
0.39341988978371545,0.30699311481145364,0.2995869954048311
0.37426464590150577,0.31107737303768307,0.3146579810608111
0.3970108259951149,0.30985161086162555,0.2931375631432597
0.37957500558607515,0.3084420962927314,0.3119828981211934
0.3869651735792646,0.30536243367928356,0.30767239274145175
0.39486759023599705,0.30906604693185363,0.29606636283214904
0.3748621954861223,0.31079290168403084,0.3143449028298468
0.37507171756538515,0.31043246739696273,0.314495815037652
0.37428966422681237,0.3111425353348747,0.31456780043831295
0.3903301339263071,0.3062797685333512,0.3033900975403419
0.3994984593997185,0.31131167871029697,0.2891898618899845
0.39861203742888,0.3050213816807571,0.29636658089036294
0.3851430456605216,0.306834456122775,0.30802249821670324
0.3791196866328447,0.30783321805717245,0.3130470953099829
0.40729029017633794,0.3080448204095431,0.2846648894141187
0.4013290924105704,0.30732086525159286,0.2913500423378371
0.3956007740890991,0.31087834983948714,0.2935208760714134
0.3923646989598317,0.30839065220921696,0.29924464883095125
0.3773551760160259,0.30899069690744324,0.31365412707653095
0.3940298859689091,0.3059053690394056,0.30006474499168534
0.3994126975336355,0.3112704110563041,0.2893168914100606
0.4021496253966664,0.3108364835355787,0.28701389106775466
0.3938336528158317,0.3074325469809627,0.2987338002032056
0.3958259387808989,0.3119474698042841,0.29222659141481716
0.3797943245667503,0.3074321266641628,0.3127735487690868
0.3816574850328155,0.30661165552388553,0.31173085944329904
0.3835405120403606,0.30671501228512854,0.30974447567451063
0.39363360730696884,0.3058863773428575,0.3004800153501741
0.4015643668863256,0.3053782213945706,0.2930574117191037
0.3959057420084328,0.3106791687731502,0.2934150892184171
0.3839393119226673,0.3062698843302096,0.3097908037471231
0.389667720509451,0.3095848135701144,0.3007474659204349
0.39455661210832627,0.30564416743520556,0.29979922045646823
0.39397768589590454,0.30637329537939706,0.2996490187246986
0.39689979288690785,0.30626012150511633,0.29684008560797565
0.3957529328291036,0.3091561779272429,0.2950908892436535
0.40127722993756954,0.3074587342541747,0.2912640358082559
0.37725065535530905,0.30932523618898855,0.31342410845570257
0.38656323030741097,0.3055828508869515,0.3078539188056376
0.39063884657417,0.3052351631253775,0.30412599030045223
0.4014250131998427,0.30598265197958396,0.29259233482057323
0.3736613665893793,0.31161905479315455,0.31471957861746624
0.38677322490032906,0.31008304236320633,0.30314373273646483
0.3764456493992429,0.30963966851053215,0.313914682090225
0.3939863975557544,0.30784022724531324,0.29817337519893233
0.37600568810228857,0.3098010091326197,0.31419330276509183
0.3890121105599361,0.3064529129045661,0.3045349765354978
0.39506537522505897,0.31065602009214066,0.2942786046828001
0.39718669311957744,0.30811158899892144,0.294701717881501
0.39868609050637877,0.3088062830174397,0.29250762647618145
0.3761229063939558,0.309990795132206,0.313886298473838
0.38980817363969344,0.30702860233230456,0.3031632240280019
