x,y,z
0.3820471278671601,0.32205115235756143,0.2959017197752784
0.39771731294377344,0.31024025228049035,0.29204243477573616
0.41195855579747587,0.30910478533542385,0.2789366588671005
0.40923426588361467,0.3140446451253414,0.2767210889910442
0.3779910162300907,0.3084581943992598,0.3135507893706497
0.38833536262906626,0.31288532195745805,0.2987793154134754
0.3817849077201157,0.3193707624367049,0.29884432984317943
0.392923850215892,0.30618678277063166,0.30088936701347646
0.38963519601476054,0.3129549609025345,0.29740984308270485
0.3729232244366417,0.30808936159055655,0.31898741397280184
0.3787852119698128,0.321229755435674,0.29998503259451337
0.37253335364055185,0.308591447307448,0.3188751990520002
0.38401817841034647,0.30875237905632325,0.3072294425333302
0.36846872614056475,0.3110267058154846,0.3205045680439506
0.3756114955735459,0.3086477800837345,0.3157407243427196
0.4088334765299051,0.3098408466347823,0.28132567683531284
0.3980198089447011,0.3088187250363092,0.2931614660189896
0.37838533129368346,0.31205803212032224,0.30955663658599397
0.38380948946092275,0.3099756952015654,0.3062148153375115
0.3913660451873826,0.30818708908307163,0.30044686572954565
0.364693858764799,0.31135669289388146,0.32394944834131945
0.3648581475074594,0.3107502366821803,0.3243916158103602
0.39703802085003975,0.32162311462709575,0.2813388645228644
0.3863683027315815,0.3148153039148225,0.29881639335359594
0.35975399161488264,0.3195611779557027,0.32068483042941454
0.36560808857233573,0.31097705889938654,0.32341485252827806
0.37021957589389204,0.3119516887048473,0.31782873540126066
0.382752623186349,0.3097527481397488,0.3074946286739022
0.3692858725280797,0.30947077627749664,0.32124335119442393
0.3860149808377377,0.31380210481848536,0.30018291434377686
0.3632351654950942,0.3113937921375167,0.32537104236738906
0.36590512563238237,0.31031664256695235,0.32377823180066534
0.3749082507975698,0.30792447612946106,0.31716727307296905
0.3714072858393993,0.3081120522248617,0.32048066193573904
0.3676132741469027,0.3208076909713238,0.31157903488177363
0.39083286885009205,0.3218719057497238,0.28729522540018415
0.39815070282428566,0.3125596794343246,0.2892896177413899
0.3876290395856473,0.31175657418985636,0.3006143862244963
0.3700904261003179,0.3090267159460201,0.32088285795366195
0.38963371940571323,0.3081894934870092,0.3021767871072773
0.37106095366947817,0.30852110351702816,0.32041794281349373
0.3675382648890909,0.3162231008509781,0.3162386342599314
0.3967550945772196,0.30775845541008706,0.2954864500126936
0.38781468741269937,0.30974447295555824,0.3024408396317423
0.3850609094553412,0.30732601632591605,0.30761307421874295
0.37152338655970996,0.3090132094346574,0.3194634040056322
0.3893183177125741,0.3131335418787413,0.2975481404086847
0.3496951471553104,0.3220957563892995,0.3282090964553903
0.40092690857508806,0.3147343293250175,0.2843387620998942
0.39309714779807337,0.3077889827627881,0.29911386943913826
0.41693799947458443,0.3143827216050702,0.26867927892034504
0.39003586681046976,0.31056346831404785,0.2994006648754825
0.3811632849778113,0.30855610204586703,0.31028061297632165
0.39710584770719154,0.3118196185996879,0.2910745336931205
0.38379616900649516,0.30979526351289566,0.3064085674806092
0.3557960029362578,0.31590021046009187,0.32830378660365056
0.38942666676439414,0.308428646235697,0.30214468699990865
0.38625381013141985,0.30647542274327044,0.30727076712530965
0.415999147024743,0.31213565443515784,0.27186519854009905
0.3628802583402741,0.31259582396833063,0.3245239176913956
0.37916991380816906,0.3115161660828166,0.30931392010901404
0.41038770338530306,0.3079721035445191,0.2816401930701781
0.3934191476683274,0.31170216411088825,0.29487868822078456
0.37116798812856905,0.30843425639876604,0.3203977554726648
0.38234951098871717,0.31088854616817074,0.306761942843112
0.3896440386914989,0.30763935873440323,0.3027166025740977
0.35817131707043226,0.3142128996070939,0.32761578332247354
0.3898114805823828,0.30650136153865243,0.30368715787896505
0.39433517659452033,0.30683073074812073,0.29883409265735894
0.38500438599627024,0.31646105365120275,0.2985345603525269
0.40094844364449156,0.31033597221533266,0.28871558414017584
0.40289771910308847,0.3133975168442962,0.2837047640526154
0.3676055046997475,0.30968991781815947,0.32270457748209297
0.3733294223957213,0.3086567550716742,0.31801382253260463
0.3993704000447349,0.30800266525966125,0.29262693469560397
0.3950081574359383,0.30713693466988673,0.2978549078941747
0.39133673292149856,0.3160255894719158,0.2926376776065858
0.3693420238927405,0.30899602343568233,0.32166195267157704
0.40619905434737225,0.3123445073928498,0.28145643825977823
0.3896958816253312,0.3111941592582088,0.29910995911646016
0.39289419505191947,0.3131310461851273,0.2939747587629533
0.40714701875883036,0.31111363129824193,0.2817393499429276
0.3895252041252707,0.3075687251426066,0.3029060707321229
0.41996913894034743,0.3116465973132283,0.2683842637464238
0.3720319076639387,0.30914960490676213,0.3188184874292992
0.37643379621763196,0.30712416931303366,0.3164420344693343
0.3931396829606547,0.3053855204796109,0.3014747965597347
0.4128598097047244,0.31233341583181673,0.2748067744634589
0.3849969950177982,0.31181947338757987,0.30318353159462214
0.39421925886817266,0.3088289746028141,0.2969517665290134
0.39455034543634415,0.31260707466823456,0.29284257989542134
0.37428601893164765,0.30892132022352187,0.3167926608448309
0.3823393416986701,0.3126497412571893,0.3050109170441406
0.398465818538349,0.30869982911777066,0.29283435234388
0.3782805484861749,0.3088818676354279,0.3128375838783972
0.4045327178297137,0.3081821349093652,0.28728514726092136
0.3602787427660463,0.3148943669440491,0.3248268902899045
0.3908504559923089,0.3037667389842877,0.30538280502340365
0.3936079486316105,0.30846665923920435,0.29792539212918506
0.38455460524079466,0.31324911072689937,0.30219628403230553
0.4021997979300552,0.3051309450691876,0.292669257000757
0.37593247823147463,0.31033429206295954,0.31373322970556566
0.3649220679563186,0.31120299900314197,0.32387493304053955
0.3867579115290898,0.3146048610796399,0.2986372273912705
0.3888199283731638,0.315386648455238,0.2957934231715984
0.37197432316198176,0.310373167383209,0.3176525094548094
0.3638587386214497,0.3119328120556909,0.3242084493228593
0.37626466664369185,0.3107688874871718,0.3129664458691365
0.39390329280109854,0.3081664197701536,0.29793028742874805
0.37077645522338576,0.31002986972152313,0.3191936750550911
0.3981181773875466,0.3101282096980845,0.2917536129143691
0.3959721748983958,0.3115432813820478,0.29248454371955623
0.38830844327408254,0.3128660911388274,0.2988254655870904
0.3858344847702477,0.31311317682523276,0.3010523384045195
0.3785362839902585,0.31164654594428176,0.30981717006545983
0.4010026963459739,0.3149762118624851,0.28402109179154084
0.38711597112656726,0.3087798389365888,0.3041041899368438
0.3903036111882837,0.3137471019545996,0.2959492868571166
0.3761565822996901,0.3242914354527111,0.29955198224759866
0.37833326475679885,0.3079273466441138,0.3137393885990871
0.35919992500385395,0.3188569255039603,0.321943149492186
0.39369322385621375,0.3053710182779946,0.30093575786579196
0.3777586529107133,0.3160118927137025,0.30622945437558435
0.4198043639436244,0.31744379102568776,0.26275184503068805
0.3766579039670128,0.30796355151338134,0.31537854451960584
0.35056242892375944,0.31947086892592,0.32996670215032037
0.3936303011375476,0.31427164109998074,0.2920980577624718
0.3712717735561684,0.30877269383966593,0.3199555326041654
0.40042795462785763,0.3079269157675917,0.2916451296045508
0.3737060837995886,0.31094381030123364,0.3153501058991782
0.3992583829787027,0.30853120172274484,0.29221041529855246
0.40098272585765216,0.32374080533795235,0.27527646880439555
0.3808507083813916,0.3071386107743147,0.3120106808442937
0.3673763966466129,0.310104366450611,0.32251923690277584
0.39091159336639353,0.31243256381726303,0.29665584281634316
0.4097034617717896,0.312961513197409,0.27733502503080126
0.3925075519431218,0.30885242909569627,0.2986400189611821
0.3687154853112762,0.30875501567057956,0.3225294990181441
0.37258107358707965,0.3089852154346109,0.3184337109783099
0.3423822508740375,0.33307871497223507,0.3245390341537275
0.36163574019725414,0.31518271249382407,0.323181547308922
0.3842265977993536,0.3101665539497322,0.3056068482509142
0.41627627232584163,0.3144307859848427,0.26929294168931583
0.3523902948715311,0.31877272336535833,0.3288369817631108
0.36119466056191324,0.3125307625271342,0.32627457691095296
0.37947448342173623,0.3093313460807702,0.31119417049749376
0.3775300118416088,0.3156177041716729,0.3068522839867181
0.38870456309464163,0.30764704159500944,0.3036483953103492
0.39151267103885773,0.31844814790382187,0.2900391810573205
0.36891821790168566,0.31239629661342383,0.31868548548489073
0.40518796477399294,0.31193184783006184,0.28288018739594545
0.39544927384240147,0.3108895926219687,0.2936611335356303
0.3946507005105811,0.30653837061316574,0.2988109288762532
0.36980765303834395,0.3101564312101931,0.32003591575146256
0.3708333947635383,0.3089495487386092,0.32021705649785254
0.37661589428340486,0.31102502698484774,0.3123590787317474
0.36883884808419687,0.3144398411939162,0.3167213107218869
0.3784082357810862,0.30769169943885794,0.3139000647800556
0.4020142603270105,0.31055209412961204,0.28743364554337736
0.3974139542618869,0.30552516755989856,0.29706087817821447
0.39458013001117886,0.31111871210149333,0.29430115788732747
0.4171870070180567,0.3115944182675409,0.27121857471440225
0.395230172565045,0.30863209765832045,0.29613772977663483
0.39478112995013703,0.3221300164167231,0.28308885363313996
0.3561470643379464,0.316211424158289,0.3276415115037645
0.37388400597500887,0.30787588955060985,0.31824010447438117
0.38051720906235137,0.3117639947426829,0.30771879619496584
0.3834588302900286,0.3120276050241787,0.3045135646857926
0.3668320331929022,0.30971120272554364,0.3234567640815542
0.38197938801993403,0.3070137060105293,0.31100690596953634
0.37721814477993043,0.3088974634619871,0.3138843917580825
0.38033183730205583,0.3090696570049691,0.31059850569297487
0.3915605294804274,0.313197191746198,0.29524227877337483
0.37292590943171555,0.31817327576167276,0.30890081480661163
0.3726688424164439,0.30822025726238844,0.3191109003211676
0.38726957965668324,0.3099564012545869,0.3027740190887299
0.36912318668796207,0.3164785120737774,0.3143983012382603
0.3713652257514912,0.31045592483317686,0.31817884941533175
0.4014883129217209,0.3088327407576046,0.2896789463206745
0.37694449022566934,0.3109631066326994,0.31209240314163134
0.369615772737185,0.309946117203863,0.32043811005895184
0.3764303722980585,0.3107448786631932,0.31282474903874824
0.3959805905890494,0.3112138093021403,0.2928056001088103
0.4125277984862166,0.3109807472403292,0.27649145427345395
0.3866620573943954,0.30474129370476755,0.3085966489008367
0.3642087265712076,0.31167329362101825,0.3241179798077741
0.3669692960939446,0.3103421822343838,0.32268852167167156
0.3790910776105278,0.30763063945019237,0.3132782829392798
0.4154289363732788,0.30964805386994565,0.2749230097567757
0.37660736929735583,0.30979171416538065,0.31360091653726363
0.3878371717421096,0.3155009982082427,0.29666183004964786
0.3770536266430797,0.3079376661614747,0.3150087071954456
0.36584289448301477,0.31174315423891114,0.32241395127807404
0.39919375143908803,0.30631325944148735,0.2944929891194241
0.376349903668856,0.3087963748709891,0.31485372146015467
0.40004263002109525,0.3082161827945468,0.29174118718435804
0.3761639293621798,0.3092149303105626,0.3146211403272575
0.37676899913161893,0.31165721016172854,0.3115737907066526
0.36328023592921366,0.31275363441399023,0.3239661296567964
0.38277237337783476,0.31135754897716766,0.30587007764499763
0.4043637534760314,0.30980442086256815,0.28583182566140025
0.38126935630484,0.3071133210133372,0.31161732268182274
0.39041604871233715,0.31384088187324133,0.2957430694144215
0.3891534391557343,0.30322153273372915,0.3076250281105365
0.37750573091021183,0.31324500815284445,0.30924926093694344
0.4116657617907471,0.30583218788094724,0.2825020503283053
0.36643364787378285,0.31521985829506693,0.31834649383115043
0.3969251674074035,0.307400372001591,0.2956744605910055
0.38950784703219254,0.30784615736249143,0.3026459956053161
0.38940944385701615,0.3075049690071859,0.3030855871357981
0.391448503099423,0.304582267755043,0.30396922914553426
0.3729701466422581,0.3173335878174475,0.30969626554029456
0.3947296313353367,0.3100541296315853,0.2952162390330782
0.3829760217599267,0.3053843349691908,0.3116396432708824
0.4058558987342826,0.3107386962268468,0.2834054050388706
0.38307980967565747,0.3167950999296554,0.3001250903946868
0.4060844904841414,0.31176136854429015,0.2821541409715685
0.3848608306418387,0.309035438960929,0.30610373039723215
0.3947793366086022,0.3077833851659768,0.297437278225421
0.3864311747935918,0.3118274999361069,0.3017413252703012
0.37195681866698665,0.3092707624267031,0.31877241890631003
0.40302233138599297,0.3151807939285739,0.2817968746854332
0.4086566311800085,0.30983280627705656,0.28151056254293494
0.3846337703094214,0.3060618701747524,0.3093043595158261
0.3854724817197377,0.31351196323574815,0.3010155550445143
0.37966321201442677,0.3075679511705461,0.3127688368150273
0.3835424799659942,0.3063676547710458,0.3100898652629598
0.38792078897458127,0.30976175351010293,0.30231745751531597
0.4082042498552277,0.3095054270493818,0.2822903230953906
0.38979719719871475,0.3116629366425372,0.29853986615874806
0.3733897025501534,0.30959952920619616,0.31701076824365104
0.37922817403550163,0.30845769002932666,0.31231413593517193
0.37257053842687243,0.30955565995629286,0.3178738016168342
0.37392061754142825,0.3132782899534491,0.31280109250512267
0.3988884729921874,0.31033970411587386,0.29077182289193865
0.40724437530680974,0.3095183526461446,0.28323727204704574
0.38586556386155424,0.31681510326540363,0.29731933287304235
0.3835419487198869,0.30589522310771006,0.3105628281724029
0.37549786604434177,0.3078496869115561,0.31665244704410167
0.3856587927454211,0.31724818907262653,0.2970930181819526
0.38287785639364885,0.31335312723037206,0.303769016375979
0.37821859489247234,0.3102038952722186,0.3115775098353091
0.3636669399386387,0.31130117301829974,0.3250318870430614
0.3645121888301224,0.31167345635896604,0.3238143548109115
0.3855546474663981,0.31469880028260794,0.2997465522509939
0.4093377352088508,0.3091214842205042,0.2815407805706451
0.3762423382602693,0.31861148571731746,0.3051461760224133
0.3905347482463232,0.3149616835085769,0.29450356824509977
0.40125157111839105,0.31122902783839235,0.28751940104321677
0.36654685413005195,0.3117986601859013,0.32165448568404675
0.3646854278280889,0.31100434813293615,0.3243102240389749
0.3801044033897505,0.31019687587815997,0.30969872073208937
0.372048321511591,0.3106652763803567,0.31728640210805203
0.3891552638018626,0.3068816653207608,0.3039630708773766
0.4041542898907895,0.3092284369049808,0.2866172732042295
0.38945786235057706,0.3101516699884803,0.30039046766094235
0.3950982913415985,0.3109188761858475,0.293982832472554
0.3807864043377683,0.3055958206348288,0.31361777502740273
0.3956004907906975,0.3113286998173629,0.29307080939193975
0.3714966911166462,0.3226692540552344,0.3058340548281193
0.39211139918742755,0.3036428856595145,0.30424571515305826
0.38701506550060827,0.31347741404896634,0.29950752045042534
0.4046439020422289,0.3081202074712444,0.28723589048652676
0.40784484424861356,0.3111249699596136,0.28103018579177275
0.36623463930452715,0.3105851884361446,0.32318017225932866
0.3789596847531159,0.3068641724774651,0.3141761427694192
0.37188711607107405,0.3163921711862767,0.3117207127426493
0.39062189719662377,0.31559208564739627,0.29378601715597996
0.4021510373419298,0.31163251020343763,0.2862164524546328
0.3767361078993442,0.30867637525086095,0.314587516849795
0.39261200915101807,0.3059148999495195,0.3014730908994624
0.39655626429330426,0.3091877365866062,0.2942559991200893
0.3759535783908851,0.3197623422184755,0.3042840793906393
0.40700917338164067,0.31101117275192447,0.2819796538664348
0.3750756338839479,0.31135603095564035,0.3135683351604117
0.39218451080202854,0.3124927556090169,0.2953227335889545
0.4125440684374907,0.3101995511868564,0.27725638037565287
0.3844433119500547,0.3057036945232298,0.30985299352671536
0.3951786491169792,0.31708091786904474,0.2877404330139758
0.4051017171149267,0.31254605153941184,0.2823522313456611
0.37033314069063134,0.3091682082145463,0.3204986510948224
0.4073132037335542,0.3112076294498473,0.28147916681659874
0.39018527249214513,0.3068751202339626,0.30293960727389224
0.38491764226592623,0.31307352947198475,0.30200882826208914
0.3881911083552295,0.31327477496698497,0.29853411667778534
0.41194925192795534,0.308166215167523,0.2798845329045217
0.39328250025644207,0.30671131277570307,0.3000061869678549
0.38572499365955043,0.3075252731273137,0.3067497332131357
0.3651059230224972,0.3112549407686629,0.3236391362088401
0.38051847644425896,0.30662521964010675,0.3128563039156347
0.3752334880307965,0.31189890846726287,0.3128676035019404
0.37336749958330134,0.311418864026325,0.31521363639037414
0.4099697618783987,0.3106584826899499,0.27937175543165144
0.3792883839662754,0.30877247962804777,0.31193913640567683
0.3595556317771881,0.3139065204725886,0.32653784775022326
0.4009135875072648,0.3116680589896905,0.2874183535030447
0.38405326844730425,0.312139024585414,0.30380770696728177
0.3759730594870856,0.32301028878959925,0.3010166517233152
0.4094710209068026,0.3105569179756821,0.27997206111751544
0.36905425712911727,0.3088512027664252,0.3220945401044575
0.36675267680712237,0.31125473525417785,0.3219925879386997
0.37024074091137227,0.3088554565602908,0.32090380252833717
0.39932428007274,0.3106051095590667,0.2900706103681934
0.3699052916752409,0.3087221434741574,0.32137256485060184
0.39360088557732886,0.3101462905556953,0.2962528238669758
0.42494029492858265,0.3220911771012953,0.2529685279701219
0.40006822127174857,0.30726266956293646,0.29266910916531486
0.40179117649376506,0.321293305232806,0.2769155182734291
0.37774801919517886,0.32282704968586096,0.2994249311189603
0.3828008146756016,0.3090641074097843,0.30813507791461414
0.3718023259958011,0.3083884587673697,0.31980921523682926
0.3852478217843958,0.30542336722007224,0.30932881099553233
0.36866913598933126,0.30879224411692363,0.3225386198937452
0.3893189963607159,0.30784940171640135,0.3028316019228829
0.38285780192112895,0.30857335386163404,0.3085688442172372
0.368072085766315,0.3229990185311736,0.30892889570251125
0.40977271682928385,0.31421339743672594,0.2760138857339902
0.38508977285602,0.3124530029669871,0.3024572241769933
0.39023569387299717,0.30962361521940884,0.30014069090759365
0.35162470933039325,0.3242827034748853,0.32409258719472134
0.40697064154099016,0.30935691656058895,0.2836724418984206
0.3961118615826957,0.3089259076176991,0.2949622307996054
0.37545812150911273,0.3076044838374749,0.31693739465341214
0.3869115588383078,0.30953410220788463,0.3035543389538072
0.36676212275916764,0.31059634722090523,0.32264153001992724
0.36493637376640137,0.31123012932785227,0.32383349690574637
0.3908289797619644,0.31402254834571885,0.29514847189231697
0.3665003390602245,0.3111461463593308,0.3223535145804448
0.36786517223221815,0.31033202730099574,0.32180280046678633
0.37034835920793674,0.31010748233130947,0.3195441584607541
0.3860636195144568,0.3057785520784083,0.30815782840713485
0.3652901280684838,0.3103806404993106,0.32432923143220577
0.3745397820492813,0.3099609479734795,0.31549926997723904
0.3772086320200051,0.30719646650892596,0.31559490147106917
0.39615377390486484,0.3079143819705771,0.29593184412455825
0.3668318440382569,0.30979284772539095,0.3233753082363522
0.39608057601834556,0.3074558273824786,0.29646359659917604
0.3642692168847974,0.3116994512294261,0.3240313318857767
0.38715094181270415,0.30836373721956756,0.3044853209677288
0.37800868737562726,0.31106263582442983,0.31092867679994285
0.35208504076825353,0.3181485014182044,0.32976645781354197
0.38829876872930313,0.3069036031823046,0.3047976280883923
0.39297658624571974,0.3064266751532839,0.30059673860099634
0.3915890285890639,0.31925092505315716,0.2891600463577792
0.38362179283174525,0.3122631724501823,0.30411503471807266
0.3999482078521206,0.3078132884856505,0.2922385036622289
0.37977440099656473,0.31055450648932237,0.30967109251411296
0.37831650960417196,0.3080128956214121,0.31367059477441606
0.3835859947037217,0.31390698204271716,0.3025070232535614
0.3974266713940802,0.3104322503300256,0.2921410782758943
0.4056425168541787,0.3075196615411002,0.2868378216047209
0.39677700213902517,0.3096614505753932,0.2935615472855817
0.39431533919672546,0.30527265718396973,0.30041200361930487
0.4053427063556696,0.3091577692102703,0.2854995244340599
0.39632735338706016,0.30748606541484425,0.2961865811980954
0.39603476248615493,0.3185505103495075,0.2854147271643375
0.40749038732373766,0.30814790263556147,0.28436171004070127
0.3690911910391501,0.30873578878230046,0.32217302017854943
0.3669545467063132,0.31112574057697606,0.3219197127167104
0.3650337476101493,0.3107239343977611,0.3242423179920898
0.396350213571386,0.3111222893785853,0.2925274970500288
0.3796591562804851,0.30825654347773723,0.31208430024177797
0.3972337687278257,0.3096324197513973,0.29313381152077733
0.39100838209947875,0.31407299481767714,0.29491862308284417
0.37720046136445007,0.3120705616034277,0.31072897703212254
0.35836564677477334,0.31414746861421106,0.32748688461101594
0.4063116327873089,0.3089456596736512,0.28474270753903963
0.3645644686714872,0.31141018952304245,0.3240253418054707
0.3908596519540676,0.30829488963523205,0.30084545841070054
0.364072367312522,0.31137316293078254,0.3245544697566956
0.3889858126250063,0.31257089048889364,0.2984432968861004
0.36988790659850973,0.3095870365915758,0.3205250568099144
0.39122689543979283,0.31415299040705313,0.29462011415315364
0.3822662513000519,0.30783651014348823,0.3098972385564598
0.368049272791413,0.32906708386906425,0.302883643339523
0.37522821862733985,0.3068564671764924,0.31791531419616753
0.36775671290042095,0.309908531745389,0.3223347553541902
0.3684310990974969,0.3131096837670774,0.3184592171354259
0.3703316948693535,0.30992798076454015,0.31974032436610644
0.3986787688462555,0.30907087099178243,0.292250360161962
0.38432555767529963,0.32008905861220294,0.2955853837124976
0.3882388483108482,0.31422653507308335,0.29753461661606884
0.36976680276809637,0.309488920366767,0.3207442768651363
0.404784652806623,0.30900492925073886,0.28621041794263824
0.3847789479907908,0.3083404290854491,0.30688062292375995
0.3592881014200383,0.3135942059383302,0.3271176926416313
0.363228881305628,0.3121905155001794,0.32458060319419263
0.36786060979000224,0.3094906827686621,0.32264870744133567
0.40124021799583615,0.305931111494352,0.29282867050981143
0.42025279263073145,0.3398508366399283,0.23989637072934045
0.3775853707939838,0.31818387130003506,0.304230757905981
0.3844007063825812,0.3151870306206175,0.3004122629968013
0.37501909484931645,0.30872191593633774,0.3162589892143457
0.37842140267349444,0.3058348135384403,0.31574378378806517
0.37717290119020597,0.30854498298848326,0.3142821158213108
0.3905369741766103,0.30867062127841205,0.300792404544978
0.38787620928424205,0.3148400682375345,0.29728372247822327
0.3768526297625307,0.31655730551939537,0.3065900647180738
0.370430023243538,0.31247809396943177,0.3170918827870304
0.3696431734813793,0.33325407000941537,0.29710275650920553
0.3738604686976082,0.3257025780966325,0.30043695320575936
0.39949123212321264,0.3106377717872227,0.2898709960895649
0.37975522316132554,0.3161279517193135,0.3041168251193609
0.3726731778005572,0.30875620707127693,0.3185706151281662
0.38203570936378684,0.3085044072079547,0.3094598834282585
0.3846991655802013,0.309398750679623,0.30590208374017586
0.38519119697781184,0.3093357256164324,0.3054730774057557
0.3982828085989909,0.3098031299111674,0.2919140614898421
0.38870313019016145,0.3063641914858583,0.30493267832398013
0.4004731552884204,0.31033324710586396,0.2891935976057156
0.3887016798134253,0.307538194037705,0.3037601261488696
0.3913219700912714,0.3147649544656452,0.2939130754430834
0.3739015205024242,0.3091377883741373,0.3169606911234385
0.3886224688384908,0.31309611117583674,0.2982814199856724
0.40311661913225727,0.3098107090619304,0.28707267180581214
0.3699435586546215,0.31353458353164404,0.31652185781373443
0.37507422676812574,0.3097135610549666,0.3152122121769074
0.3669333349718528,0.31183108362461803,0.32123558140352915
0.36548139880878483,0.31032465073582893,0.324193950455386
0.4012955354260468,0.3085568492230596,0.2901476153508935
0.3927592320051604,0.31355427748067766,0.29368649051416224
0.3989909870582494,0.3109049539970967,0.2901040589446538
0.4050024609317745,0.3074580122067597,0.28753952686146556
0.3788853280887387,0.31434107457508365,0.30677359733617765
0.3790727744304501,0.307597440038251,0.31332978553129864
0.3705937136780046,0.31512940595896555,0.31427688036303014
0.3819854091338691,0.3082741262240276,0.3097404646421035
0.37535992448611133,0.3108516759225788,0.3137883995913098
0.3760559331843815,0.309485484036666,0.3144585827789521
0.4065395375669162,0.32636207833252495,0.26709838410055886
0.3981232727068803,0.31106432492747904,0.29081240236564043
0.3856521588681071,0.3095253883214055,0.3048224528104874
0.38063941607751706,0.3134090310211658,0.30595155290131765
0.41958580999512773,0.31054469087400305,0.26986949913086944
0.4011844947116445,0.3084090036170968,0.2904065016712586
0.37218908699010245,0.3222935940660383,0.30551731894385903
0.3832448247357258,0.3083937636387423,0.3083614116255322
0.38940864783639895,0.3137933467613395,0.2967980054022614
0.3973985268497081,0.30675424355623915,0.2958472295940529
0.369561883706579,0.31023388777789207,0.320204228515529
0.39821483840642863,0.30712425256511505,0.294660909028456
0.38996956631586044,0.31389382070814714,0.2961366129759922
0.36117959394739585,0.313148265115778,0.3256721409368259
0.38586922648611044,0.3118200634565716,0.3023107100573185
0.3856593326039337,0.3055307250976387,0.3088099422984278
0.3832040447875202,0.3112160893775529,0.30557986583492686
0.39220698384634867,0.31288941860775826,0.2949035975458931
0.3818981060553918,0.307619439812474,0.31048245413213416
0.3989218650529127,0.31929065466151607,0.2817874802855712
0.3867079223808425,0.3158909220687811,0.2974011555503764
0.367469542239635,0.31198367904053476,0.3205467787198304
0.3830607233975841,0.3065183878791092,0.31042088872330653
0.3893640729929891,0.31515405486296144,0.29548187214404953
0.39271016616743826,0.3118818764273493,0.29540795740521253
0.40507704350628215,0.3092263860734764,0.2856965704202415
0.3927787288116286,0.30848160276733577,0.29873966842103583
0.39290070130411053,0.3083195500484486,0.2987797486474407
0.3724973436936163,0.31272414190169384,0.31477851440468974
0.3738775067538263,0.3229317358245805,0.303190757421593
0.38161001799543326,0.31199282819844754,0.3063971538061195
0.38713733746236195,0.3092103311179198,0.3036523314197182
0.3850615504107843,0.3063851909836849,0.3085532586055306
0.39887341633734485,0.3114418492200648,0.2896847344425905
0.4063638221491015,0.30758652147150944,0.28604965637938884
0.3596112640410109,0.31386655288495047,0.3265221830740387
0.36281792913730515,0.31144289806853875,0.32573917279415615
0.36988547151532447,0.3123696560543593,0.3177448724303161
0.37944175681737835,0.3076567900264559,0.31290145315616574
0.3923895284272359,0.3062895114535124,0.30132096011925147
0.3813232038240958,0.3100773088094182,0.3085994873664859
0.383145553049041,0.3062565466173897,0.31059790033356904
0.378224926732136,0.31633799954823466,0.305437073719629
0.3853036945586361,0.30665675563739975,0.30803954980396414
0.38955822657096284,0.3086063214696259,0.3018354519594115
0.4174425871878086,0.3114018970964375,0.27115551571575347
0.3772309218843649,0.31084535426100013,0.3119237238546351
0.4057515691634717,0.3083357467913457,0.28591268404518216
0.39922915156890815,0.31001199674458246,0.2907588516865092
0.373099149643448,0.3107713607370544,0.3161294896194974
0.38331215811251335,0.3182477035648973,0.2984401383225897
0.4119961972103961,0.31062978463856383,0.2773740181510402
0.4023038297677709,0.30999262622681883,0.2877035440054101
0.3968265407117202,0.30869521982353765,0.29447823946474166
0.3828485818885916,0.3180236568265017,0.29912776128490676
0.3545401206733477,0.31659606063552415,0.328863818691128
0.3808924626453294,0.307674044911041,0.3114334924436296
0.40252698175446433,0.3047269294070958,0.2927460888384399
0.382920152409884,0.3060949455236418,0.310984902066474
0.389152979361291,0.32152761918296313,0.28931940145574586
0.3968291766452239,0.306968067552265,0.29620275580251104
0.3937918802883148,0.3108883264270913,0.295319793284594
0.4051667864805032,0.3100372870271607,0.2847959264923367
0.40078988589688225,0.3198279246596357,0.279382189443482
0.4061900374403734,0.3132854184662246,0.2805245440934021
0.3856749682719678,0.31432371667299974,0.3000013150550325
0.4029058904470048,0.30675361194939404,0.2903404976036014
0.38582233731193816,0.3061094144406965,0.30806824824736523
0.37563228814718147,0.30928420650839916,0.3150835053444193
0.3801316340595184,0.31791745388723125,0.3019509120532504
0.3767964451551445,0.32467054376565607,0.29853301107919933
0.40945220822133477,0.30845139371941377,0.28209639805925174
0.3770687271917783,0.30706495848587845,0.31586631432234324
0.41116845448846784,0.3138359911340735,0.2749955543774584
0.3952595227131035,0.31200338848207854,0.292737088804818
0.3819593085127641,0.3064206554253143,0.31162003606192157
0.41652912796230646,0.30943088853295075,0.27403998350474296
0.39937351085549205,0.3092287470073023,0.29139774213720576
0.3590478061071199,0.3138832986590039,0.3270688952338763
0.3815497645777537,0.30599279931747114,0.31245743610477517
0.4043726834744791,0.3079397771644167,0.28768753936110425
0.34899179692432664,0.3221002835970782,0.32890791947859543
0.404470138656937,0.3077466903336269,0.2877831710094363
0.3807314703646063,0.31213606072073574,0.30713246891465795
0.3922533929405418,0.31113147341897623,0.29661513364048203
0.364091775084296,0.3119251236066302,0.3239831013090737
0.40539127255545593,0.31656124276912556,0.27804748467541845
0.3911919682643552,0.31248076591274826,0.29632726582289676
0.41207461379881394,0.315175617614332,0.2727497685868542
0.371507581075329,0.3103379088116335,0.3181545101130375
0.4047412738728652,0.310244693219635,0.2850140329074996
0.40136160691103406,0.30663637563159296,0.29200201745737286
0.3890998032947286,0.3046228959496031,0.3062773007556683
0.38172739268803146,0.30589551599928544,0.31237709131268343
0.40148565212979515,0.3245723024679289,0.2739420454022763
0.3806804088838185,0.31185890872657945,0.3074606823896023
0.3965475536321659,0.30619348083234194,0.29725896553549225
0.39527298130478583,0.31463694778444523,0.2900900709107688
0.3939487374552152,0.3061185654574453,0.2999326970873393
0.37931324620576645,0.3081765508606555,0.312510202933578
0.372726845216362,0.3119876131924301,0.3152855415912076
0.40987968504537736,0.3094177024292167,0.28070261252540596
0.38073197599525166,0.31430791249677087,0.3049601115079773
0.3764767098927019,0.3092675401885063,0.3142557499187919
0.400621122907705,0.3050247249422603,0.2943541521500344
0.3923084540362304,0.3102526222423384,0.2974389237214313
0.3599593156908438,0.31331881208567663,0.3267218722234796
0.3955001690178374,0.3109215589444658,0.29357827203769665
0.3874810374131092,0.3069805186602615,0.30553844392662965
0.38806455094208164,0.31034596424235295,0.30158948481556547
0.36456839857826473,0.33475479131369457,0.3006768101080405
0.37486050107797003,0.3120504702908565,0.3130890286311737
0.37656444251745813,0.3099929017303317,0.3134426557522104
0.39526941312206754,0.3107626436330426,0.29396794324488973
0.38607482969521123,0.30611641968865144,0.30780875061613727
0.3867070221139262,0.31321495633173213,0.30007802155434127
0.41006089869458673,0.3102684698336154,0.2796706314717975
0.4066000082387985,0.3083792156697188,0.2850207760914828
0.38298149933220416,0.3137558010924156,0.30326269957538055
0.4075125919342073,0.3093093024846738,0.28317810558111867
0.389915961506131,0.3142457944965633,0.2958382439973055
0.35815378500883643,0.3156619240841461,0.3261842909070174
0.379805172865146,0.313289379948562,0.306905447186292
0.4005329171669346,0.3069127854223824,0.29255429741068306
0.3838011153533278,0.30686327468493596,0.30933560996173604
0.3812618521014226,0.31364112264167104,0.30509702525690663
0.3995560816328032,0.3066354080160347,0.29380851035116196
0.37806470950364585,0.30958217245539055,0.31235311804096366
0.3931428053376433,0.30866511219533704,0.29819208246701956
0.39011863813637787,0.31372392469759514,0.29615743716602694
0.36031093040177953,0.3145201738627076,0.3251688957355132
0.3952372746242233,0.3052051490376232,0.29955757633815355
0.3978193811302834,0.30632154489233837,0.29585907397737804
0.3713329818467671,0.31695639090814864,0.3117106272450842
0.4103127545623077,0.3068996779726535,0.2827875674650389
0.39429301281807627,0.31203387907597974,0.2936731081059441
0.36570117648001693,0.31229260857311747,0.32200621494686554
0.37317921545063504,0.3085666158897826,0.31825416865958217
0.39284591823548104,0.30835341956626633,0.2988006621982527
0.40981093242507693,0.31003281357200396,0.28015625400291905
0.3929414925432085,0.3123687336537805,0.29468977380301115
0.3845122230650948,0.31038876545159355,0.30509901148331176
0.3740465424196732,0.30963413322679023,0.3163193243535365
0.3984117602961749,0.3093777732231184,0.29221046648070664
0.3959019992591003,0.312188572211081,0.29190942852981894
0.3672631269558489,0.3111845211472829,0.3215523518968684
0.4029588343426379,0.3119174718043332,0.2851236938530288
0.3870463906097693,0.31349261382122723,0.2994609955690036
0.38166337815871815,0.3172206927230753,0.3011159291182065
0.3912275666373032,0.30641725279064025,0.3023551805720569
0.39285141253368405,0.3084621752963339,0.2986864121699825
0.4031702345109236,0.3092332036697028,0.2875965618193737
0.41038226457567306,0.3113588984138739,0.27825883701045295
0.4029107270672405,0.3103920876629944,0.2866971852697649
0.3729609833022605,0.3098922610599648,0.31714675563777467
0.3669790929907421,0.31066810140255713,0.3223528056067009
0.3926898103059233,0.3074617017202026,0.29984848797387403
0.39361560659885897,0.31112785814800314,0.29525653525313833
0.3864260774736834,0.30834679393572534,0.30522712859059126
0.378754290516423,0.3115357908947518,0.30970991858882496
0.4116006906355646,0.3082582413106367,0.28014106805379874
0.3857723992116704,0.30645105376296955,0.30777654702535984
0.3673113683682002,0.31021660545022794,0.3224720261815718
0.4059008264238735,0.30736607455566073,0.28673309902046584
0.37661561198165827,0.3166129645203619,0.3067714234979798
0.39026516850851506,0.31337539714842866,0.29635943434305645
0.4065409081810246,0.3099191933301976,0.28353989848877803
0.3868276872020322,0.3071302151106464,0.3060420976873214
0.39372503418520494,0.31097512983109654,0.2952998359836987
0.37807437710523717,0.30977894061813194,0.3121466822766306
0.3734707141671719,0.30771589516951126,0.3188133906633168
0.3840983765487637,0.30689399974661247,0.30900762370462376
0.3874039068020908,0.30922994017311134,0.3033661530247978
0.39705700616889866,0.3081562145871924,0.2947867792439087
0.38644338537951145,0.30894987406783747,0.3046067405526511
0.37966143393580454,0.3110310638300111,0.30930750223418463
0.378180419466474,0.3185803489146463,0.3032392316188795
0.3911446417255757,0.3042266201715331,0.30462873810289126
0.36832922758878633,0.3106018286812265,0.32106894372998707
0.38060954211342024,0.30700505974033243,0.3123853981462476
0.3655967326300573,0.31074425070771605,0.32365901666222685
0.3935847561257454,0.31175435824637376,0.29466088562788106
0.38591325661063647,0.3112212070933078,0.302865536296056
0.4100185498065976,0.311409434662839,0.2785720155305632
0.38700728747027136,0.3166391686420767,0.2963535438876518
0.36603490464979294,0.310338324854162,0.3236267704960447
0.3770878580561968,0.30991811771211,0.3129940242316932
0.3745391383379847,0.30894803501884677,0.31651282664316854
0.37784022266469025,0.31488396513665723,0.30727581219865263
0.3761155803627324,0.30681810632370377,0.31706631331356366
0.3709791557435146,0.3212014695854277,0.3078193746710576
0.408396426582739,0.3086773463745368,0.2829262270427238
0.39877623415699504,0.3107666040057474,0.29045716183725745
0.387096136154354,0.3072328935294182,0.305670970316228
0.4059091220933604,0.3096555630694753,0.2844353148371643
0.383705659080306,0.3117163335440642,0.3045780073756299
0.38736465992467245,0.30760076285288807,0.30503457722243954
0.3558538067420401,0.3155655976477795,0.3285805956101804
0.3734896881460845,0.3117394080619732,0.31477090379194245
0.37361156256631367,0.3093448340374846,0.31704360339620175
0.41309747734701374,0.3097077398313334,0.27719478282165266
0.3800512572037694,0.311747782825752,0.3082009599704791
0.3861119526911912,0.3108859732753373,0.3030020740334716
0.38083192140945205,0.3071693380046277,0.3119987405859203
0.4022399131331688,0.3087477242329047,0.2890123626339264
0.3772248909882613,0.3144928143323358,0.30828229467940316
0.4005627327194171,0.31870653746096905,0.2807307298196139
0.3688228528112365,0.3095760908525659,0.32160105633619784
0.36183069810220714,0.3125182895884205,0.3256510123093725
0.41149321076413814,0.31438988099979714,0.2741169082360648
0.4106943077553329,0.3133575135867107,0.27594817865795634
0.4039657013093899,0.3073990151623538,0.28863528352825635
0.3810791902930893,0.30926677974711453,0.30965402995979624
0.3843691463268854,0.3088738784689233,0.3067569752041912
0.3932861066297259,0.3129482719209832,0.29376562144929086
0.39955701165871504,0.3069666581330601,0.29347633020822494
0.3963502737147049,0.3122686750639878,0.2913810512213072
0.3821544525027766,0.31110562597392766,0.3067399215232957
0.38713794193311785,0.3151277503033874,0.2977343077634943
0.38961150999050576,0.3046775500225998,0.3057109399868948
0.3583648949684628,0.3180331266098584,0.32360197842167887
0.39233214277890177,0.3078660777210139,0.2998017795000842
0.3856713968603306,0.31527410832070835,0.2990544948189612
0.37937174226633824,0.3124985995920967,0.30812965814156495
0.3891027001577686,0.3068394750826022,0.30405782475962906
0.41236239599387037,0.3373877078328029,0.2502498961733266
0.3863677343622265,0.3114796698006893,0.30215259583708454
0.3795079749099083,0.30739028389736844,0.31310174119272355
0.37990797710039265,0.30707627578475866,0.31301574711484875
0.38830238230950775,0.31434916468702906,0.2973484530034633
0.36202268183228853,0.31259870753359353,0.3253786106341182
0.3712744934113512,0.3087261004658537,0.3199994061227953
0.3809905127636013,0.3112826391676907,0.30772684806870776
0.409739872312179,0.30761478398384867,0.2826453437039723
0.3946661534801341,0.3130644633948422,0.2922693831250239
0.37148563703801474,0.3086545683877663,0.3198597945742188
0.3809402921061499,0.3072695553692493,0.3117901525246007
0.3621729387908702,0.316295513537446,0.32153154767168357
0.39219338662285286,0.3157269722512793,0.2920796411258679
0.40550009337642945,0.3112082463341479,0.28329166028942293
0.3661067342482901,0.31086266947698704,0.323030596274723
0.3906293155178453,0.3126195647454839,0.2967511197366707
0.3746350695642318,0.3089393748320249,0.31642555560374347
0.38782288941918497,0.3070976199150033,0.3050794906658118
0.371953188561435,0.3085435969742192,0.31950321446434565
0.3692726893931741,0.3090893345131865,0.321637976093639
0.4005546225215429,0.3147863950749896,0.2846589824034677
