x,y,z
0.32321694287590674,0.3608826788456152,0.31590037827847794
0.34880464798224053,0.32999389702092885,0.3212014549968305
0.36193220190937403,0.3248465490695084,0.3132212490211178
0.3639374917354197,0.32761154568744527,0.3084509625771353
0.3219028269037648,0.34136877644864205,0.33672839664759335
0.3331835858320888,0.34288708519723277,0.3239293289706781
0.3193066622027339,0.3610442928596165,0.3196490449376497
0.3375297957756188,0.3326684813958181,0.32980172282856324
0.33811024220885044,0.33891983633770256,0.3229699214534469
0.3126817366046677,0.34671956180716884,0.3405987015881635
0.32296131118654003,0.3578685040409004,0.3191701847725596
0.3095308688855307,0.35027996328476774,0.34018916782970143
0.32536517949391597,0.34231677818807926,0.33231804231800455
0.3117006389141376,0.3486474529335517,0.3396519081523107
0.3169369847411299,0.3450010524195466,0.3380619628393233
0.3609113032058777,0.3247654766604353,0.31432322013368713
0.3449870084324076,0.332117830912472,0.32289516065512025
0.32445395688294165,0.3438803068066103,0.3316657363104477
0.32497520172405286,0.34419871818531617,0.3308260800906306
0.34126657442109987,0.3305602411479174,0.3281731844309826
0.301680261048924,0.35659123531945064,0.34172850363162516
0.30108244827887604,0.35648996563567065,0.3424275860854532
0.34338954554020085,0.3501332878626199,0.30647716659717905
0.3321658418552346,0.345166765185583,0.3226673929591823
0.29264522883311306,0.3732723361844123,0.33408243498247453
0.3025827897694636,0.3557920144779422,0.3416251957525944
0.31305156898656594,0.3496970665491585,0.33725136446427556
0.32496312414899614,0.3432089554949015,0.3318279203561023
0.3061070039255405,0.3527112794631748,0.34118171661128494
0.33502670979538096,0.340719417187758,0.324253873016861
0.29812586244032874,0.35922263740642296,0.34265150015324813
0.30158501650830144,0.35610725733588994,0.3423077261558086
0.3148336962051271,0.34567110583253413,0.33949519796233857
0.30832302546230367,0.35009790139711144,0.34157907314058483
0.3078761996462617,0.36494290441343846,0.3271808959403
0.3434663574459661,0.346251429453727,0.3102822131003069
0.34869415593010017,0.33348588519852307,0.31781995887137693
0.32868218255105003,0.3454126094258566,0.3259052080230933
0.30912828126605735,0.34963429072884805,0.34123742800509443
0.33293268367414686,0.33774245391234087,0.329324862413512
0.310134998282246,0.3486004421867769,0.341264559530977
0.3078861379809784,0.3587701730797197,0.3333436889393023
0.3460133765731205,0.32883462702514205,0.32515199640173775
0.3338323134122398,0.3377034421369707,0.32846424445078926
0.3291239135867655,0.33735138115135,0.33352470526188466
0.31347989461820513,0.34621997566781126,0.3403001297139831
0.3389736743251465,0.3380832599882245,0.3229430656866289
0.28366966845914354,0.3789214381634627,0.3374088933773939
0.3544001486562828,0.33253022949379923,0.31306962184991777
0.3432415563169213,0.3292085192321783,0.3275499244509
0.37273016533770686,0.3244054631187764,0.3028643715435164
0.3357216193577124,0.3383869162679979,0.3258914643742898
0.32569287611489955,0.33982411659813067,0.33448300728696967
0.35082986816841255,0.3296668551026323,0.31950327672895507
0.3247429439907269,0.3441815200307974,0.3310755359784756
0.2955458864767633,0.3628517294275311,0.3416023840957058
0.3383269777709955,0.33252899505286326,0.329144027176141
0.3283596125348317,0.33777682454380875,0.33386356292135944
0.36806180738053346,0.32545182988283894,0.3064863627366275
0.3065829654456938,0.3521316387389297,0.34128539581537676
0.3249849011087491,0.34314992954045237,0.3318651693507982
0.3578915781738894,0.32632969547567137,0.3157787263504394
0.33979246671750685,0.33808985054256235,0.3221176827399309
0.30596142964354167,0.35272957097385904,0.3413089993825991
0.32169567617885203,0.34772205937118705,0.33058226444996075
0.33165480327920627,0.33829370082766397,0.33005149589312954
0.29288558211347215,0.3648458287429412,0.34226858914358627
0.3357839137814238,0.3327588886583679,0.33145719756020847
0.33897462911196996,0.3330231296152045,0.3280022412728254
0.3311363893803166,0.34748127281880054,0.32138233780088266
0.34995211370667945,0.3311281450100918,0.31891974128322886
0.35330720191724996,0.33315463327720396,0.3135381648055462
0.30350459130549023,0.3544856355852207,0.34200977310928893
0.3144932562237962,0.34593536546891696,0.339571378307287
0.3496378443113161,0.32727930939805544,0.32308284629062844
0.342802674308888,0.3300520102082532,0.3271453154828586
0.3374388266058126,0.3448197813044074,0.3177413920897801
0.30546883157295796,0.35275388226977883,0.3417772861572631
0.3618780066704833,0.3253807060848979,0.3127412872446191
0.33574313592826965,0.3389796641662295,0.32527719990550097
0.3425431615304584,0.33689436341765766,0.320562475051884
0.36073596596028973,0.32551355494325307,0.3137504790964571
0.33851834878765896,0.33125675415266354,0.3302248970596775
0.37169805627043445,0.3238101661074349,0.3044917776221302
0.3141326887535815,0.3460880562313937,0.3397792550150247
0.3167328783302529,0.34372187823221334,0.33954524343753373
0.3363419407946985,0.3329318751518857,0.330726184053416
0.3671277594212191,0.3245566681576861,0.30831557242109486
0.33166762248111725,0.340756338714188,0.327576038804695
0.3384545498627015,0.33613025551983233,0.3254151946174663
0.34081549066054717,0.3390275058546617,0.32015700348479115
0.3166237261515907,0.3447953801008702,0.33858089374753947
0.3265069375465178,0.34525227859551477,0.3282407838579675
0.34929778006609546,0.32794587111649803,0.3227563488174061
0.32235674027739114,0.3416727822272959,0.3359704774953128
0.3543987282431683,0.326199263522461,0.3194020082343708
0.294875064811821,0.3651699196242753,0.3399550155639036
0.3310373447097796,0.3345519445974765,0.3344107106927441
0.34293374687126094,0.33076043120208515,0.32630582192665375
0.33083702909795704,0.34319818869843854,0.3259647822036039
0.346192661711189,0.32878179700109783,0.3250255412877129
0.3171772105984223,0.34722349763984006,0.3355992917617373
0.2991487684762225,0.35906994216551247,0.341781289358265
0.3367189722368955,0.34059278355535083,0.32268824420775377
0.33419210812665734,0.3455367087291025,0.3202711831442404
0.3137206433176596,0.34809312863460695,0.33818622804773363
0.30275966676600713,0.35572324172254716,0.3415170915114455
0.3188650024044377,0.3463366253409192,0.3347983722546432
0.33931966299139804,0.33417109190287236,0.32650924510572965
0.3144448892025602,0.34611257390839445,0.33944253688904524
0.3460754425498114,0.33284095530599894,0.3210836021441898
0.3453571379147955,0.3340153538601987,0.32062750822500546
0.33999613996444367,0.3360309437367145,0.32397291629884206
0.3302288086006615,0.3444784170131472,0.3252927743861912
0.32068591887748377,0.34720033170839754,0.3321137494141187
0.3472562492754124,0.34004716410521696,0.31269658661937044
0.3267204570316017,0.34306330896822823,0.33021623400017
0.3378649538674572,0.340666922864198,0.3214681232683446
0.3194789618106828,0.36368067365939205,0.3168403645299249
0.322638542104707,0.34015342992531056,0.33720802796998217
0.2952391737969296,0.36937001021092003,0.33539081599215054
0.33138926576609123,0.33823424117537737,0.3303764930585316
0.3210921784837881,0.3520961137416241,0.32681170777458796
0.3769266358454943,0.32620132815117225,0.29687203600333356
0.31995271788902624,0.3417706201068241,0.3382766620041497
0.2881244618488827,0.37154498266818353,0.3403305554829335
0.3440531056827497,0.33739594987558963,0.31855094444166066
0.3111750429716317,0.34803639785203516,0.3407885591763329
0.35056459287431474,0.3269565979010459,0.3224788092246394
0.3157316880646202,0.347997448203417,0.3362708637319632
0.3506347899121556,0.32691240103730596,0.32245280905053836
0.3552157779653865,0.343760446390318,0.3010237756442955
0.322749887214764,0.34066873273858334,0.33658138004665267
0.3069034490996118,0.3514866372656115,0.34160991363477644
0.34189557593959774,0.335288904727682,0.32281551933272
0.36446785394491155,0.3259498048328268,0.30958234122226147
0.3389850182179811,0.33448992187169513,0.3265250599103239
0.3028741399316676,0.3546095378366225,0.3425163222317096
0.31001910053530923,0.350348569102225,0.3396323303624661
0.27055608691324307,0.4018037002990954,0.3276402127876616
0.29159145018460686,0.36974265993866134,0.33866588987673196
0.3254465448988267,0.344259925567052,0.3302935295341214
0.3722822712961884,0.32447629156749624,0.30324143713631546
0.28620146767477794,0.3737556933933872,0.34004283893183507
0.29688917544679166,0.3606149482973294,0.3424958762558793
0.31820031406007887,0.34722446966210546,0.3345752162778158
0.31919279845299603,0.353317481670307,0.32748971987669667
0.3365535775193539,0.33277885333708634,0.3306675691435599
0.3373658943568453,0.3482400835408223,0.3143940221023324
0.31383155437564736,0.34864231971004145,0.3375261259143113
0.35894999132935856,0.32708444896005245,0.31396555971058904
0.34385706002980854,0.3342952460277507,0.32184769394244106
0.3418525609759347,0.32996573351534025,0.32818170550872494
0.31160089960431436,0.348479444034839,0.33991965636084615
0.3116445736733672,0.34751042115380393,0.3408450051728289
0.31811766182380596,0.3476596370115942,0.33422270116459973
0.314723042030866,0.35042264495048686,0.3348543130186472
0.32013004342255463,0.3423977130166467,0.3374722435607984
0.35192601556327585,0.3301529501608804,0.3179210342758435
0.3433003204802198,0.32900920577423615,0.32769047374554383
0.3408508487516363,0.33702752072447406,0.3221216305238892
0.3696551839198867,0.3239287117822056,0.3064161042979075
0.3467209698632533,0.32827527539120394,0.325003754745543
0.34609969462157475,0.34659441390081414,0.3073058914776112
0.2922119101409446,0.366834698295405,0.34095339156365034
0.3129359893788224,0.3468212006719966,0.34024280994918077
0.3261917080353668,0.34317175766311125,0.33063653430152196
0.32937688313993624,0.342299143752321,0.3283239731077425
0.3022123583282578,0.35529060076773505,0.342497040904007
0.32586516318905584,0.3381393701716059,0.33599546663933794
0.32268285376394534,0.34065919403865763,0.3366579521973969
0.32534060645755514,0.3403068277504408,0.3343525657920038
0.337648181609308,0.3409884270392409,0.3213633913514513
0.31248398660510995,0.360364320698264,0.32715169269662586
0.3118949184079976,0.34751131955281617,0.34059376203918607
0.32997915201680783,0.3414757694270968,0.3285450785560953
0.30263394448205355,0.3654195294082909,0.33194652610965514
0.3128239426503875,0.3486941076281758,0.3384819497214365
0.3504406494506188,0.3289952135073345,0.32056413704204656
0.3174277901636927,0.34848601216368597,0.33408619767262127
0.3078264173496827,0.3518455874135913,0.3403279952367258
0.32093169394585297,0.3443483924704436,0.33471991358370334
0.3458640207495771,0.33307478537930957,0.3210611938711133
0.3647762559022938,0.32488327274228956,0.3103404713554164
0.32556657969905684,0.3385298501702301,0.33590357013071265
0.30421567572311325,0.35415453348571607,0.3416297907911705
0.30397026772433555,0.35446550598413923,0.3415642262915251
0.31708423765359206,0.34581733335368287,0.33709842899272485
0.36585657243252456,0.32396012364292215,0.3101833039245534
0.31711317825299734,0.34701402016574745,0.3358728015812553
0.3323343269401117,0.34689178516561825,0.32077388789427014
0.3210769363071354,0.34087570300355063,0.3380473606893139
0.30685837167476,0.3526944302991313,0.34044719802610857
0.34427056918519294,0.3302762776961822,0.3254531531186243
0.3238246310261015,0.33880380458112136,0.337371564392777
0.3488810008332658,0.3287689962401934,0.32235000292654087
0.3180827105064976,0.344979816149039,0.33693747334446333
0.31759704386850657,0.34912523576821075,0.3332777203632827
0.3056568182226468,0.35353485161548254,0.3408083301618709
0.3267988741580463,0.34352610673006706,0.32967501911188657
0.3564889778066891,0.32615941899408935,0.3173516031992214
0.3262329068025793,0.3374310920850969,0.33633600111232365
0.3360082758110562,0.3427235991614903,0.32126812502745344
0.326338126818192,0.3373928762639363,0.33626899691787154
0.3233174216319352,0.34601307651199853,0.3306695018560659
0.35618758808522605,0.32603250361653496,0.31777990829823854
0.2994020908126488,0.36518015216329563,0.33541775702405574
0.3451109790951271,0.32937296184526316,0.3255160590596096
0.33494599836953276,0.3351874428019174,0.32986655882854976
0.3386637565712799,0.330949164676312,0.33038707875240814
0.3340068693276217,0.3330684897453843,0.33292464092699425
0.31595654484622404,0.35580167000521135,0.32824178514856467
0.34174604565627614,0.33481254807606203,0.32344140626766205
0.3232280353453636,0.33926842578684197,0.33750353886779433
0.35927522031107195,0.3256136404809121,0.3151111392080158
0.32873352877634543,0.34904647758030005,0.32221999364335413
0.35939020906849606,0.32701460931331827,0.31359518161818556
0.32482469907991074,0.34379643996255366,0.33137886095753544
0.3450289127613221,0.3285351585323817,0.3264359287062961
0.33180692621561453,0.34158385689492243,0.3266092168894628
0.31191521752429474,0.3484170114893005,0.3396677709864045
0.35993224932791223,0.32899036350084826,0.31107738717123956
0.3593383800202531,0.3262097824691614,0.3144518375105856
0.32746723349583734,0.33703777361011344,0.33549499289404905
0.3317160801215017,0.3432815253393209,0.32500239453917745
0.31625255796725726,0.34694685160308864,0.33680059042965416
0.327705017195648,0.33648017580974254,0.3358148069946092
0.3320106661075729,0.3396188645556185,0.3283704693368087
0.3583343228378393,0.3264757464648215,0.3151899306973392
0.3362224422958213,0.3391929380267047,0.3245846196774738
0.3141793187005029,0.3475465219411941,0.33827415935830346
0.32562472809004245,0.33847097463939413,0.3359042972705636
0.3130276652283088,0.3480935736646633,0.3388787611070274
0.3210589543885608,0.34592584391032344,0.33301520170111565
0.35204816750969786,0.32766375330625885,0.3202880791840431
0.35760018216671846,0.32658720489934745,0.31581261293393403
0.3344977839123451,0.3451660630158958,0.3203361530717592
0.32438257623428146,0.3391723537225898,0.33644507004312846
0.311420338854292,0.34937782105734405,0.33920184008836357
0.32857632696408756,0.35152712029636185,0.31989655273955075
0.3273527892024988,0.3457032847004299,0.32694392609707124
0.3214290632684579,0.3443218603561484,0.3342490763753936
0.2996038814122227,0.3579089759046027,0.3424871426831744
0.3064051972097508,0.35216753715561877,0.3414272656346302
0.3306357066445542,0.34599912537652167,0.32336516797892395
0.35883509339362984,0.32621870903960953,0.31494619756676057
0.32009652420365714,0.3555470155929456,0.3243564602033972
0.3320329879745133,0.3482724222011381,0.3196945898243485
0.34811461223111234,0.3343584722990047,0.317526915469883
0.30900326481087836,0.35109285152369135,0.33990388366543034
0.3013439080328549,0.35645217469645246,0.3422039172706925
0.3216952396585614,0.34530353043881895,0.3330012299026195
0.31318479074810246,0.3490677921001004,0.3377474171517968
0.33668081616284656,0.3319315801327428,0.33138760370441056
0.3538417702874715,0.3278990055130292,0.318259224199499
0.3377521104598056,0.33542202442521957,0.3268258651149746
0.34580023221942874,0.3321571302561003,0.322042637524471
0.32019068639200293,0.3411280106796143,0.3386813029283825
0.3439326653150132,0.3349059283019355,0.3211614063830512
0.31115124514995884,0.36673888766811774,0.32210986718192325
0.3322342531725323,0.33403052716510545,0.3337352196623625
0.33821615780532344,0.3377637712603705,0.32402007093430596
0.34956703028901775,0.33102251436746066,0.3194104553435215
0.3611612156481303,0.32556864046376344,0.31327014388810615
0.3035411649053902,0.35472884587915393,0.34172998921545616
0.3209456684083313,0.3408463513970328,0.33820798019463605
0.31379386668447656,0.3559871056112751,0.3302190277042484
0.33802271284119456,0.3431813328197495,0.31879595433905583
0.3556167470781586,0.32799395808771137,0.3163892948341302
0.3165636320224802,0.34616227357823043,0.33727409439928935
0.3354741799096399,0.33415369279039814,0.3303721272999619
0.3427181788004102,0.3339029795106009,0.3233788416889886
0.3250706615962699,0.3519148469556208,0.3230144914481092
0.36108803579904675,0.3249329767912796,0.31397898740967356
0.3149469169447808,0.3502448802520382,0.33480820280318085
0.34093967255421265,0.3371736754591622,0.321886651986625
0.3622883008498059,0.3263404796909964,0.31137121945919766
0.3262282784061647,0.33767218892484485,0.3360995326689903
0.34239790670684433,0.3438290831965347,0.3137730100966206
0.36097633820542063,0.3258195419237463,0.31320411987083274
0.3098513482734427,0.3492616898063733,0.34088696192018403
0.35809853006559056,0.32838711168990864,0.3135143582445009
0.3375342036025518,0.3317561383708283,0.3307096580266198
0.33195654979930556,0.3420865843406249,0.3259568658600696
0.3362429669542766,0.3402508052385229,0.32350622780720023
0.3609744896363621,0.3245466318723055,0.31447887849133244
0.33819800774341957,0.3329387427951459,0.3288632494614345
0.3331687107350563,0.3340149825410622,0.33281630672388124
0.30016684441956143,0.35824369195365385,0.3415894636267848
0.32373930809477347,0.33877330238820813,0.33748738951701873
0.31909422220640704,0.3469266477704744,0.3339791300231183
0.3181088094476285,0.346028008976339,0.3358631815760329
0.36130427446682073,0.32622021037204485,0.3124755151611343
0.3169952411439552,0.347560321004292,0.3354444378517527
0.29905615483725884,0.35918962697765133,0.3417542181850898
0.3524840163175011,0.3303491206735961,0.31716686300890273
0.3355724052030991,0.33664847320898894,0.32777912158791184
0.3210016377402942,0.3603274536372285,0.3186709086224773
0.360562846120948,0.32649372511782976,0.3129434287612223
0.30447467908459064,0.3533630960233878,0.3421622248920215
0.3057310453268369,0.35377705288348177,0.3404919017896812
0.3074217787203298,0.35121265730097273,0.34136556397869755
0.3505802853588492,0.3297760474350664,0.3196436672060845
0.3061767060851657,0.352056346330538,0.34176694758429627
0.3424873096561428,0.33344166813633674,0.3240710222075204
0.3820956020092009,0.3306528307449146,0.28725156724588435
0.3468049855297991,0.32959072140194845,0.3236042930682522
0.350391371237473,0.345860486735445,0.303748142027082
0.31982877538709786,0.36243930365750265,0.31773192095539954
0.3215844743027634,0.3457015453606833,0.33271398033655325
0.309158194888877,0.34989463413148325,0.3409471709796397
0.32648961044718694,0.3375734270358399,0.33593696251697347
0.3028014671529486,0.3547009489958371,0.3424975838512144
0.333878489844456,0.33613337668455634,0.32998813347098765
0.32777106031083447,0.3388986127854302,0.3333303269037354
0.30703046687392377,0.36901628167851763,0.32395325144755843
0.3654630535741,0.3266699542277238,0.3078669921981762
0.33430717198869175,0.33902334720463767,0.3266694808066708
0.3373950343666693,0.33559358184120724,0.3270113837921231
0.28525750293422225,0.3815359079192203,0.3332065891465574
0.3586668174362192,0.3251228323385595,0.31621035022522104
0.3426582313805568,0.33331755316483913,0.32402421545460425
0.31682361812320164,0.3436211079995066,0.33955527387729134
0.3368960337412331,0.33375714176148485,0.32934682449728153
0.3072884639828495,0.3513480808178025,0.341363455199348
0.30326060540673777,0.3550038162079995,0.3417355783852627
0.338466452881816,0.34078293142045196,0.32075061569773217
0.30978323873038,0.3494118491222107,0.3408049121474094
0.3103951397166514,0.34862434483948834,0.34098051544386043
0.3111405987401189,0.3492349505069182,0.3396244507529632
0.3274819223854606,0.33759856006205496,0.3349195175524844
0.3000801837953867,0.3572874222493499,0.34263239395526346
0.31572722174220647,0.347247230255287,0.3370255480025063
0.31580379350632887,0.34526391651890914,0.3389322899747621
0.34667865786808566,0.3279763673625936,0.3253449747693208
0.30279758373259147,0.35481410926010104,0.3423883070073075
0.3435276764626294,0.33046714405957245,0.3260051794777983
0.2991389063191283,0.35930650657663804,0.34155458710423386
0.3324680199474263,0.3367842575537998,0.3307477224987743
0.3202025385274394,0.34655343415555184,0.33324402731700864
0.2898782084471032,0.36904315395600495,0.3410786375968917
0.3341147013845419,0.33395594867806616,0.33192934993739176
0.3403709308949604,0.33018236013989793,0.3294467089651416
0.34279057348895137,0.34393667897463404,0.3132727475364147
0.324792573503498,0.3473061849845752,0.32790124151192696
0.3477139591645355,0.32933589738441216,0.3229501434510523
0.3202804766908269,0.34697513262597945,0.3327443906831937
0.32150300443513097,0.3413918627961997,0.3371051327686694
0.32847592295037975,0.3457907162423909,0.3257333608072296
0.34435319793007346,0.3345075834393475,0.32113921863057915
0.3547478835568021,0.32570667640078393,0.3195454400424137
0.34652041668382594,0.33087951884271516,0.32260006447345896
0.3357369930565442,0.33417010931989904,0.33009289762355676
0.35450400014781797,0.3279348297029888,0.31756117014919294
0.3457179294306908,0.32848172671380826,0.3258003438555007
0.3439291903284454,0.34482799846166784,0.3112428112098866
0.3542523054637437,0.32827182293282997,0.31747587160342666
0.30454967920572057,0.3531588331967801,0.34229148759749933
0.3072065947587367,0.35226409048144014,0.34052931475982273
0.3007531062964441,0.35690130464067016,0.3423455890628858
0.3458352239674787,0.33322797091822576,0.3209368051142956
0.3232618091090653,0.34085301971490767,0.33588517117602723
0.3451626447194237,0.33250309410098977,0.32233426117958675
0.34022513102189905,0.339211116801323,0.320563752176778
0.3209780624268802,0.34658299395399006,0.33243894361913
0.29521588288633716,0.36255783978245976,0.34222627733120337
0.35687002664056205,0.3259319414491787,0.31719803191025886
0.30361160815328636,0.35464495699176163,0.3417434348549523
0.34095199255786124,0.33068096159182647,0.32836704585031234
0.3009366160894307,0.356942512693294,0.3421208712172754
0.34088896939085883,0.3351960930110035,0.3239149375981379
0.3080072587148306,0.35136739447294363,0.34062534681222556
0.337509000977563,0.34217958319170316,0.3203114158307335
0.326787286731261,0.33850556099342444,0.33470715227531433
0.3115691793989312,0.3725531142874297,0.3158777063136392
0.31058122288924517,0.3487128790976379,0.34070589801311674
0.3073499319882582,0.35103258560587447,0.3416174824058674
0.30329193509280994,0.3598083759949578,0.3368996889122325
0.3065513288231635,0.35357377544245894,0.33987489573437757
0.3425011074806496,0.3353792330725639,0.32211965944678633
0.32426403703929096,0.358738412893846,0.31699755006686314
0.3367709650179943,0.3410236472866822,0.3222053876953238
0.30774888125860156,0.351414214409152,0.3408369043322461
0.3551069475418754,0.3267560599968584,0.3181369924612663
0.32505135422398745,0.3425885165504719,0.3323601292255405
0.2955841246590022,0.3620668842054636,0.342348991135534
0.30315970948833837,0.35524689871565285,0.3415933917960088
0.3030448414999135,0.35484980871830407,0.34210534978178236
0.347584662669127,0.32781696465389965,0.3245983726769728
0.37735331952736884,0.35594965774635656,0.2666970227262748
0.3186890361546405,0.35727970610806203,0.32403125773729724
0.3322432603986446,0.3442732513505661,0.3234834882507892
0.31396478923935844,0.34767716190863607,0.33835804885200527
0.3158353818924666,0.34422530460778333,0.3399393134997498
0.32110524287929076,0.3417366685654908,0.3371580885552184
0.3378756777557278,0.3340431333998951,0.3280811888443774
0.3333309803493867,0.34503991682348734,0.32162910282712587
0.3178071655511794,0.35550432831636813,0.32668850613245226
0.30987680566950243,0.3537140017854319,0.33640919254506574
0.30879176699559924,0.3819757753378742,0.3092324576665268
0.3147611196578044,0.368749296936111,0.3164895834060845
0.35010628631811513,0.3304048974803235,0.3194888162015615
0.3175816961680654,0.3570923882319029,0.32532591560003155
0.31420881697778347,0.3459149109842905,0.33987627203792636
0.3266002928382056,0.339429389681592,0.33397031748020245
0.3306703211990876,0.338327456760544,0.3310022220403686
0.3299090939602398,0.3393326715135446,0.33075823452621544
0.3510466931094859,0.3275460191713978,0.3214072877191166
0.33077195718781466,0.3368490515867707,0.3323789912254145
0.3490035382746379,0.33175622805879423,0.31924023366656773
0.33481731656780267,0.33436806202475416,0.33081462140744305
0.33103374883148623,0.3495341705168883,0.3194320806516254
0.3144715841124823,0.3469798140546501,0.33854860183286745
0.3307569975425678,0.34578612991754165,0.3234568725398904
0.3542904332540189,0.32753492491672653,0.3181746418292544
0.3104829755133092,0.35419217496529715,0.3353248495213936
0.31408130520932914,0.3489195940427102,0.33699910074796036
0.30921112656223454,0.3511858749184913,0.33960299851927406
0.30052403628435886,0.3568964305692695,0.34257953314637124
0.35233773647371525,0.3266017527743954,0.32106051075188924
0.3465206287730109,0.33339122920466613,0.32008814202232316
0.34816736540210336,0.33236656463285846,0.319466069965038
0.3539315134605554,0.3260141434363072,0.3200543431031372
0.3235718531726317,0.3481397983199723,0.328288348507396
0.31930171702860954,0.3435433859760252,0.33715489699536505
0.3129602346437177,0.35427478242023935,0.3327649829360432
0.32797155440510095,0.33771755331618186,0.3343108922787173
0.31705007983693556,0.347658771050577,0.33529114911248725
0.3235453218878419,0.3398059456173004,0.33664873249485733
0.3569445201509339,0.3492312760037101,0.29382420384535596
0.3472941393738669,0.33287380900069197,0.3198320516254408
0.33071557466590695,0.3390863823413718,0.33019804299272126
0.32640499792318245,0.3452333208233832,0.3283616812534347
0.37018402864006705,0.32359943252202217,0.30621653883791095
0.3450700700547121,0.33359826457584657,0.32133166536944113
0.31555275368030644,0.3622980964011463,0.32214914991854715
0.3276553767260797,0.339032857949394,0.33331176532452667
0.3297417638391714,0.3482551304002139,0.32200310576061464
0.3453857786304979,0.3285522306776263,0.3260619906918759
0.31004161368739275,0.34997815915418273,0.33998022715842463
0.34136661159896153,0.3336089507588109,0.32502443764222727
0.3356183976780562,0.34288640747671356,0.32149519484523
0.30154210738640885,0.3567753087328923,0.3416825838806985
0.3301123315910719,0.34289390400843045,0.3269937644004981
0.32247208099269914,0.3420084408734415,0.3355194781338594
0.32645887698315235,0.34396527204526495,0.3295758509715826
0.33892463568111075,0.33973257836013265,0.3213427859587565
0.3282338030547949,0.336524187398765,0.3352420095464401
0.3518784503061134,0.3397903326111831,0.3083312170827034
0.33604133532128133,0.3429518423576551,0.3210068223210635
0.3061399713214429,0.3548179622256934,0.33904206645286383
0.32401231808564035,0.3400526813515613,0.33593500056279824
0.33427361213249746,0.3455078430134438,0.32021854485405876
0.3411163729876253,0.33653290636046596,0.32235072065190884
0.3531603380195987,0.32919287241589124,0.3176467895645101
0.34093424980792286,0.33222703975627726,0.32683871043580004
0.34375880373267853,0.3292677305346599,0.32697346573266134
0.3126072496482868,0.35268983534971576,0.3347029150019972
0.3125860759131027,0.36724124302222216,0.32017268106467495
0.32100408406002495,0.3493930322015273,0.32960288373844804
0.3340529464191526,0.3363190533796484,0.3296280002011989
0.32799970134957734,0.3372215869025253,0.3347787117478971
0.3525487972054616,0.32862261264618803,0.3188285901483505
0.3546766588950876,0.32634791783299266,0.3189754232719195
0.29638481771982417,0.361844762154117,0.34177042012605885
0.29611654494316925,0.3610192719064192,0.34286418315041156
0.31525616158407227,0.347827027498623,0.3369168109173045
0.31689945510065354,0.34627076947953983,0.3368297754198065
0.33793777646620005,0.3320412577566404,0.3300209657771593
0.32055951496182367,0.34709236600013116,0.33234811903804506
0.3269915301978402,0.33678090065804,0.33622756914411944
0.32088126253422544,0.353052688018178,0.3260660494475961
0.32957297367070615,0.33617183021825087,0.33425519611104293
0.33739061428723194,0.3337899653862445,0.3288194203265238
0.36778555255722556,0.3257120350298968,0.3065024124128771
0.31929005347061634,0.34665770013362707,0.33405224639575665
0.35391154957934434,0.3277038255847644,0.3183846248358908
0.35117917915089997,0.32832291755448195,0.3204979032946178
0.31669798806199856,0.34639659268303924,0.33690541925496187
0.3293865652146373,0.3504851449469013,0.3201282898384617
0.36445870277035913,0.32437847488799,0.311162822341651
0.35090227841513677,0.33062377639913565,0.31847394518572747
0.34641450100615595,0.3297301525663744,0.32385534642746916
0.32489961202589507,0.3543643183351681,0.32073606963893675
0.28819096795347077,0.3702971933427932,0.3415118387037358
0.32114995941873026,0.34301040889287726,0.3358396316883925
0.3460156255503286,0.3286382681621086,0.3253461062875627
0.32573543668886296,0.33767125894924865,0.336593304361888
0.34178327519089496,0.3463555366272498,0.31186118818185515
0.34550307607530467,0.3283404650911979,0.3261564588334973
0.3428970634491305,0.3341486253125344,0.3229543112383351
0.35703236792071374,0.32646187243583596,0.31650575964345085
0.34930400967043296,0.3443264804736694,0.30636950985589745
0.3624786754529388,0.3260285741289429,0.31149275041811836
0.3345250483560623,0.34168988605591577,0.32378506558802195
0.3509338382523345,0.32667490464486076,0.322391257102805
0.32873983022887093,0.33662094723334973,0.33463922253777906
0.3152030528183711,0.3475974146242822,0.3371995325573468
0.32040678765173425,0.3569042402375863,0.3226889721106795
0.3193614689300888,0.3647302195275489,0.3159083115423621
0.3587097624521654,0.3255269013212761,0.3157633362265587
0.31725972277916037,0.343539373329863,0.33920090389097646
0.3657245428097089,0.32683574836136764,0.3074397088289232
0.3426065934304906,0.33690427302101633,0.32048913354849295
0.325495328293726,0.33770508461520243,0.3367995870910715
0.3662865964976652,0.32397400685447336,0.30973939664786154
0.3493476656747546,0.3292063375719764,0.321445996753269
0.29724351737736165,0.36063275157272345,0.34212373104991495
0.3227932932358042,0.3395636155726598,0.337643091191536
0.35294011453439267,0.3272280440011489,0.3198318414644583
0.28171536346928483,0.3804128792763705,0.3378717572543449
0.35136904254186696,0.32860663700759346,0.32002432045053963
0.32434214255677707,0.3456602519806081,0.3299976054626147
0.3411380604254409,0.3352061660935552,0.3236557734810039
0.30532635291691035,0.35330166194812723,0.34137198513496225
0.3598521296411633,0.3324903757546413,0.3076574946041952
0.33901675211472654,0.33841891461184126,0.32256433327343237
0.37008735745988836,0.32486320855843026,0.3050494339816815
0.3136023247556283,0.3478532743767689,0.3385444008676027
0.35573820564788106,0.32774890122687567,0.3165128931252429
0.3489629519147292,0.32745995353475066,0.32357709455051986
0.33082237058430675,0.3347413595449832,0.3344362698707101
0.3230962330940941,0.33924938336364074,0.3376543835422655
0.34566212226492543,0.3547580491121765,0.29957982862289834
0.324955134406799,0.3446436831511859,0.33040118244201533
0.33910694910346334,0.33351606109443643,0.32737698980210017
0.3415304911404271,0.34150076010869046,0.3169687487508824
0.3408156637195769,0.32997491519382693,0.3292094210865959
0.3215101265345478,0.3422674387501704,0.33622243471528157
0.3116232256763961,0.35284482205775203,0.3355319522658516
0.36012033068355465,0.3256897292523191,0.31418994006412615
0.3295566862458965,0.34334184774663234,0.32710146600747086
0.3207681150123506,0.3425730785007923,0.3366588064868571
0.34522516531297653,0.32855521654850717,0.3262196181385159
0.334922467579852,0.3402866647674195,0.3247908676527286
0.29688667169044797,0.3608446215510167,0.34226870675853527
0.3456782958025352,0.33255056213531087,0.32177114206215385
0.33514998133589524,0.3324780684865261,0.33237195017757887
0.34134095647651985,0.33116336314133843,0.32749568038214166
0.2983656036594603,0.39101971714430894,0.3106146791962305
0.3143319629672523,0.35164233147253626,0.3340257055602115
0.31769073491466976,0.34667609573741126,0.33563316934791915
0.3446746996975286,0.3331884338945732,0.322136866407898
0.33088352084672046,0.33465492520162227,0.3344615539516571
0.3297520814866042,0.3456725416983227,0.32457537681507265
0.36243616887934227,0.32462905669520276,0.3129347744254546
0.35688428096500396,0.32535467875382007,0.317761040281176
0.32804972121715564,0.34561234646086786,0.32633793232197666
0.35759907387872436,0.32648839072364555,0.3159125353976298
0.3365848401755994,0.34235352682390563,0.32106163300049473
0.2976313262114845,0.36202042923993455,0.34034824454858076
0.31933722986020796,0.35158539198130534,0.3290773781584867
0.34829651982121695,0.3279424721865826,0.32376100799220037
0.3242136299271834,0.34080481322161643,0.3349815568511999
0.3297476857116316,0.3426150458782115,0.32763726841015717
0.34627539268435303,0.3289425390922287,0.32478206822341804
0.3169170064359936,0.34790236317362433,0.33518063039038204
0.3375379364906519,0.33611074999489293,0.326351313514455
0.33663265605213255,0.34174500230224614,0.3216223416456211
0.29433953505580246,0.3652279836956607,0.3404324812485372
0.3392464440586139,0.3311852710743658,0.3295682848670202
0.3453117372404385,0.3283299100362016,0.3263583527233597
0.3091436371484748,0.3610202052935681,0.3298361575579569
0.3557901539288174,0.32695125307625905,0.31725859299492365
0.34326123960761035,0.3356459410390801,0.3210928193533096
0.30298913681310546,0.35720179227106247,0.339809070915832
0.3138518860087253,0.34635641214474144,0.33979170184653296
0.3413357328305772,0.3316994387480985,0.3269648284213242
0.3616093516526395,0.324975021393417,0.31341562695394337
0.3431013767216376,0.33535126317887537,0.32154736009948715
0.33314580744260436,0.3370473618695835,0.3298068306878122
0.3166132475512379,0.34559662503093114,0.33779012741783077
0.34747098577107266,0.3306405520572018,0.32188846217172545
0.34557081512870447,0.33461528065880364,0.31981390421249206
0.29905381531023206,0.3607009641900443,0.3402452204997237
0.35730822883711255,0.327220956463757,0.3154708146991303
0.3299294850945597,0.3460915937402561,0.32397892116518423
0.3251463180384104,0.3522568576981687,0.3225968242634208
0.33608720536623493,0.3332875094461542,0.3306252851876112
0.34187771548955104,0.3313061265946835,0.3268161579157659
0.3493806865865138,0.3317104079803723,0.31890890543311395
0.3630533638346441,0.32568001043430317,0.31126662573105274
0.35298739191395534,0.3294758763481975,0.31753673173784686
0.31563391515089256,0.34619642179723414,0.3381696630518731
0.3048528090249488,0.3540240548389554,0.34112313613609574
0.33768544356485375,0.33405669893269857,0.3282578575024475
0.3476351412521406,0.3296124073444362,0.32275245140342357
0.3355655379936745,0.33318090556974816,0.33125355643657717
0.3210187522056409,0.34686516266497674,0.33211608512938207
0.36052840034439526,0.3248830484934967,0.314588551162108
0.3311384106858711,0.33464459380586853,0.33421699550826
0.30495074176311376,0.3535456444159903,0.3415036138208959
0.35458925020340726,0.3258327334867227,0.31957801630987004
0.32322629505703177,0.3500013989578895,0.3267723059850786
0.33120697302907093,0.34680366884117725,0.32198935812975193
0.35778782687170296,0.3264650363559102,0.315747136772387
0.33138281654088053,0.33600926174133605,0.3326079217177832
0.3432130463407173,0.3339038162242146,0.32288313743506813
0.32189510103170693,0.34319307119596043,0.3349118277723323
0.31227475958836964,0.3469935767490933,0.340731663662537
0.3303875109092945,0.3348700731186979,0.33474241597200743
0.3356609845948275,0.3349148735040481,0.3294241419011243
0.3478592923743244,0.32772033118786453,0.32442037643781074
0.3340077339035055,0.33555435510661863,0.33043791098987574
0.322120411841762,0.3456952958887892,0.332184292269449
0.3167649896885768,0.360129088508601,0.32310592180282205
0.3322299057147129,0.33416868233104835,0.3336014119542388
0.31146760209886576,0.3482209878686271,0.3403114100325069
0.31793842495737423,0.3451413494386824,0.3369202256039435
0.3020418873467244,0.35601493535026846,0.34194317730300733
0.34428953099649423,0.333772784082501,0.32193768492100494
0.3292396344753355,0.3429974793894991,0.32776288613516547
0.35907223484352924,0.3294860445779878,0.31144172057848274
0.33376486154571344,0.34642555495723637,0.31980958349705
0.3034845512522283,0.354323151653183,0.3421922970945883
0.31605245908757396,0.34856360323270386,0.3353839376797222
0.31904572408376375,0.3425777481666884,0.33837652774954774
0.31751109580685866,0.3542276728184777,0.3282612313746637
0.3139747355541393,0.3458597931192873,0.34016547132657315
0.3151713011457362,0.36041676213051044,0.3244119367237531
0.35780513104965095,0.32602894850489084,0.3161659204454578
0.35007104155865887,0.3301352532203343,0.3197937052210066
0.3341721058453707,0.3335358429634228,0.33229205119120653
0.3580885344953183,0.3253916309928889,0.3165198345117926
0.3307123060879983,0.3407132446909579,0.3285744492210438
0.33213747870276167,0.336239978384204,0.3316225429130344
0.29047363872357707,0.36751636263482235,0.34200999864160053
0.31659350857271246,0.34805216094064145,0.33535433048664615
0.3180820181510747,0.3434521356097805,0.3384658462391448
0.3640134422149206,0.3243285291248664,0.3116580286602128
0.3225090591563452,0.34652215608050363,0.33096878476315156
0.33087641816907604,0.34104618132550113,0.3280774005054229
0.32587433529260335,0.33757272965320156,0.33655293505419503
0.3530336073509234,0.32678996704839536,0.320176425600681
0.32656014782071724,0.34424686528123793,0.329192986898045
0.3528732647938133,0.33911060696709006,0.3080161282390966
0.3054602674535604,0.3531897555573517,0.341349976989088
0.30078976883022107,0.357121749355811,0.342088481813968
0.36622129951442617,0.3272940156613954,0.3064846848241785
0.36680586829261425,0.3248003549932219,0.3083937767141637
0.3513054527498862,0.3278703683395121,0.32082417891060167
0.32752541380328226,0.3388830860549299,0.33359150014178784
0.3285656519529532,0.339512283556868,0.3319220644901786
0.34156607313187204,0.3378890271825895,0.3205448996855384
0.34797571658329185,0.32768450203326493,0.32433978138344327
0.34918665817742955,0.3314050910510241,0.3194082507715462
0.3226064582637551,0.34697067803666615,0.33042286369957874
0.33440904458695064,0.34385325043964443,0.3217377049734044
0.33180909749282705,0.33416864253097645,0.3340222599761967
0.2895080293871926,0.3734460694049271,0.33704590120788025
0.34156329909886685,0.3304795663817529,0.32795713451938013
0.33189734810747856,0.34558239422701953,0.32252025766550185
0.3227327481765423,0.34684654612381205,0.3304207056996455
0.3366751763238806,0.33184592389143464,0.33147889978468453
0.3628825668592937,0.3618759742470238,0.2752414588936824
0.3293914477902913,0.3434932681854454,0.32711528402426354
0.3222311086282026,0.3406279198415609,0.3371409715302368
0.32134471726847735,0.3413623018447959,0.33729298088672666
0.33663646382662166,0.34136401062908883,0.32199952554428946
0.30068437281731597,0.3574623584490011,0.34185326873368327
0.31000386571263006,0.34914726384940903,0.34084887043796114
0.3215204897487858,0.3475167043172027,0.3309628059340113
0.3582019886145612,0.325110971572023,0.3166870398134158
0.3490883245396147,0.3314417289735976,0.3194699464867879
0.31205670389123963,0.3471398119844585,0.3408034841243016
0.32088500053882496,0.3427679346909407,0.33634706477023424
0.3012596859999728,0.3619162912438686,0.33682402275615825
0.33847743458281804,0.34395411950078963,0.31756844591639233
0.3588025572061277,0.32647516682368916,0.31472227597018343
0.3074821038761578,0.35107261159201825,0.34144528453182404
0.33707588333395877,0.3401697466719166,0.32275436999412443
0.3118724830910884,0.34980339639443264,0.338324120514479
0.33527392905592984,0.3327381571101978,0.33198791383387244
0.3102380495158752,0.34912220549070705,0.34063974499341754
0.30698523951739587,0.35131566609563547,0.3416990943869681
