x,y,z
0.3447679441341446,0.33359671380137507,0.3216353420644803
0.287854739354668,0.3708543094960648,0.3412909511492672
0.30268359479595397,0.3557771889575275,0.34153921624651845
0.33926069161420364,0.3309782595468025,0.3297610488389936
0.33037746947344326,0.3465959371334678,0.3230265933930891
0.3266353738257749,0.33699560461546785,0.3363690215587576
0.34168870442425464,0.3372559150602912,0.32105538051545435
0.2990457195388869,0.3582436503514521,0.3427106301096613
0.3009963288933486,0.3566631913850126,0.3423404797216389
0.3373428508786009,0.33454034527836274,0.3281168038430362
0.35336649825216454,0.32839311611631483,0.3182403856315204
0.36444678402386654,0.32475850925060123,0.31079470672553233
0.3339379654287065,0.3448348725457623,0.3212271620255315
0.30875621261595176,0.3536844152714353,0.3375593721126129
0.31299261407061846,0.3479392179915224,0.3390681679378592
0.3405347942007448,0.3372101734606341,0.32225503233862085
0.3409299471261753,0.3310927067634825,0.32797734611034257
0.3257533208205774,0.3583280725262204,0.31591860665320226
0.3472961659860361,0.328052946929216,0.324650887084748
0.2984178847881182,0.35924937201356094,0.34233274319832074
0.3419822101286958,0.3361886417117798,0.32182914815952457
0.32603559917469493,0.33765188170226934,0.3363125191230364
0.3443075091941711,0.3318712404533583,0.3238212503524703
0.31418338126875844,0.3477564998639639,0.33806011886727744
0.3321434445968024,0.333957482153151,0.3338990732500461
0.3229365058278911,0.3397783590392289,0.3372851351328801
0.2856141560979909,0.38675035450711726,0.32763548939489173
0.32171943881624715,0.3477002995034371,0.3305802616803156
0.3140420782058254,0.3458861260328827,0.3400717957612919
0.3187831617375597,0.34383182666426454,0.3373850115981755
0.33351357020055783,0.33425292589069044,0.3322335039087518
0.33860577348051135,0.33294066608521933,0.3284535604342694
0.3194401876273645,0.34677157298734196,0.3337882393852934
0.3642946053335948,0.32437926887659685,0.3113261257898081
0.32492168472625166,0.35206934215132757,0.3230089731224208
0.3468364306943629,0.33298932949963167,0.32017423980600535
0.34008728487390183,0.33312636737778606,0.3267863477483121
0.33368797435011577,0.346269248563679,0.3200427770862052
0.30401403733664417,0.35634438293630866,0.3396415797270472
0.31991176759979223,0.34158165075881636,0.33850658164139125
0.35995380258760656,0.32625567338897576,0.3137905240234178
0.3563205034967435,0.33190447551596713,0.3117750209872892
0.3241171875661325,0.3385513946188742,0.3373314178149934
0.28367169929060343,0.37657778887469545,0.33975051183470106
0.3141729667065562,0.3482035042695947,0.33762352902384896
0.34153078839960593,0.3298685740218789,0.3286006375785149
0.29135485616284984,0.36786744610765026,0.3407776977294995
0.32710579203420936,0.3469493464288759,0.32594486153691504
0.29985526370626225,0.357251128183264,0.34289360811047376
0.2940445072928049,0.36460060376726533,0.3413548889399296
0.3523367977664795,0.3297441389528175,0.31791906328070285
0.322967126248354,0.33966764092630375,0.33736523282534214
0.3131739114929496,0.3462991644744773,0.34052692403257273
0.32947556252432375,0.3377126476487557,0.3328117898269203
0.35701866690125666,0.3255343978511201,0.3174469352476233
0.33123342524807536,0.3387304729652413,0.3300361017866833
0.31980075570122773,0.3456991360608438,0.3345001082379284
0.3474295352787722,0.3313688444860473,0.3212016202351805
0.31133836511460994,0.35237065791353706,0.33629097697185284
0.32756534574101126,0.3386570410232623,0.33377761323572674
0.3636339411555028,0.3250762779394606,0.31128978090503634
0.3275940249652309,0.347633681141504,0.3247722938932652
0.34040806759732467,0.3445535833673926,0.3150383490352827
0.3286117815503011,0.3373662206552813,0.33402199779441744
0.3703178988525769,0.32439145909754785,0.3052906420498755
0.3383051744713761,0.331625343890271,0.3300694816383528
0.3338488638195003,0.33333506819036196,0.33281606799013785
0.3240332265867889,0.35426655807606555,0.32170021533714527
0.2962700310632932,0.3609036867600044,0.34282628217670225
0.32635173922984073,0.3415766096257942,0.3320716511443649
0.3381839550459068,0.3404619377474053,0.3213541072066879
0.347271480529288,0.32823735170584717,0.3244911677648648
0.31443332410758185,0.34549137299402627,0.34007530289839183
0.32563438697668645,0.34319476064817844,0.3311708523751349
0.30343413749691894,0.3608303741551317,0.3357354883479489
0.3532060935103442,0.32633173457728815,0.3204621719123677
0.3155010863390171,0.34624023169730034,0.3382586819636825
0.310057074590121,0.350717258279044,0.33922566713083513
0.2936690640296868,0.37637948143075456,0.32995145453955865
0.3586820757111747,0.3254117308324417,0.31590619345638343
0.33844167174869133,0.3368472237055048,0.32471110454580393
0.31934595979022146,0.3455576821242968,0.33509635808548155
0.3573371172910006,0.32621200454172455,0.316450878167275
0.3283574098203775,0.33598497577452613,0.33565761440509634
0.3458833493393776,0.33402487479626175,0.32009177586436066
0.3641684158738596,0.3247258578348454,0.31110572629129507
0.30267177066450746,0.36153895069506015,0.3357892786404323
0.3371194180540311,0.33706255332904916,0.32581802861691966
0.3216973679546986,0.34134875886227145,0.3369538731830296
0.31308008054931125,0.3489863141220456,0.3379336053286433
0.3547727631327619,0.3281518676698461,0.3170753691973919
0.2935690971622502,0.36504504298350166,0.3413858598542483
0.2996700873998286,0.36135868238669305,0.3389712302134784
0.31881677414780696,0.34697087525257186,0.33421235059962107
0.3096606705729079,0.3530491317302874,0.33729019769680474
0.31095936326806983,0.3480974173785675,0.3409432193533626
0.3334220309616846,0.3335216216807796,0.3330563473575356
0.31666231537347145,0.3460535802221586,0.33728410440436984
0.3142016687639904,0.345811668041498,0.33998666319451165
0.3321182683647518,0.33948367603478913,0.32839805560045904
0.34921426206383965,0.32919231577117636,0.32159342216498366
0.3041134413659232,0.3552400608131313,0.34064649782094525
0.3347318533212985,0.337735908591726,0.3275322380869755
0.30635414401540395,0.3518473986912196,0.34179845729337643
0.3151899160792275,0.357475891102106,0.32733419281866644
0.3440861297166432,0.333579738333926,0.3223341319494308
0.3517761409916188,0.3262851827550153,0.3219386762533658
0.34832559886187,0.32758378533522947,0.32409061580290033
0.33076219241435534,0.33673160929245904,0.33250619829318573
0.3591373266796475,0.32643024623303774,0.3144324270873148
0.3557286859353871,0.3257805171552744,0.31849079690933846
0.32687004204802217,0.34283387024360823,0.33029608770836966
0.33554110038077034,0.3382569381265979,0.32620196149263164
0.3454619461603162,0.32945234113884203,0.32508571270084213
0.30952859298295676,0.34967535008836204,0.3407960569286811
0.3577372799028643,0.32531973317968177,0.3169429869174538
0.3102595642048075,0.3494135518894825,0.34032688390570986
0.34182177153428955,0.33052195680160257,0.327656271664108
0.3402216527279954,0.33815718484043,0.32162116243157446
0.3344001882277082,0.3391505378047027,0.3264492739675891
0.3307217105346791,0.34181133118998375,0.3274669582753372
0.3354937352742,0.34631896072328155,0.3181873040025183
0.3360157799516704,0.3321348332784828,0.3318493867698465
0.3309607584994342,0.3347712781063473,0.3342679633942181
0.32487732380440243,0.35214976289893174,0.3229729132966659
0.32798299618583376,0.34475175162619465,0.32726525218797176
0.3021001842582204,0.35615656300220483,0.3417432527395745
0.34367336590870845,0.33369927810412703,0.3226273559871644
0.33231747130785433,0.3451882575404263,0.32249427115171925
0.311678863055848,0.3492800942121641,0.33904104273198765
0.28371031746287223,0.3765360805655678,0.3397536019715601
0.3358225875071303,0.3430300430581416,0.3211473694347278
0.35536922533631576,0.3295137704657526,0.31511700419793154
0.3325851449227991,0.33420537037453035,0.3332094847026702
0.34611647355274244,0.3293024423365447,0.3245810841107128
0.3145658915273244,0.3489745305212595,0.33645957795141634
0.30175321921748677,0.3564781424371039,0.34176863834540955
0.3543742969787473,0.32866224838840746,0.3169634546328455
0.35565362097029046,0.32710681839440814,0.3172395606353011
0.3421304325768187,0.33090027381149073,0.3269692936116907
0.3314357255905519,0.33778044445296007,0.3307838299564883
0.33158582487378263,0.33932769827440057,0.32908647685181724
0.3646298347416685,0.325564194912912,0.30980597034541957
0.32891934695619496,0.3507271214815461,0.320353531562259
0.28947358449685934,0.3688983876516221,0.34162802785151825
0.30350161673145215,0.3547164462059647,0.34178193706258275
0.34701039255119315,0.331031802686868,0.321957804761939
0.34735010161562285,0.33344271926634067,0.3192071791180362
0.3042173931139505,0.36520164851397063,0.3305809583720789
0.2976471315016986,0.35955020508623897,0.3428026634120622
0.3371591413149032,0.33772702737955684,0.32511383130553984
0.30067890431158667,0.3602239032950304,0.33909719239338293
0.3469294720771943,0.32787110919403795,0.3251994187287676
0.30373377601118456,0.3544538588667375,0.3418123651220777
0.33146205513010857,0.3349094447556486,0.3336285001142426
0.33636943903548644,0.3432369318521523,0.32039362911236147
0.32957099482581576,0.3395053095301047,0.33092369564407936
0.3413248541546792,0.333034590583304,0.3256405552620168
0.3397132741956841,0.33080292099364517,0.32948380481067086
0.3188016072591846,0.3421125564035406,0.3390858363372749
0.3702901849406609,0.32430698545770165,0.3054028296016376
0.3093475112623648,0.3812891657326646,0.30936332300497055
0.3233989430339849,0.34202071534842954,0.3345803416175856
0.3237113148706255,0.3530603423226826,0.3232283428066919
0.33270740446423064,0.3424480153274284,0.32484458020834084
0.32106734423069017,0.34158720929362546,0.33734544647568443
0.31241381163815163,0.3467739256503317,0.3408122627115167
0.31608628197096167,0.3460656933265083,0.3378480247025301
0.30948032690714394,0.35046413374135543,0.34005553935150057
0.33738950713859645,0.3417418217264395,0.32086867113496403
0.34214736702976867,0.329790457481878,0.3280621754883532
0.31384356431809385,0.34733522400424255,0.3388212116776633
0.32068105695719473,0.344084545182146,0.33523439786065945
0.3535277432156821,0.3410523921152909,0.30541986466902704
0.3057651682140181,0.3564871939241641,0.3377476378618177
0.31606694464178653,0.3475357345055928,0.33639732085262064
0.36212309508746654,0.32473051107366624,0.3131463938388674
0.3574971438504433,0.3255303824109115,0.316972473738645
0.35851847729682884,0.3251621163348001,0.31631940636837125
0.36439350951684274,0.3248456913810815,0.3107607991020758
0.3686674684812218,0.32383819465647623,0.3074943368623019
0.32004464214922546,0.3451777028055795,0.3347776550451951
0.352133655645159,0.3266591260662484,0.3212072182885927
0.3120398965359166,0.3480210832571523,0.3399390202069313
0.27495296573823,0.3900621512540044,0.3349848830077656
0.3351507236199981,0.33658103234183506,0.32826824403816673
0.31430136944075804,0.3464387613823085,0.3392598691769338
0.32944900522353426,0.33938780414780906,0.33116319062865707
0.3306053436929877,0.3475421345536673,0.3218525217533446
0.3401872851468208,0.33244556529901426,0.3273671495541649
0.34197548090040275,0.3362188255979483,0.3218056935016493
0.3353534871771624,0.3373539437282169,0.32729256909462057
0.31265242541649807,0.3474542399150071,0.33989333466849453
0.31036426149792695,0.34921995942685247,0.34041577907522064
0.3667615990917229,0.3245789551543788,0.30865944575389814
0.3279180039872256,0.3432889757351147,0.32879302027765983
0.31186604822834535,0.3499672530014898,0.3381666987701649
0.3097490158608036,0.3500176719233494,0.34023331221584696
0.33852903766917497,0.34002975486328524,0.3214412074675395
0.3171654881665149,0.36424613660242977,0.3185883752310552
0.34200051777931756,0.3366273621238562,0.3213721200968262
0.2954106643317564,0.36281032227052873,0.3417790133977151
0.3124464887651547,0.34955248877013334,0.33800102246471175
0.31322205398751524,0.3567038959864004,0.33007405002608425
0.3229102871855934,0.34619717083584217,0.3308925419785641
0.33667332041279346,0.3338340972819091,0.3294925823052975
0.31630759287632415,0.3466284934077557,0.3370639137159204
0.334184316055733,0.3396354262226812,0.32618025772158576
0.3231506317994188,0.35177345205017474,0.3250759161504063
0.31761307160358065,0.3447048530923489,0.3376820753040705
0.33741656715174,0.33151867627401244,0.3310647565742473
0.33718390832463085,0.3316572939248966,0.33115879775047274
0.3337364647869937,0.34066288243820575,0.32560065277480066
0.345284744111624,0.3285608470050511,0.326154408883325
0.32815979226782205,0.34373106225299005,0.32810914547918785
0.3567211241039606,0.32790536473749826,0.31537351115854084
0.3256325993491572,0.33758756888024244,0.33677983177060017
0.3686348843778541,0.3249492651781677,0.30641585044397834
0.31234953932300963,0.34704239968589123,0.3406080609910992
0.34617290311919724,0.3339516439432597,0.3198754529375429
0.3246199367966056,0.3427721984599309,0.3326078647434634
0.3109530371291964,0.3502465736140924,0.3388003892567113
0.3101574875809776,0.35475921438545077,0.3350832980335719
0.3120767487549433,0.34909870284643485,0.33882454839862186
0.29908579351904835,0.3589448397842268,0.34196936669672484
0.3343450684850475,0.33442168653030246,0.3312332449846498
0.34723844151016325,0.3322028187308384,0.32055873975899835
0.29285500312447066,0.36508614215387103,0.342058854721658
0.32248343506562793,0.3469615156229774,0.3305550493113947
0.35921632074335025,0.3250838809043667,0.31569979835228296
0.31850520859523446,0.3435969415342443,0.33789784987052107
0.31767554103671464,0.35505474859303865,0.32726971037024655
0.3241555888457436,0.3404130754453242,0.3354313357089324
0.32335855018632653,0.3390588666905954,0.3375825831230778
0.3414299848758243,0.3313028962930842,0.32726711883109144
0.3274211846504357,0.3446564479775146,0.3279223673720497
0.3367133800131207,0.3425840727373167,0.3207025472495624
0.3077754907400085,0.35148969068463953,0.3407348185753517
0.31341924161862506,0.3466627992530407,0.3399179591283341
0.31168214873472344,0.352112954876162,0.33620489638911444
0.3305296828531156,0.33484019102476237,0.33463012612212206
0.3274751253550085,0.34462424491011134,0.3279006297348805
0.3407255902405243,0.3300234096920302,0.32925100006744534
0.3210348128042634,0.34544265039942224,0.33352253679631444
0.3232452097251016,0.34256771521447077,0.33418707506042733
0.3364271475947278,0.33487026060377256,0.32870259180149963
0.33344573460862165,0.33578699070790446,0.33076727468347394
0.3081812185179482,0.35210348603683717,0.3397152954452144
0.34206646626376436,0.3401546139577971,0.3177789197784383
0.33050272482696874,0.3462073986436348,0.32328987652939645
0.3249926810952934,0.3383884201345211,0.33661889877018547
0.32489323410514426,0.3393917321942575,0.33571503370059835
0.31916441477437013,0.34181252738389584,0.3390230578417341
0.33155919624792307,0.3379227402551006,0.3305180634969763
0.3019594754499548,0.3563347504939579,0.34170577405608743
0.3336526684456296,0.33337977697813703,0.33296755457623317
0.3331171792458371,0.3453613782097709,0.32152144254439186
0.3254111863803785,0.33776054515845344,0.33682826846116776
0.3413405437496567,0.33393635076701533,0.32472310548332806
0.35492960354817593,0.32929832764959677,0.3157720688022271
0.3017844263350949,0.3557170056655429,0.34249856799936207
0.32708667539118735,0.3455483691200054,0.3273649554888073
0.3286213604847268,0.3367174554729508,0.33466118404232237
0.3379955238649462,0.3314479559620614,0.3305565201729926
0.3595705653278175,0.32695353737875876,0.3134758972934237
0.3873920386259909,0.3294332456426499,0.28317471573135927
0.3258734201521899,0.3394297492035333,0.3346968306442768
0.34636604518703845,0.33042705961478575,0.3232068951981759
0.33812473218590233,0.33198700053807695,0.3298882672760207
0.2914487133174696,0.36747999432423467,0.3410712923582955
0.3185638700838107,0.3440971649878202,0.33733896492836907
0.34320009495836146,0.33523954267869016,0.32156036236294827
0.3686718074939765,0.32440697337801117,0.3069212191280123
0.3367344597092922,0.3367731066628872,0.3264924336278207
0.34476016188492187,0.3374636142603948,0.3177762238546833
0.3337966684991667,0.3422211975519754,0.323982133948858
0.31045867048936615,0.35042669686673705,0.33911463264389685
0.34291586853536093,0.3348643659689206,0.32221976549571835
0.34955794464687573,0.3288903030907064,0.32155175226241817
0.34096132994770323,0.33502193341160613,0.32401673664069064
0.3340376228704452,0.33304608442125305,0.33291629270830175
0.3454797596169794,0.33506283747528104,0.3194574029077398
0.34231890714498997,0.3296043255386045,0.3280767673164057
0.3363809803925195,0.33574944048285926,0.327869579124621
0.31902254089910465,0.34264710551209837,0.33833035358879704
0.2991354629235764,0.36089211334804905,0.33997242372837455
0.3348833759582901,0.3439763090869602,0.3211403149547496
0.32382816143753523,0.34191846993126296,0.3342533686312017
0.31330272046474145,0.34747437908057177,0.33922290045468684
0.32145443138848817,0.34023524367727864,0.33831032493423324
0.3161066052454129,0.3458998116099442,0.3379935831446431
0.304064466333103,0.3543223411140918,0.3416131925528052
0.3517032726072863,0.3299663859344241,0.31833034145828937
0.37941763807320616,0.32594251611493535,0.29463984581185837
0.33053901484452053,0.3367511448554417,0.3327098403000377
0.33907073728622983,0.3397312077409065,0.3211980549728636
0.33348232524910953,0.3372757666395322,0.3292419081113581
0.337447699442399,0.3333653772394481,0.32918692331815297
0.3248790523286438,0.34238163254293186,0.3327393151284242
0.3385818099100426,0.33990841675497885,0.3215097733349783
0.3352298267882986,0.33262964870431777,0.33214052450738357
0.35001223458967984,0.33741645022502287,0.312571315185297
0.3066315489134305,0.35229157509657993,0.34107687598998965
0.34640236972864513,0.3344557301799651,0.31914190009138965
0.3473027615558104,0.32866837756768164,0.32402886087650806
0.3231357144694816,0.3401154782759909,0.3367488072545274
0.31379879139843425,0.34904282305304485,0.3371583855485207
0.3184563338660078,0.365472334628382,0.3160713315056102
0.3624205847990638,0.32461582804565386,0.31296358715528205
0.344766851201581,0.32998582735522586,0.325247321443193
0.3412631358805355,0.3298665435926916,0.32887032052677284
0.3015602349098504,0.36305141131163027,0.33538835377851905
0.30179554282400867,0.3601168433206274,0.33808761385536434
0.2964073469324793,0.36278448067419283,0.340808172393328
0.340450750188465,0.3327484255748572,0.32680082423667794
0.3225477366845557,0.34221141013940726,0.33524085317603713
0.32005223829915563,0.3554916749564045,0.3244560867444398
0.31445146960353143,0.34882315696277677,0.3367253734336919
0.3463806511103359,0.33353198277358825,0.3200873661160758
0.3589179983641754,0.32577185886730126,0.3153101427685231
0.32677560863647054,0.3369348500970939,0.336289541266435
0.3454701946811169,0.3380932171206896,0.31643658819819337
0.3352557573187501,0.33253467959084626,0.3322095630904036
0.3164637650005106,0.34978884660006787,0.33374738839942136
0.3418962658291763,0.3314923308073054,0.3266114033635181
0.3367116965497159,0.33182511623585587,0.33146318721442836
0.31191697928463424,0.34802856163436247,0.34005445908100346
0.3078664398346409,0.3531205499546187,0.3390130102107401
0.31368993679835144,0.3478957192712094,0.3384143439304391
0.33229009033888196,0.33396878528452256,0.3337411243765955
0.34373143684614915,0.33434876514267453,0.3219197980111762
0.3296030723285075,0.35004074748666225,0.32035618018483025
0.3681417447570895,0.3240986343952169,0.30775962084769326
0.3006003107179632,0.3567532223375618,0.3426464669444753
0.31301380143674773,0.3471157579704962,0.3398704405927561
0.31249556863007427,0.35598022447754474,0.3315242068923808
0.32508297508199857,0.34147216173352835,0.3334448631844732
0.3138120962834789,0.3551473439705036,0.3310405597460174
0.3149555844596238,0.348350125207022,0.3366942903333543
0.2960254749126183,0.37493694614799433,0.32903757893938734
0.3708708009415471,0.32472410900157755,0.3044050900568751
0.360969937612141,0.3272499644178334,0.3117800979700252
0.3374465323083393,0.34102630349477525,0.32152716419688565
0.3434632169006322,0.33250679087759016,0.32402999222177786
0.3338818460370527,0.33555526510691536,0.33056288885603174
0.29560662678863364,0.36152546384854367,0.34286790936282285
0.34030108382563456,0.34498806575641927,0.3147108504179459
0.32971645439991965,0.33602104214715955,0.33426250345292075
0.3529215395854274,0.35113261310552696,0.2959458473090455
0.3043508604209627,0.35396837031611045,0.34168076926292656
0.3127629332531763,0.3469092440411641,0.34032782270565914
0.33939365970755875,0.3368272387467314,0.32377910154571
0.32821400318929955,0.3380677849785241,0.33371821183217665
0.3349846961801063,0.33395597471423255,0.33105932910566127
0.3093071956651138,0.35141383648839086,0.3392789678464957
0.35446628117261764,0.3285141359870686,0.3170195828403136
0.3520351524698347,0.3297379005008429,0.31822694702932264
0.32923249392285603,0.3363297019396982,0.3344378041374457
0.32552795076547203,0.3542398967222608,0.3202321525122673
0.3160325691701748,0.34408035541349097,0.3398870754163341
0.36021556219782214,0.3260332236928991,0.3137512141092787
0.29976492279347067,0.3578390245801283,0.34239605262640105
0.316704399910354,0.35312593016560295,0.3301696699240431
0.2859018535567299,0.3739233096208981,0.3401748368223718
0.2940840834336302,0.36579030197229884,0.34012561459407087
0.3194512035008427,0.349747628303254,0.3308011681959032
0.34412229027757746,0.32975121186781803,0.32612649785460446
0.35560983403104474,0.32688332854424407,0.3175068374247111
0.3048363669302014,0.35417300633453375,0.3409906267352646
0.3515900660076182,0.3267026184048213,0.3217073155875602
0.34661784696550113,0.32797893307402026,0.3254032199604783
0.32843196276361786,0.3372603553009647,0.33430768193541716
0.31504999770215075,0.3503127048597916,0.3346372974380575
0.36351106794609933,0.33214571836402595,0.30434321368987477
0.34842615519213604,0.3287377214729869,0.32283612333487655
0.31129658150972794,0.3474873964665849,0.34121602202368695
0.3058556522791796,0.3534359269238714,0.3407084207969494
0.3113984616955894,0.34909267111742665,0.33950886718698403
0.33389686192416934,0.33803488848896635,0.3280682495868641
0.3399721134021936,0.33812221454791214,0.3219056720498939
0.2815811144913377,0.3876325596756405,0.3307863258330216
0.30782614783255424,0.35268981825476864,0.3394840339126772
0.35795574012333553,0.3501769870570279,0.29186727281963676
0.3512305536273179,0.32813288186711176,0.32063656450557054
0.31533029276868113,0.36460509212219333,0.3200646151091258
0.3211706611349951,0.34160281263287406,0.3372265262321309
0.3361046638310251,0.33916454994712697,0.324730786221848
0.3058903649519773,0.352787022745249,0.34132261230277366
0.32487290071486874,0.35037386498026846,0.3247532343048627
0.37378241377248744,0.3244235061291626,0.3017940800983501
0.3344650398229324,0.3332097071613389,0.33232525301572857
0.33641148416097877,0.33228341405833467,0.3313051017806866
0.33913839998585854,0.338753024920056,0.32210857509408547
0.3274916507941339,0.3417764901607795,0.3307318590450862
0.35133590934828574,0.3277167744175757,0.3209473162341388
0.3144577655859399,0.36975363762406327,0.3157885967899966
0.31309029258416143,0.37248040199806215,0.3144293054177763
0.3621639697922627,0.32528887589749234,0.3125471543102449
0.31946797751858447,0.3432840948193455,0.33724792766207
0.30800572928964803,0.350660061901301,0.3413342088090505
0.3194072986636509,0.3453275350314446,0.3352651663049044
0.34020639888799925,0.3342774262296525,0.3255161748823481
0.3605633881875694,0.3256056875717797,0.3138309242406508
0.3193446290673712,0.34992992695856406,0.3307254439740649
0.32471603904203383,0.3387331332629202,0.33655082769504585
0.3598362551080605,0.32503870679573615,0.3151250380962032
0.325999136731799,0.3434843450079967,0.33051651826020423
0.3050601648798106,0.3532808715786839,0.34165896354150554
0.32785935736414834,0.3425126649317518,0.3296279777040997
0.3043395449084418,0.353810792098353,0.3418496629932052
0.3077069860530618,0.3518619628038442,0.3404310511430941
0.3347570626135131,0.3438133734841318,0.32142956390235505
0.32478111262979725,0.3567045999554005,0.31851428741480226
0.31855715423443676,0.34224308141653303,0.33919976434902965
0.32525638529496526,0.34371951118592853,0.3310241035191064
0.3737121019763074,0.32597852293398055,0.30030937508971195
0.31428238633759176,0.3537666349738179,0.33195097868859047
0.3438219795645704,0.3300591461085194,0.32611887432691034
0.3501523648833264,0.32832745683879794,0.32152017827787593
0.3147607908110299,0.34867923179064386,0.3365599773983263
0.3358894869575168,0.33225944063383034,0.33185107240865286
0.3159421174036189,0.3522566179843416,0.33180126461203935
0.32519817856282907,0.3453437697466776,0.3294580516904932
0.2992291810895158,0.3582589886358514,0.3425118302746326
0.3388272245968058,0.33471323217495297,0.32645954322824133
0.3415354002108565,0.3457608149525463,0.3127037848365971
0.29995150491698985,0.3580997587801337,0.34194873630287653
0.31334552279272276,0.35646417168817635,0.330190305519101
0.32630711349987307,0.33728042109825906,0.33641246540186753
0.3228136923771625,0.34049619755608507,0.3366901100667521
0.3294799959565209,0.33545210687148785,0.3350678971719916
0.3292754822226259,0.33715110121741537,0.3335734165599587
0.33071943544023635,0.3471320344000828,0.3221485301596809
0.3511283072014425,0.32726545512072924,0.32160623767782814
0.3461405318878289,0.334129832667116,0.31972963544505495
0.33002567678111583,0.339232321855385,0.3307420013634993
0.30742450078338746,0.35109086180730575,0.3414846374093069
0.33897431017461643,0.33163113787585463,0.3293945519495288
0.3385834031372774,0.33119749270257776,0.33021910416014477
0.34652557337098544,0.33266256913508324,0.32081185749393143
0.3032327730004417,0.3548449240879923,0.34192230291156595
0.32943798970160354,0.3360263397984363,0.3345356704999597
0.3723824009561374,0.32465239325533735,0.3029652057885252
0.36863634392122224,0.3242292497688948,0.3071344063098831
0.3040136866310923,0.3561811588258828,0.33980515454302496
0.3272981605038805,0.33823276982733774,0.33446906966878176
0.31740474080462777,0.344526952632089,0.3380683065632832
0.3620140791553785,0.3251049406254575,0.3128809802191641
0.34399553399171723,0.3332310837539628,0.3227733822543196
0.3172109602361677,0.35580380202857864,0.32698523773525373
0.3360580681032075,0.33606212689791415,0.3278798049988784
0.3105493159590064,0.3498694970225912,0.33958118701840245
0.35969127244771293,0.3252907619508195,0.3150179656014674
0.2898121750128486,0.37242382225676374,0.33776400273038754
0.31945895705478927,0.34704261065002234,0.33349843229518833
0.31067571280327977,0.35026455175128146,0.3390597354454386
0.2852883305880394,0.3888700205800527,0.3258416488319079
0.3314725460742065,0.33481511089951854,0.33371234302627456
0.33547478840943523,0.332320390208524,0.33220482138204044
0.3347689570935505,0.3351758176815472,0.3300552252249026
0.34191240664247413,0.33372275461608336,0.3243648387414426
0.2958543661120785,0.3619265833473215,0.3422190505405998
0.3127611609325263,0.34948253481795943,0.3377563042495141
0.32032776943145674,0.34709819154017735,0.3325740390283658
0.32839055857056476,0.3512578023879346,0.32035163904150077
0.3223160992993211,0.3396740932215696,0.33800980747910914
0.29654256433017034,0.36151431981099985,0.3419431158588295
0.3325947658101203,0.3374306093944751,0.32997462479540474
0.35620747394055063,0.3271731132871332,0.31661941277231626
0.3019597271611803,0.37949413346560024,0.3185461393732193
0.3285887963261942,0.3526711177761961,0.3187400858976097
0.3590089755708601,0.32579889285466546,0.3151921315744743
0.3380551298992637,0.3334733308285489,0.32847153927218714
0.32338368995734945,0.34375320809103543,0.33286310195161517
0.3235858284557165,0.3462863965432974,0.3301277750009862
0.35074082986757094,0.3272515001605317,0.3220076699718973
0.3564497619287858,0.3339622310043664,0.30958800706684775
0.316636616685666,0.3438158748146728,0.3395475084996612
0.34724869625012217,0.3302219065842362,0.32252939716564133
0.3141302849443385,0.3662377593381662,0.31963195571749514
0.2814054010929427,0.38041627962227426,0.338178319284783
0.340524689617158,0.3391111612294603,0.32036414915338174
0.29940079222771165,0.3584108521467496,0.34218835562553856
0.3342413323848439,0.3329699633484705,0.3327887042666857
0.34560788704814693,0.3284316163735064,0.32596049657834675
0.35202234699704066,0.32687526186868754,0.3211023911342719
0.3296456971958617,0.3355735023623686,0.33478080044176983
0.3451239078854077,0.3341130166332644,0.32076307548132793
0.34264599458577955,0.34964493421972287,0.30770907119449714
0.3282152435449074,0.33806587765661833,0.33371887879847395
0.3270950116198773,0.3422076222179721,0.33069736616215045
0.3224583267381551,0.3403244724334832,0.3372172008283617
0.3208093931275773,0.3407098172656194,0.33848078960680333
0.32090115442001166,0.35486314366281946,0.3242357019171692
0.32666310338973414,0.34329348350993455,0.3300434131003313
0.3191551660317314,0.3462921018370846,0.33455273213118436
0.3455105996251908,0.3285488081964355,0.32594059217837346
0.30211072465291033,0.3775130726687602,0.32037620267832956
0.3249455908717095,0.3539861038384744,0.32106830528981617
0.34108399914996235,0.33745408316830283,0.3214619176817349
0.3243098314941322,0.3396879687730806,0.3360021997327871
0.3380359926045695,0.3361148577230491,0.3258491496723813
0.2986977084004571,0.3598238121117555,0.3414784794877872
0.31445091878051057,0.3481903205217801,0.3373587606977089
0.3407122491121003,0.3487414510568621,0.31054629983103743
0.3158125574930397,0.34659474292827264,0.33759269957868754
0.3291220834736022,0.3455204350342535,0.32535748149214405
0.3159871823231999,0.34764243602467565,0.3363703816521245
0.3309889603186258,0.3426572915410764,0.32635374814029794
0.32744366858169516,0.34613918717392766,0.32641714424437707
0.35993441887937505,0.33784922663803146,0.30221635448259354
0.34036375791992823,0.33843060748557846,0.32120563459449336
0.3479950254104513,0.3326055726826502,0.3193994019068987
0.35619761723994176,0.3276387753309988,0.31616360742905936
0.30124120634323837,0.3601604499459084,0.3385983437108532
0.29083157670390364,0.37982684221692037,0.3293415810791763
0.31979556170809864,0.3419006702598455,0.3383037680320556
0.30746572457130017,0.35162554178880423,0.3409087336398958
0.3032937981764593,0.35462000548627826,0.34208619633726245
0.345862897754289,0.3306498843986358,0.3234872178470751
0.3022793376661906,0.3557103650944695,0.34201029723934007
0.28326110479192196,0.3810208141687488,0.3357180810393293
0.3148048726580225,0.35170143817216504,0.3334936891698124
0.357567992576695,0.3265692635247848,0.3158627438985204
0.3107292903876465,0.34834170739262793,0.3409290022197254
0.34365154247634006,0.3324666517525606,0.32388180577109904
0.3587843700562217,0.3262524506472667,0.31496317929651174
0.32397340299571836,0.33942944834968847,0.33659714865459345
0.31715353883545144,0.35854664987673396,0.32429981128781427
0.3553901122406439,0.34096346259472377,0.30364642516463236
0.30528224096817536,0.3552812775416371,0.3394364814901877
0.3210857558503495,0.3452836659340538,0.3336305782155968
0.3547587850407829,0.32601363770237957,0.31922757725683754
0.34363333476032754,0.3322661328653391,0.32410053237433345
0.32773728769805255,0.3364721468594026,0.3357905654425448
0.3000143303390087,0.3579580514939589,0.34202761816703253
0.3323370651897123,0.3378094065697149,0.32985352824057296
0.298463094317357,0.3586209971539582,0.34291590852868503
0.3010292471996363,0.35663556287713855,0.34233518992322515
0.3097670080702978,0.3578749948160719,0.33235799711363034
0.3570070190749577,0.3264637567426306,0.3165292241824116
0.3348743029543178,0.3344509076485873,0.3306747893970949
0.37260194890105636,0.32727611075237584,0.30012194034656764
0.30976179353628824,0.35026377398467495,0.3399744324790367
0.31928358965469233,0.3420369568485086,0.33867945349679907
0.3302692379213333,0.3457457578882099,0.3239850041904568
0.3085089697384662,0.3501273795961306,0.34136365066540314
0.34583529419297254,0.32897582855194524,0.3251888772550817
0.3585060457156365,0.32527591930205857,0.31621803498230494
0.3199845619377741,0.34624749443030733,0.3337679436319186
0.3311635310898136,0.3352141688500693,0.3336223000601171
0.3644322207806886,0.32421824351569517,0.3113495357036163
0.305521861635779,0.35986913719883945,0.33460900116538145
0.360356622178687,0.32486654549816635,0.3147768323231463
0.32445389983543804,0.3394551253180683,0.33609097484649336
0.36635443960180697,0.32429469552355183,0.3093508648746414
0.31905274896982483,0.3467206330543988,0.3342266179757763
0.308591481688564,0.3506826956866973,0.3407258226247386
0.3128752118352677,0.34951607414321434,0.337608714021518
0.34321841159816335,0.32987522743952735,0.3269063609623094
0.32636189170687174,0.35306282404456346,0.3205752842485647
0.31659852094130136,0.3437494332431368,0.3396520458155618
0.3259973806376803,0.3461485621401369,0.3278540572221828
0.34745028335860284,0.32846846610897024,0.32408125053242687
0.2834666226036517,0.3777863948648752,0.3387469825314727
0.3457023679104917,0.3295652762147188,0.3247323558747894
0.35092351145142364,0.3278615837301138,0.32121490481846293
0.362120304804081,0.32618425119900335,0.3116954439969156
0.3171322438794756,0.3475062894613231,0.3353614666592011
0.32774117468941344,0.3385392948817587,0.3337195304288277
0.33566289313858644,0.3322067459054221,0.33213036095599113
0.3349114094940697,0.3378758513140639,0.3272127391918664
0.33331482569393284,0.34203222041338205,0.32465295389268456
0.3172025697120902,0.3480730721537049,0.33472435813420476
0.3464609899880154,0.3280784714989403,0.32546053851304435
0.32005763705063517,0.34278347318840385,0.3371588897609611
0.32063284932144337,0.3574805209023949,0.32188662977616167
0.3325249829742065,0.34764637898215234,0.31982863804364137
0.29323723369727894,0.36348946840311247,0.3432732978996086
0.3646005732186495,0.324534049635213,0.3108653771461373
0.3367479983626809,0.3408168819507463,0.3224351196865728
0.33847146169275605,0.3370203298751049,0.3245082084321388
0.30403782759496584,0.3542442631231264,0.3417179092819082
0.33039672067348674,0.34134050006478933,0.32826277926172387
0.3432735745991671,0.3303047459842507,0.32642167941658207
0.3360233030181299,0.3427853715449636,0.3211913254369065
0.3464186695573754,0.32819481605500744,0.32538651438761695
0.3255691143920299,0.34393048790012837,0.3305003977078418
0.32294601068717466,0.3399759781593344,0.3370780111534908
0.2918709200414261,0.3656397153401058,0.3424893646184677
0.30535279649257785,0.3527206563134776,0.34192654719394455
0.3255327070860654,0.33782890279013067,0.33663839012380353
0.3270924894843833,0.3538406509391141,0.3190668595765024
0.36521532374762333,0.32437853993359533,0.31040613631878144
0.3071072576798129,0.35114236739967075,0.3417503749205163
0.33486040682053103,0.3432814460744458,0.3218581471050235
0.29413435603523075,0.36329447277200083,0.3425711711927687
0.327313936515775,0.3521059473980354,0.3205801160861895
0.3079915199648753,0.35150590602573095,0.34050257400939354
0.32547485026761147,0.3410581108920906,0.33346703884029794
0.2997011768865454,0.3612486064961892,0.33905021661726564
0.3408157984397976,0.3299988352444729,0.3291853663157296
0.3038647958064439,0.35455664860989655,0.34157855558365957
0.3175823538915456,0.34572169072889614,0.3366959553795581
0.31667812448822996,0.3456898692560635,0.3376320062557066
0.3316689420422201,0.3343040869222846,0.3340269710354954
0.35114473517751327,0.32885852065240573,0.3199967441700811
0.3537325908807036,0.32616772474514844,0.32009968437414793
0.36417869124089064,0.3253499972830423,0.31047131147606716
0.32337615922439067,0.33951251978511343,0.33711132099049623
0.3421443816063111,0.3294557973302233,0.3283998210634657
0.32549712458244556,0.34486575394188973,0.32963712147566465
0.31062171186588994,0.34830104733109624,0.3410772408030135
0.3194246195398549,0.3434983201957248,0.33707706026442014
0.3022453487772929,0.3556268573774115,0.342127793845295
0.3629255621565403,0.3258969863339228,0.31117745150953713
0.35872544854689525,0.32505668721076164,0.3162178642423428
0.2987723277229786,0.3599687059521368,0.3412589663248844
0.2877136753317263,0.3739536041340634,0.33833272053421026
0.3013464243767495,0.36003649866387344,0.33861707695937704
0.3214181243674423,0.3457440562233048,0.3328378194092528
0.30368813818246665,0.3543575024205011,0.3419543593970321
0.3527663913922247,0.328316867232758,0.31891674137501697
0.2980735331775317,0.36000204552895493,0.3419244212935131
0.2966021661632979,0.3606695021310101,0.34272833170569184
0.34420712505598716,0.33498501522752777,0.32080785971648507
0.323672374569529,0.3395092380638456,0.3368183873666252
0.330393639118595,0.3358904657401356,0.33371589514126926
0.33205144174254086,0.33789990460204383,0.33004865365541525
0.3425828437341909,0.33286373272502007,0.32455342354078887
0.3505677433530884,0.3306835410226306,0.318748715624281
0.33761757624645694,0.34054746058233115,0.32183496317121163
0.32224403117798295,0.3401754344385654,0.3375805343834516
0.29078457018381276,0.3690711339272079,0.3401442958889792
0.3482553626529454,0.32878952191435906,0.3229551154326956
0.3103783215571113,0.35003813214927154,0.3395835462936172
0.33369339930622943,0.3418193762919998,0.3244872244017705
0.3188037753696431,0.3454610384824556,0.3357351861479013
0.3451907938912964,0.32956068705796804,0.3252485190507354
0.3189324574817699,0.34482578354368393,0.3362417589745462
0.31271073830923724,0.34815963551325,0.33912962617751236
0.29550752911807665,0.36231721939067313,0.34217525149125017
0.3213844719770661,0.3544635597283767,0.3241519682945571
0.32528779698175636,0.34038082752990045,0.3343313754883429
0.32852361915693595,0.33826824019104734,0.33320814065201687
0.3208492285147918,0.35790735505520416,0.32124341643000387
0.32137363528501567,0.343178174844506,0.3354481898704783
0.35428159667571213,0.325848378441389,0.3198700248828988
0.3238598378002154,0.34858721505988755,0.327552947139897
0.3239177913314189,0.33921706464283335,0.33686514402574774
0.3159916452904884,0.34736579948022284,0.33664255522928876
0.3474798420446967,0.3311607892640953,0.32135936869120785
0.31849510640308326,0.3458437428666189,0.335661150730298
0.30691069245143415,0.36260152932135215,0.3304877782272137
0.30952780345745357,0.3504741258670981,0.3399980706754486
0.3762588737500894,0.3285672862910382,0.29517383995887225
0.32234352193146615,0.3436043389715034,0.33405213909703013
0.3254632219625697,0.344282991988306,0.3302537860491245
0.3198397056777533,0.3637780952670855,0.3163821990551613
0.3098555437650585,0.34852415165950434,0.34162030457543713
0.30820944020493707,0.350580332804983,0.34121022699007963
0.34128130943040536,0.33219998338159706,0.32651870718799764
0.3244006925144678,0.34997855759554675,0.3256207498899856
0.286842754882366,0.37632599407571665,0.3368312510419176
0.35313753595191677,0.32649038356956317,0.32037208047852006
0.3472444792438039,0.3294739802107247,0.3232815405454711
0.37188253351295086,0.323984133281399,0.30413333320565034
0.3411374380561427,0.33854003741430927,0.320322524529548
0.31386280963106117,0.35109901443710134,0.3350381759318374
0.3367655122952049,0.3317058496362256,0.33152863806856947
0.3062691969361262,0.3515396243216934,0.3421911787421803
0.33886833593838417,0.3473254682431494,0.31380619581846636
0.33928606204390943,0.3404151131162806,0.3202988248398098
0.3200623996596022,0.3646565168216333,0.31528108351876444
0.32869337613212973,0.33841863135958294,0.33288799250828766
