x,y,z
0.4408773128584135,0.2832196258695076,0.27590306127207886
0.44662997790530623,0.29048660754005184,0.26288341455464176
0.4619849096855777,0.29336302160133937,0.24465206871308318
0.4545310400318096,0.30047774456323756,0.24499121540495317
0.43407920555641655,0.27554761234987757,0.290373182093706
0.4434871394260437,0.28288355871768334,0.27362930185627266
0.44426315323749743,0.2776972320137934,0.2780396147487092
0.4483179046561652,0.27970508414544526,0.2719770111983897
0.44116014982067064,0.2869900854673664,0.27184976471196287
0.43316471226861564,0.26945916137394427,0.29737612635744004
0.43460911275308556,0.28459100683044747,0.2807998804164671
0.4355358383955729,0.26690293133012816,0.2975612302742989
0.44267117732677685,0.27518797992456717,0.2821408427486558
0.42523681336699193,0.27340595869741746,0.3013572279355905
0.43428600640596177,0.2722945077479223,0.29341948584611577
0.45675564985393247,0.29491621660912914,0.24832813353693856
0.4510526094569946,0.2855196191601463,0.263427771382859
0.43231670570442526,0.28023575743403417,0.28744753686154023
0.4426437771977926,0.27575267221781463,0.28160355058439235
0.44146551595366534,0.2858139370182259,0.27272054702810866
0.427707456480674,0.26612215046831234,0.3061703930510136
0.4286338467360427,0.26501050772869,0.3063556455352672
0.45068649615987855,0.2931129413915715,0.2562005624485497
0.44057076360792835,0.28446384264406194,0.27496539374800955
0.4268627543966522,0.2658500197269931,0.3072872258763545
0.42863338737520773,0.26616210332083085,0.3052045093039616
0.42738758280121814,0.27420631086053615,0.2984061063382457
0.4405421222237018,0.276296540784596,0.2831613369917021
0.4324647411306189,0.26623027309181846,0.3013049857775629
0.4370032518800945,0.2868847924492127,0.2761119556706927
0.4283444685498596,0.26356494686861043,0.30809058458152994
0.43022523475646324,0.26452602779801476,0.30524873744552194
0.43498280539001244,0.2701778464263879,0.29483934818359947
0.43449154621649483,0.266126203052612,0.2993822507308932
0.4273503486475437,0.2766724775292091,0.2959771738232473
0.438199380254218,0.2974923820457206,0.2643082377000614
0.4476072497184711,0.29163347367012615,0.26075927661140286
0.4465758966202446,0.278100538953856,0.2753235644258993
0.43105257093457844,0.26841914116319215,0.3005282879022294
0.44633475513727966,0.27863653306167746,0.2750287118010425
0.4319869090567102,0.26844176484727933,0.2995713260960104
0.4271903917972034,0.2736760286222365,0.2991335795805604
0.44749681258131874,0.28668228379503213,0.2658209036236494
0.4417970614131589,0.2817855037741457,0.2764174348126952
0.44099790532391686,0.27730065150048205,0.2817014431756012
0.4295668785012148,0.2718064432015034,0.2986266782972814
0.4396629611000016,0.288183823769258,0.2721532151307404
0.41572062585147723,0.26527007461513624,0.31900929953338664
0.44745366849389334,0.29693842915623575,0.2556079023498707
0.4429527392792253,0.28636944629339783,0.2706778144273765
0.461145833611462,0.30435998009136406,0.23449418629717367
0.444350114263227,0.2827400203600978,0.27290986537667516
0.43663369384072304,0.27728808749360334,0.2860782186656735
0.4433818272459704,0.2939723820967435,0.2626457906572859
0.44284939402226337,0.27540900699499393,0.28174159898274265
0.4160461193957523,0.26894869149265266,0.3150051891115952
0.44052635575779275,0.2843282974185308,0.2751453468236762
0.444148007728008,0.27517402094273213,0.28067797132925987
0.4639364866689525,0.2988194789874767,0.23724403434357058
0.4191775512348543,0.27306000919773155,0.3077624395674144
0.43335492650758894,0.2798824026251808,0.28676267086722984
0.4628838285967166,0.28961451161336677,0.24750165978991678
0.4470458286191479,0.28531447767921414,0.2676396937016382
0.4363745466135964,0.264138941823673,0.29948651156273043
0.44300334579858236,0.2740550329651544,0.2829416212362632
0.4476332741037915,0.27698501664114245,0.27538170925506583
0.4234570520273923,0.2635799704712466,0.3129629775013608
0.44383904738334173,0.2802438344189369,0.2759171181977216
0.44969572407707065,0.28063833188103693,0.26966594404189237
0.43887238261222383,0.2854408344836049,0.27568678290417103
0.45194477358230367,0.2895437994205735,0.2585114269971228
0.452488236288927,0.29364040041138845,0.2538713632996847
0.43170641809400484,0.26489420005109815,0.30339938185489695
0.4321655885676463,0.2713781446744315,0.29645626675792225
0.4491029557781536,0.288726021121267,0.26217102310057944
0.4472136405629886,0.2842218591315203,0.2685645003054908
0.4452346392371844,0.28723139763942407,0.26753396312339156
0.43321521621252307,0.26523816460158584,0.30154661918589093
0.4505201020242612,0.29930830870080166,0.2501715892749373
0.44364862732239274,0.283408654350188,0.2729427183274193
0.44324522857338056,0.2893677289525969,0.26738704247402256
0.45355807155737093,0.2967137076532308,0.24972822078939816
0.4405320594628823,0.2838806961325496,0.27558724440456817
0.46824022161026035,0.29948302851902175,0.2322767498707174
0.4299311265742958,0.2722111535821305,0.2978577198435737
0.43613471410501103,0.270526460393854,0.2933388255011349
0.44993742512661083,0.2778391658073359,0.27222340906605336
0.45859185998822966,0.3001101635059473,0.24129797650582296
0.4383263675544791,0.2828826080609717,0.27879102438454934
0.4499839678736438,0.2815276936857958,0.2684883384405605
0.44828520021214113,0.28618664348180745,0.2655281563060515
0.43194831171170456,0.2730472603461735,0.2950044279421222
0.4381717458508225,0.2800472039188639,0.28178105023031363
0.4476338570106025,0.28945378711904324,0.26291235587035383
0.43420435669495855,0.27609095304355985,0.28970469026148155
0.4546667074162589,0.2901650062962694,0.2551682862874718
0.4256824207202716,0.26461881426382283,0.3096987650159053
0.45066356727483814,0.27298153337109876,0.2763548993540632
0.44428215039196006,0.2861728872763235,0.2695449623317163
0.4382721813836322,0.2833000327553602,0.27842778586100714
0.4582069341489214,0.2814800931372773,0.26031297271380116
0.43468774586452685,0.2734450864860789,0.29186716764939397
0.4306953674364147,0.2633360558407714,0.30596857672281397
0.436796850821284,0.2886169386039289,0.2745862105747872
0.4434477486196703,0.28523658818137343,0.27131566319895634
0.4302280030063039,0.2726532061318111,0.2971187908618851
0.4249578104768922,0.26814238238883464,0.306899807134273
0.4336643308829459,0.27520114963342435,0.29113451948362984
0.44848692261079903,0.28216174763743473,0.26935132975176634
0.4271080212442113,0.2739471655346517,0.29894481322113686
0.45016091222528176,0.28741546409017,0.2624236236845484
0.446587211881996,0.28907120890389687,0.26434157921410695
0.4366207465837214,0.2897012385409402,0.27367801487533866
0.44144016093983374,0.28174793663731823,0.2768119024228477
0.4363866491030332,0.27609276018016593,0.2875205907168009
0.4547491434165354,0.28990525961975316,0.2553455969637112
0.44751148522153283,0.27449636890494933,0.2779921458735176
0.44274226850911014,0.2868272810450011,0.2704304504458885
0.4328342027886974,0.28490219724603016,0.28226359996527234
0.4340279874088907,0.27570126336291695,0.29027074922819207
0.42316067621077824,0.26834384079700047,0.3084954829922214
0.4559971819463362,0.27250779538061176,0.2714950226730522
0.4344251273376385,0.2799276716857809,0.2856472009765808
0.46268209204175453,0.30868625390020316,0.22863165405804248
0.4333630900449994,0.27415648291993855,0.29248042703506194
0.4130003959986361,0.2673967551836564,0.3196028488177072
0.4432074965923455,0.29114733232437184,0.26564517108328284
0.43136850414070516,0.26950898982729665,0.29912250603199786
0.4502913163814005,0.28889723363413744,0.26081144998446215
0.4316804795345569,0.2738901723990502,0.29442934806639326
0.4478819760452497,0.29015000240818367,0.2619680215465665
0.4467496737499178,0.3037211642855866,0.24952916196449554
0.4389515295480192,0.27360848881004607,0.28743998164193474
0.42784934419361403,0.26872209563561056,0.30342856017077524
0.43992761079318937,0.28957622290684404,0.2704961662999662
0.45493906959866764,0.29997322156199113,0.24508770883934106
0.4460300856682626,0.28321493631969735,0.27075497801204024
0.4345568306908847,0.26290049350453654,0.3025426758045786
0.43514304663885006,0.2676218617669967,0.2972350915941536
0.414208414834832,0.26435372964537474,0.3214378555197933
0.4316800302099014,0.2606227650489868,0.30769720474111195
0.44300665069988054,0.2760731823324124,0.28092016696770705
0.46027027335549475,0.30438528040218915,0.23534444624231615
0.4185791220682843,0.26378975333732935,0.31763112459438647
0.4255001456770348,0.26444657675693894,0.31005327756602663
0.44074865278339354,0.27143822249943483,0.2878131247171717
0.4358672252302215,0.27791792667303883,0.28621484809673947
0.44085554866992926,0.2825152298529324,0.27662922147713853
0.4456594477208701,0.28865621226682137,0.2656843400123086
0.4240048814277239,0.2761502735168061,0.2998448450554701
0.45142593821862725,0.29677924670007116,0.25179481508130175
0.44704148765499435,0.2874839392161867,0.2654745731288194
0.4474488400452274,0.2831110077109911,0.2694401522437814
0.42801440647237354,0.2718334183855471,0.3001521751420789
0.4300222158537094,0.2703886763234144,0.2995891078228761
0.4351141267430037,0.2743904169581012,0.290495456298895
0.4229546541375277,0.2784570374373456,0.2985883084251267
0.43668642813961767,0.27298568586106914,0.29032788599931286
0.45210250509074507,0.29095123809834356,0.2569462568109112
0.4515275880435539,0.2820411293455609,0.266431282610885
0.44830941127072144,0.2852099034785126,0.2664806852507656
0.46471883011622667,0.2992601247528762,0.236021045130897
0.4437393752668367,0.28898891992543685,0.2672717048077266
0.4434625652786992,0.29766561893263216,0.2588718157886687
0.42008221853494815,0.26558815002117303,0.31432963144387865
0.43483202257119535,0.268930578429223,0.2962373989995815
0.43484271008933584,0.2803562318222545,0.2848010580884097
0.4375407774401209,0.28175606629603633,0.2807031562638427
0.43145170805754646,0.2641318046833521,0.3044164872591014
0.43809361285081216,0.2758880418494527,0.2860183452997347
0.4317534357959154,0.27713573288531645,0.29111083131876814
0.43532306814655647,0.2778324862594973,0.2868444455939459
0.44547287735154684,0.28540595645315503,0.26912116619529836
0.43336783225832104,0.27598223082508144,0.29064993691659735
0.4334427664248901,0.26892919497196066,0.2976280386031491
0.4445600072965586,0.27843703308207696,0.2770029596213645
0.4356124288938705,0.2675374947392638,0.2968500763668654
0.429906508852595,0.2722177420381779,0.297875749109227
0.4525359763928229,0.28867026800787465,0.2587937555993024
0.43646119028764585,0.2734402011017128,0.2900986086106413
0.4314051281246873,0.2680466469941347,0.30054822488117783
0.43192905065026393,0.2771413648559428,0.29092958449379314
0.44609716042852166,0.2893528332249711,0.2645500063465072
0.46027934107013946,0.29707822173836884,0.24264243719149148
0.44775753508973387,0.2709527372393049,0.2812897276709607
0.42420177741930193,0.2691920537563204,0.3066061688243777
0.4299683244635536,0.26621885848462834,0.30381281705181795
0.4410979175674634,0.2694439455467018,0.28945813688583466
0.46500130031403303,0.29533598409696915,0.23966271558899793
0.4361015603417143,0.27256940816501385,0.29132903149327183
0.4433400165441075,0.2841102112508671,0.2725497722050255
0.4330303169790239,0.27499962931939875,0.2919700537015773
0.42482741729126944,0.2707918781786909,0.3043807045300395
0.4541169336929831,0.2823502411867925,0.2635328251202238
0.4288751763116106,0.27878894516085684,0.2923358785275323
0.4512042592089246,0.2876633693489002,0.26113237144217516
0.4342451482178619,0.2734500444720861,0.29230480731005176
0.43594095439473124,0.2741891845552463,0.2898698610500225
0.4209036536357804,0.2719724172124979,0.3071239291517218
0.43874587259762327,0.2791889912242682,0.2820651361781086
0.4522385291453736,0.2934494227310469,0.2543120481235791
0.43630580580710066,0.27679554994157746,0.2868986442513218
0.4448238216136181,0.2849581645849923,0.27021801380138954
0.45196875149327653,0.2690501892035219,0.2789810593032014
0.4316940401884884,0.2804769397936903,0.28782902001782096
0.4671439354962681,0.28563187214535946,0.247224192358372
0.4334652049349169,0.2652595644268382,0.3012752306382451
0.4487393557196798,0.28542778215791875,0.26583286212240126
0.4440696956948523,0.28050487192306534,0.2754254323820824
0.4401551311427524,0.2840607733380597,0.275784095519188
0.44889013687122425,0.2760960457647017,0.27501381736407426
0.4299837484382921,0.2788655056296837,0.2911507459320244
0.44771321701439715,0.2852957111871086,0.26699107179849435
0.4427240081744898,0.2715002441515396,0.2857757476739704
0.4524365771574933,0.29586375197278136,0.2516996708697252
0.4374260905749694,0.28454372227901076,0.2780301871460195
0.45277877189978666,0.2965081277752619,0.2507131003249514
0.44489696220376657,0.2742744379593043,0.2808285998369289
0.4445297604558822,0.2870316117995718,0.26843862774454585
0.44105542337156894,0.2820711429772913,0.2768734336511396
0.43199841980967857,0.2701245133641057,0.2978770668262155
0.4461124134440737,0.3013712243562995,0.25251636219962675
0.4579748823397639,0.2934558300849518,0.2485692875752843
0.44180030712300544,0.27508596673939134,0.2831137261376031
0.43922888331797366,0.2837424011321753,0.27702871554985115
0.44307386606159627,0.2681890507380035,0.2887370832004005
0.4393799427363404,0.27625513373234906,0.2843649235313103
0.4438309118415896,0.27990464246458735,0.2762644456938232
0.4580741768726161,0.29253510763394197,0.24939071549344194
0.4433719521016082,0.2841329352583696,0.2724951126400222
0.4326000863998038,0.2716525364711981,0.2957473771289986
0.43283161998096076,0.27844440541925913,0.2887239745997803
0.43211341162543604,0.2710177462479224,0.2968688421266409
0.4267822806942956,0.28063073599657473,0.2925869833091297
0.44572877847467685,0.29301565492548887,0.26125556659983407
0.45688856844690096,0.2924495003929417,0.2506619311601574
0.4372333438107633,0.28846414351491134,0.2743025126743255
0.4427013212054922,0.2726180924928303,0.28468058630167725
0.43957539323439154,0.2663215527657682,0.2941030539998398
0.4427412585267546,0.28296925784889115,0.27428948362435446
0.43840292358479893,0.28100296976031425,0.2805941066548866
0.43500812651648674,0.2760859301882887,0.28890594329522457
0.4277299984650546,0.2646933701319968,0.30757663140294833
0.42261918045049385,0.27117937556231325,0.30620144398719273
0.44047358828824196,0.2833984751886941,0.2761279365230639
0.4598403770240717,0.29202425940139876,0.24813536357452953
0.43238815231688144,0.28167595584168925,0.2859358918414293
0.44903650851813315,0.2816509448160157,0.269312546665851
0.4543885300056697,0.28809958337777986,0.2575118866165505
0.4240904434492256,0.27250446884811125,0.3034050877026631
0.4280269476233228,0.2655565215694197,0.3064165308072574
0.43851356712093964,0.27509022131750105,0.28639621156155914
0.43091185227507955,0.2722627606606129,0.2968253870643073
0.4416297114408786,0.2818317505087787,0.2765385380503426
0.45446680949410745,0.29055786829693236,0.2549753222089599
0.4411636142413486,0.284881315551741,0.27395507020691007
0.44439635046376824,0.28968062211559475,0.265923027420637
0.4413821222835336,0.2700636305900433,0.28855424712642297
0.44726831626638164,0.28775147133279017,0.2649802124008282
0.4318421370833335,0.278599620442351,0.28955824247431544
0.4519885452023228,0.27325524415392366,0.2747562106437539
0.43581397319589316,0.2891910568375621,0.27499496996654466
0.45972077379543996,0.2852179005750281,0.2550613256295319
0.4545284728490968,0.2966812994554636,0.24879022769543935
0.42892811370366407,0.26644153099313517,0.3046303553032011
0.43697370109790057,0.27288199355789744,0.2901443053442022
0.4299803654576716,0.2767972367612783,0.2932223977810502
0.44322108155205286,0.28800283847504293,0.26877607997290415
0.448685327605701,0.2952710623191638,0.2560436100751354
0.43690858377620806,0.2711904769234914,0.2919009393003006
0.4497498383923963,0.27767610710864077,0.2725740544989629
0.4503943497861983,0.2844724936626115,0.2651331565511899
0.42683649518550026,0.2876098374813302,0.2855536673331694
0.4529303109642346,0.29708936871256925,0.24998032032319603
0.43520435082311487,0.27246718165924244,0.2923284675176425
0.44342934904984443,0.2878118357588715,0.2687588151912839
0.4627998360251755,0.2940586226827163,0.24314154129210808
0.4426583454939448,0.2737352001216148,0.2836064543844404
0.44795939152711395,0.2903327525415547,0.26170785593133095
0.4492270960244327,0.2992725611550774,0.2515003428204895
0.43081493310781993,0.26907472662271936,0.3001103402694607
0.4565278774015178,0.294028147209786,0.24944397538869645
0.4428363413817384,0.2819941020970968,0.2751695565211647
0.4378787347325468,0.2840604746033446,0.2780607906641086
0.44013924975618235,0.2862987446954469,0.2735620055483705
0.46292401421954854,0.29178579846274055,0.2452901873177109
0.44836699276946457,0.2804838827562602,0.27114912447427525
0.4382812765840446,0.2810355637135651,0.2806831597023901
0.4300450016254329,0.26426618958367193,0.30568880879089533
0.43729764479374433,0.27447713689200537,0.28822521831425063
0.4313727538551859,0.27687116916405125,0.29175607698076245
0.42862618971897415,0.2768097190763109,0.2945640912047154
0.45863524928997657,0.29509675500785487,0.2462679957021685
0.4415815267885955,0.26998463825180347,0.28843383495960084
0.42005510871711726,0.26862341396752587,0.31132147731535675
0.4493431586970285,0.29298699730578487,0.2576698439971865
0.43253413169150934,0.2876295759618389,0.27983629234665164
0.43094448123387696,0.28569312394197,0.2833623948241531
0.45837919569265706,0.29462011083353434,0.24700069347380857
0.4336338351736439,0.26433930950946255,0.3020268553168934
0.4277743082874078,0.2687324176248739,0.3034932740877182
0.43305970310241465,0.26649825581960884,0.3004420410779767
0.4480682747866307,0.29143417168306707,0.2604975535303023
0.433633877265316,0.2653879406177767,0.3009781821169073
0.44471446149851485,0.2868509129750538,0.26843462552643116
0.4677849878479643,0.31352952345767604,0.21868548869435947
0.45333145701369804,0.28493461772392437,0.26173392526237743
0.453190981750057,0.29672612373016705,0.25008289451977606
0.43566726300325986,0.2832147957142192,0.281117941282521
0.44401715504843975,0.27242666945888516,0.283556175492675
0.4344464571027251,0.2668822834032561,0.29867125949401885
0.4440060331216047,0.27327330740430456,0.28272065947409114
0.434536804825714,0.26288353923801017,0.30257965593627595
0.44475950287697574,0.27956542674824625,0.27567507037477806
0.4379445435314234,0.27824809493783786,0.2838073615307389
0.42911370465870624,0.2769817553838295,0.2939045399574641
0.45408238008446766,0.30175684064572805,0.24416077926980423
0.4358723737233481,0.28588265872933655,0.27824496754731565
0.44307635337932505,0.28365364859761044,0.2732699980230642
0.41799191572656424,0.2670294990305503,0.31497858524288525
0.4552744656457611,0.29359100078261835,0.2511345335716202
0.4495654917848345,0.2845342620705591,0.2659002461446065
0.43409262489502376,0.2715878596754431,0.29431951542953283
0.4369270839353825,0.2853110626542843,0.27776185341033277
0.42623578153548575,0.2698446136240079,0.30391960484050634
0.42661214212606496,0.267456442447705,0.30593141542623004
0.4431915066421127,0.28726216527098564,0.26954632808690177
0.42321743939006895,0.27288044359645086,0.3039021170134802
0.42533520474778486,0.27203970976250313,0.30262508548971223
0.42955611967575447,0.2709800141557008,0.299463866168545
0.44464531664345297,0.2739585440947616,0.2813961392617853
0.4305000723415809,0.2634738587492712,0.306026068909148
0.43335234235635606,0.2726746656916719,0.29397299195197174
0.4386134705336812,0.26912901649894283,0.2922575129673761
0.4456288899416439,0.2878523965785605,0.2665187134797956
0.43086610434392236,0.26477158619068086,0.30436230946539683
0.44863347557406164,0.2844445107053848,0.2669220137205537
0.42939952745046644,0.2640923958822141,0.3065080766673196
0.44183386367798194,0.27994321688533524,0.2782229194366832
0.43581483622381506,0.2755718374933078,0.28861332628287706
0.4142918730894038,0.2672538488804038,0.3184542780301922
0.44248283607406425,0.2798512576865429,0.27766590623939275
0.4455822415964791,0.28267099016666986,0.27174676823685107
0.44038748368917635,0.29456517113168024,0.26504734517914363
0.4424510121599925,0.2772201599157893,0.2803288279242183
0.4521824565397056,0.28629067958688875,0.2615268638734055
0.43926832530230264,0.2741338803526653,0.2865977943450322
0.4351300147732129,0.2746339284466244,0.2902360567801627
0.4386960664570635,0.28202324784304345,0.27928068569989317
0.45050014485808704,0.28635691722070367,0.26314293792120946
0.4565371501515552,0.28933264668141645,0.25413020316702806
0.4470335875942244,0.28844338230807126,0.26452303009770445
0.45289368533690666,0.27637520504804036,0.27073110961505303
0.4561814125635212,0.2903807087175518,0.25343787871892676
0.44693677734342946,0.28649040411588017,0.26657281854069004
0.4481403346438644,0.29227302223734714,0.25958664311878843
0.4607284691837316,0.28802398233829285,0.2512475484779758
0.43363270287257966,0.26431274436782076,0.30205455275959947
0.4267024986538897,0.26998739067251193,0.3033101106735979
0.42931438892385443,0.26454656415485195,0.3061390469212937
0.4468652031752932,0.28901660783894495,0.2641181889857619
0.4360565034519047,0.2756600672405668,0.2882834293075287
0.44930489273622765,0.28676174540180477,0.26393336186196786
0.44179163317705844,0.2889348728340313,0.2692734939889103
0.4334228603020198,0.2775581292528653,0.2890190104451151
0.4215154106632095,0.2657370974459623,0.31274749189082846
0.4557532389340557,0.29195937789812354,0.25228738316782034
0.425517329189688,0.2681754220543232,0.3063072487559891
0.4407673113502738,0.2859088176786376,0.27332387097108873
0.42720811853561325,0.26580381316827106,0.3069880682961158
0.43708265585915373,0.2899456879667837,0.2729716561740628
0.4317685544821888,0.267806678710208,0.3004247668076031
0.4449447899020227,0.28612639762240316,0.2689288124755737
0.43774521586884263,0.2771674592935519,0.28508732483760524
0.42452936618389464,0.28558105345069873,0.2898895803654067
0.4398752143654345,0.26500005525534687,0.2951247303792184
0.4281634938125837,0.26878447788490356,0.3030520283025129
0.43357026310218383,0.2664109915391969,0.3000187453586194
0.43411206091554344,0.26628218608662124,0.2996057529978353
0.45485643021186134,0.28276250891100085,0.2623810608771376
0.4443870783113082,0.28143970433055987,0.27417321735813205
0.439706731603702,0.2874294228594845,0.2728638455368139
0.4317847242775911,0.267563626324382,0.30065164939802647
0.45446235807137053,0.2912537985046193,0.2542838434240102
0.44450654175759413,0.27409234162042634,0.2814011166219794
0.4229920781810745,0.2651215276711968,0.31188639414772856
0.4232980531229177,0.26913413228470595,0.3075678145923764
0.43267637808009096,0.26413155681902006,0.303192065100889
0.4548957733225452,0.28404525833480426,0.26105896834265
0.46315226573409396,0.32375201553350014,0.21309571873240604
0.436481705433327,0.279088036492008,0.2844302580746647
0.43655815236651774,0.2861008098906688,0.2773410377428134
0.4360734004592744,0.2697666699640393,0.29415992957668613
0.44100742345452226,0.26744432246909716,0.2915482540763804
0.43324055950112106,0.27535329741147563,0.2914061430874032
0.44319827059749284,0.28329810915692893,0.27350362024557856
0.4424214382190974,0.28464021965158165,0.27293834212932067
0.4358980939738819,0.2776102827224225,0.2864916233036954
0.4309832408175735,0.27124218615343165,0.297774573028995
0.43049457996715945,0.2845323646809566,0.2849730553518843
0.4329598177374119,0.282655859257154,0.2843843230054341
0.4488761779283101,0.29087064609412183,0.26025317597756825
0.44192875015458566,0.27516351520672405,0.28290773463869023
0.43113753862333093,0.27159750315826325,0.29726495821840604
0.4374711258893681,0.27757942473431746,0.2849494493763144
0.438728009961315,0.2804700445987021,0.28080194543998305
0.44047329999538376,0.2793387797193202,0.2801879202852958
0.4455189240884958,0.29206024065093694,0.2624208352605676
0.4466343031925082,0.2758793313849459,0.27748636542254573
0.45194277230220287,0.28891026615293364,0.2591469615448634
0.4425860430590479,0.28070832605065577,0.2767056308902961
0.4516101913510566,0.27999573841440206,0.26839407023454137
0.433331456892366,0.2712957626936244,0.29537278041400955
0.4464879401344136,0.28040609243413184,0.2731059674314544
0.45194280501049566,0.29208649320713426,0.2559707017823698
0.4294041417959337,0.27287699209799093,0.29771886610607523
0.4360671483269224,0.27050752806722306,0.2934253236058544
0.42465554338147105,0.27247629233074466,0.30286816428778424
0.43043876133321074,0.2637528709023883,0.3058083677644007
0.4502533343783784,0.2905119456717237,0.2592347199498977
0.43899783523730984,0.2937173257566891,0.2672848390060013
0.4498146087143955,0.28944334336133487,0.2607420479242695
0.4560734084029936,0.2889018809772122,0.2550247106197939
0.4341988030048457,0.280542350830195,0.28525884616495933
0.43884383183229064,0.27165149410047684,0.28950467406723224
0.4282271927122914,0.2759840294976917,0.2957887777900171
0.4359992638626371,0.27883069913187336,0.2851700370054897
0.4336697691352871,0.27404458079458055,0.29228565007013224
0.428566544480921,0.2791650224560316,0.29226843306304695
0.4561345549828984,0.30349288066133984,0.24037256435576176
0.44895240603989367,0.28925484085426606,0.26179275310584005
0.44058874307030715,0.27996439430143927,0.2794468626282536
0.43487383423185155,0.2815847412189483,0.2835414245492006
0.46898759135018836,0.29748994922598393,0.23352245942382793
0.4572989193685769,0.28321974265834693,0.259481337973076
0.4288254202998985,0.2822890917309303,0.28888548796917096
0.4388342727453719,0.2777546693280907,0.28341105792653776
0.44907553183362653,0.2793315631224651,0.2715929050439082
0.4494112750689182,0.28495625643485195,0.2656324684962299
0.4290821537257653,0.27048961640160146,0.3004282298726334
0.4550630652138957,0.28063955437141913,0.26429738041468476
0.4443207349536646,0.28490123393958067,0.2707780311067544
0.42081708050838285,0.2695212214986636,0.30966169799295323
0.4416261213811489,0.28074622290471274,0.27762765571413894
0.4488465842151682,0.2690530093218358,0.28210040646299606
0.4399492125918879,0.27846690670984087,0.2815838806982711
0.4454893320115866,0.2860462588553838,0.2684644091330297
0.4355624090559887,0.27871469222618306,0.2857228987178282
0.445965279799712,0.29879097671184895,0.255243743488439
0.4373745094404036,0.2888300017799071,0.2737954887796893
0.4287991131578271,0.26914939585537606,0.3020514909867969
0.4421091287095279,0.27298409440665705,0.2849067768838148
0.4444545338534806,0.28480026671247904,0.2707451994340403
0.4443039593472512,0.2872308464942327,0.26846519415851616
0.4569937489929656,0.28925989973106153,0.2537463512759729
0.4446232078153344,0.28473616577839433,0.27064062640627157
0.4420425988755426,0.2873713695622372,0.27058603156222005
0.4323874377389457,0.2727584484536718,0.29485411380738225
0.4351689375945499,0.27862222862693886,0.28620883377851103
0.4422159519308416,0.2745926241953678,0.2831914238737909
0.4402217285055713,0.2821016088561912,0.2776766626382374
0.4421233994719912,0.2755487950648444,0.2823278054631641
0.445198035469228,0.2942610857939416,0.26054087873683046
0.4580509854031154,0.2888251251100262,0.25312388948685816
0.4228377103621975,0.26588834361578395,0.3112739460220186
0.42951931333144105,0.2618665242306583,0.30861416243790063
0.42451478144657656,0.2769122846100955,0.29857293394332773
0.44198405853410305,0.2690428105733719,0.28897313089252485
0.44684128038827176,0.2805377651503844,0.2726209544613436
0.4420868926863679,0.27306225161870523,0.2848508556949267
0.43929957590024177,0.27573219257673937,0.28496823152301853
0.43556859093004646,0.27962331107829125,0.2848080979916619
0.441034415446566,0.27714168105654857,0.28182390349688535
0.44172583885469374,0.2834226775530073,0.2748514835922992
0.4670996218183915,0.29709175916297825,0.23580861901862982
0.43517179029811337,0.2750330083883732,0.2897952013135135
0.4575915887475991,0.28896766799792695,0.2534407432544735
0.44727912398691627,0.29170107593468286,0.26101980007840064
0.4295003112248973,0.2751461287910696,0.29535355998403284
0.4372377510103894,0.28601026218289316,0.27675198680671764
0.459533691650433,0.29688109438913757,0.24358521396042931
0.45370538112040504,0.289361476054502,0.2569331428250927
0.4472385804172844,0.2876602870807009,0.26510113250201417
0.44079755175128804,0.28168299531783514,0.27751945293087676
0.42088927339322457,0.2628949279282551,0.31621579867852023
0.4406349658719285,0.27233768092920463,0.2870273531988668
0.45903833795859994,0.28081559065208295,0.260146071389317
0.4401048681309049,0.27451863209803484,0.28537649977105983
0.436522683531687,0.2966997017386764,0.2667776147296365
0.44815527721514303,0.2855956700133321,0.26624905277152466
0.4446866971274991,0.2876280275416482,0.2676852753308528
0.4533012050402926,0.2936127016184854,0.25308609334122256
0.4522757621233314,0.29532936884560196,0.25239486903106645
0.44990139942780805,0.30054226280350627,0.2495563377686858
0.43682488818787324,0.2869575472900836,0.27621756452204316
0.4548779426416751,0.28683231925392727,0.2582897381043978
0.44290484439500527,0.27559788164804316,0.2814972739569514
0.4360615234759919,0.2709709983925162,0.2929674781314919
0.43985648046730247,0.2789306675368761,0.28121285199582136
0.4342314213802001,0.28461086800376323,0.2811577106160365
0.460194653990504,0.29137588611755144,0.24842945989194476
0.4368777316043962,0.2705905436418937,0.2925317247537099
0.4566123661672267,0.3008362339067794,0.2425513999259936
0.4479124519957163,0.28710250394314063,0.264985044061143
0.43842328873180225,0.2751362262354261,0.2864404850327716
0.4667716594269477,0.29488777021142804,0.23834057036162437
0.44939935603622944,0.2892511564426281,0.2613494875211425
0.42085209483687813,0.2671338457452843,0.31201405941783755
0.4403062359197031,0.27242198306228255,0.2872717810180143
0.45580525241456543,0.2886515103276844,0.25554323725775013
0.41626823037936844,0.26378768791778584,0.31994408170284594
0.4575712347720069,0.28688674365966027,0.2555420215683329
0.43712079817243554,0.27861186946086336,0.2842673323667011
0.44336872545564265,0.2870567807443972,0.2695744937999601
0.42285719725168164,0.27054858526513315,0.30659421748318505
0.45093041546974844,0.3006321097836097,0.24843747474664163
0.4433671844139838,0.28654261721365526,0.2700901983723611
0.4540618701377395,0.3054880266702337,0.2404501031920269
0.42941283739502956,0.272822543246498,0.29776461935847237
0.4537443420978492,0.29274048521239426,0.2535151726897562
0.45376026190733887,0.28581279772843515,0.2604269403642258
0.4473772360051505,0.27450443235422306,0.2781183316406265
0.44035855228196874,0.27254164863493,0.28709979908310135
0.45730918199466475,0.2943865558236813,0.2483042621816542
0.43640568336083796,0.279074134301973,0.28452018233718923
0.4539881581608684,0.2788709005702473,0.2671409412688842
0.4490154714691446,0.2877731354602,0.2632113930706552
0.44708181119085344,0.28226221572106364,0.27065597308808265
0.437116365876985,0.2740856629711405,0.2887979711518744
0.43383046475632786,0.2711304043271082,0.2950391309165636
0.4596390394072,0.2931456756061142,0.24721528498668568
0.4319072657446068,0.2852739772469093,0.2828187570084837
0.4321853047730531,0.2759620018762202,0.2918526933507266
0.4560170805024334,0.2814942333360134,0.26248868616155285
0.4496944404926087,0.2802185797172574,0.270086979790134
0.4230319596912396,0.2657930026203365,0.31117503768842386
0.44532204223313965,0.2892925557536208,0.26538540201323946
0.4398120934903231,0.28148296883399676,0.2787049376756804
0.4347881454076433,0.2895285653433674,0.2756832892489892
0.43077119349706916,0.2784898654830802,0.2907389410198504
0.43538903918868765,0.27245860910917663,0.2921523517021358
0.43543815012024645,0.27330970772325214,0.2912521421565016
0.44586412654660645,0.28833685337151205,0.26579902008188133
0.44126613854370195,0.27757791417568056,0.2811559472806174
0.44366196274124814,0.2807573709651415,0.2755806662936099
0.4576856285098312,0.295907882972028,0.24640648851814032
0.456315735512593,0.29140375258561746,0.2522805119017895
0.4379132774472526,0.28189925572396324,0.28018746682878437
0.45742610998969013,0.29213021424570207,0.25044367576460747
0.4432470828366625,0.286138062169221,0.2706148549941162
0.41867624380618834,0.26930341892835763,0.3120203372654539
0.440273115870084,0.27499336791581863,0.2847335162140973
0.45276931451265223,0.2858830986581821,0.2613475868291657
0.44338860077947223,0.27292173614825543,0.28368966307227217
0.4327760184912136,0.2846671994051305,0.28255678210365603
0.4528367705812533,0.28432827693984075,0.2628349524789058
0.43921241257129806,0.2712619817371567,0.2895256056915452
0.44874767418463457,0.2812194743957811,0.2700328514195841
0.4436046202206231,0.28570284709294413,0.27069253268643273
0.42628232574775654,0.2638123640297545,0.30990531022248924
0.4512281051898326,0.27922502700088053,0.2695468678092868
0.45032702502012834,0.28431317974847514,0.26535979523139636
0.4335223265450594,0.2728925765227292,0.29358509693221135
0.464835355195798,0.28684810286904794,0.24831654193515415
0.4453247860285421,0.2884218171128794,0.2662533968585786
0.4284132161469284,0.2673834248751725,0.3042033589778991
0.43250654489254464,0.2707768196348237,0.2967166354726314
0.4443561036403848,0.28500740038443406,0.27063649597518113
0.4580125131975143,0.2950906057505909,0.2468968810518947
0.4427816083647793,0.28938620412868565,0.26783218750653515
0.43587863868758525,0.2837301690336035,0.2803911922788114
0.43147983728810846,0.2736716414226492,0.2948485212892421
0.4493525348212771,0.288114994389035,0.2625324707896877
0.44623318338949614,0.2897618637633582,0.26400495284714587
0.4354724386014656,0.2616680781045214,0.30285948329401313
0.4486094398481632,0.2966139871449094,0.25477657300692724
0.4441632961249789,0.28089363390219835,0.2749430699728229
0.43818043827902586,0.2821845277479818,0.27963503397299216
0.44636792790837143,0.27954699613512635,0.27408507595650256
0.44382510957781707,0.28561822399798426,0.27055666642419907
0.45695978243533336,0.2867559993590333,0.2562842182056334
0.4577111653167021,0.29703778639344464,0.24525104828985322
0.45283406222052563,0.2913082989777913,0.2558576388016829
0.4302880514536284,0.2735881003226954,0.2961238482236761
0.42910537695653533,0.2673121479661589,0.30358247507730596
0.4476941770469928,0.2808667045077067,0.2714391184453005
0.4395960719455772,0.2926433089515701,0.26776061910285304
0.43728661695369225,0.28351268230170246,0.2792007007446053
0.43648982882720505,0.2762064191245268,0.28730375204826786
0.4626729809267339,0.29163343412777665,0.24569358494548943
0.44040638773746965,0.2782575137200705,0.2813360985424595
0.4296719949732866,0.26688756648446554,0.3034404385422476
0.45721240264433965,0.28889941562459875,0.25388818173106154
0.4300049289062847,0.2832245300828342,0.28677054101088095
0.44932336398795913,0.27994712545568,0.27072951055636096
0.4552939894903463,0.29337335030448486,0.2513326602051689
0.44227255786318376,0.2782511684799567,0.27947627365685945
0.4442370220296925,0.28804644343797836,0.26771653453232924
0.4342536531787674,0.27636481004030344,0.2893815367809288
0.4346666687459742,0.2684382135899292,0.2968951176640966
0.4378092421882329,0.278917926374527,0.28327283143723997
0.43914682900935403,0.28354500684217454,0.27730816414847126
0.4462547199634729,0.2885920979865202,0.2651531820500066
0.43887903685551727,0.2823453930290562,0.27877557011542636
0.437202456029847,0.27636683177123306,0.2864307121989202
0.43959584924437123,0.2770316093206917,0.2833725414349369
0.45005937773643856,0.2742845580120178,0.27565606425154365
0.42519085307870685,0.2729826694938259,0.3018264774274671
0.4432806592694662,0.26886877004198234,0.2878505706885517
0.42915157791339015,0.26547356606516354,0.3053748560214464
0.4428799812549965,0.2897359324102465,0.2673840863347572
0.44258687874593733,0.2794449347971164,0.2779681864569465
0.4609648647696659,0.2933328247476902,0.2457023104826437
0.4402497133948292,0.286852782326917,0.27289750427825354
0.42858525804735753,0.266353498055141,0.30506124389750106
0.43812325702481963,0.2712726321915161,0.2906041107836642
0.43003255259220563,0.27531832187100513,0.29464912553678924
0.43816934952252173,0.2755402574548367,0.2862903930226416
0.4382564251713255,0.26777641952812015,0.2939671553005542
0.42678701034129285,0.281986177040345,0.29122681261836203
0.458987722115827,0.29132574424418284,0.2496865336399897
0.4474814267553311,0.2913979547911605,0.2611206184535082
0.44002016646333725,0.2809299440954135,0.27904988944124937
0.45372970969140247,0.2939194951460615,0.25235079516253583
0.43669901207261363,0.2827194223971704,0.28058156553021596
0.4425918411465832,0.2789615473215721,0.2784466115318447
0.4212339747605031,0.2636148326607367,0.31515119257876023
0.43038586771945647,0.27542665518330495,0.2941874770972387
0.4291411069815526,0.2752375324651886,0.29562136055325866
0.4621815124791069,0.2950869505378003,0.2427315369830925
0.43759345525119364,0.27697340957100025,0.28543313517780655
0.4413474872133063,0.28072576522517345,0.27792674756152036
0.4357895075263007,0.2767659463560538,0.2874445461176455
0.4514462189154142,0.290705481417414,0.2578482996671716
0.42788963415580533,0.2847387633834335,0.2873716024607613
0.4482522006450208,0.29830246795484794,0.25344533140013126
0.43218543816891253,0.26596242614778,0.30185213568330765
0.42287162737419326,0.26791482982103,0.3092135428047769
0.45676512201385,0.30148574633819886,0.2417491316479511
0.4545827472180514,0.3019146721801995,0.24350258060174895
0.4566259498688936,0.2869276619851955,0.2564463881459109
0.4346329667828962,0.27965047343929916,0.28571655977780464
0.4401726407008175,0.2782354733809784,0.2815918859182038
0.4450061401275798,0.28800751665937685,0.2669863432130433
0.4511383067341382,0.28624881423285525,0.2626128790330067
0.4435138892519802,0.29313225907695145,0.2633538516710681
0.44170244674179804,0.27524057391118917,0.2830569793470127
0.43986683927928505,0.28640225016713033,0.2737309105535842
0.44741392248818446,0.27518645751422305,0.2773996199975928
0.42722176054973293,0.2626201838147897,0.31015805563547744
0.4431009864589367,0.2852525890602749,0.27164642448078813
0.43944544561318255,0.28496582241439705,0.2755887319724204
0.43601073635613413,0.2781506530603813,0.28583861058348436
0.44153022399165653,0.28183302627376966,0.2766367497345736
0.4618422251284471,0.31289944141858206,0.22525833345297078
0.4433440209341617,0.27946607141593316,0.2771899076499055
0.436784841191614,0.27415264795317607,0.28906251085521023
0.43847123693230783,0.27279024972472143,0.28873851334297074
0.4399683007923938,0.2873343187449692,0.2726973804626371
0.42336099084726114,0.2677350566181859,0.3089039525345531
0.43254512111007243,0.26830493708229836,0.2991499418076295
0.4404605357784168,0.2750485740181787,0.28449089020340423
0.46127775600979687,0.2901185963956743,0.2486036475945289
0.44024398242065355,0.2946871978160867,0.2650688197632598
0.4309145701847898,0.27016932479107403,0.29891610502413596
0.4409955836734747,0.27177117604755796,0.28723324027896713
0.4230861915817676,0.2706747358310233,0.30623907258720884
0.4459093386628876,0.28749982500176907,0.2665908363353434
0.4521976295467311,0.2959413258446067,0.2518610446086624
0.4247313646204223,0.2706527273619558,0.304615908017622
0.44418274770173183,0.28506938281905114,0.27074786947921686
0.4373976560373752,0.2680753532696172,0.2945269906930078
0.4403718497824401,0.2814570827198087,0.2781710674977512
0.4336683276069948,0.2679649884577313,0.29836668393527366
0.4315601392689523,0.26686300293073745,0.30157685780030974
