x,y,z
0.44873578746023496,0.28719840730471463,0.2640658052350504
0.42388088803799584,0.26134145008370246,0.31477766187830175
0.42384530028170886,0.26864953913386325,0.3075051605844278
0.4480360760008465,0.28073178338718163,0.27123214061197154
0.44174000962873294,0.2828054332258107,0.27545455714545647
0.4375866737187148,0.2763398392741514,0.286073487007134
0.4452796822939324,0.28767682080743406,0.2670434968986337
0.4305743775294778,0.262880355949874,0.3065452665206484
0.4277319658120839,0.26546194167981296,0.30680609250810326
0.44458445171078104,0.2823207976623917,0.27309475062682703
0.45552039574119263,0.28980285843972564,0.2546767458190816
0.4601187243524073,0.2967666764729635,0.24311459917462921
0.4400876323413906,0.28631158553089237,0.27360078212771727
0.4289200369287367,0.2711384017873011,0.2999415612839622
0.42765127920640406,0.2731365834631776,0.2992121373304183
0.45416031106061233,0.28205972540075563,0.26377996353863187
0.4433503743759889,0.2848011133199221,0.27184851230408935
0.4411815839786844,0.2843265650943454,0.2744918509269702
0.45436150257913394,0.2841418881610771,0.26149660925978907
0.4245239459061357,0.26578059784183083,0.3096954562520332
0.44577877035132085,0.28718714580892524,0.26703408383975413
0.44588068365123135,0.27192119820021393,0.2821981181485553
0.44484413320071536,0.2878210628204925,0.2673348039787917
0.4322843269012915,0.2719194677500947,0.2957962053486137
0.44255220956123775,0.27784608089275903,0.2796017095460027
0.4442902797772474,0.27068054545888187,0.2850291747638709
0.4138787923943902,0.27204993715435444,0.3140712704512552
0.4350766781033852,0.2780312495162731,0.28689207238034153
0.42817274552476786,0.27289876845988287,0.2989284860153494
0.4357922725522358,0.2728029387935741,0.2914047886541899
0.4417890877610845,0.27974548926536075,0.2784654229735547
0.44398937405499733,0.2830814194956224,0.27292920644938024
0.4335852855486835,0.2760333313466937,0.2903813831046226
0.46237916710175947,0.29529465622101353,0.2423261766772269
0.43202557985814993,0.2849435658728405,0.28303085426900954
0.4501060984701849,0.28827804620908626,0.2616158553207285
0.4490243997055471,0.28213826871002134,0.26883733158443157
0.44546581238667293,0.2840896924386188,0.2704444951747081
0.4250171456272448,0.2696776559911761,0.3053051983815791
0.4460317049132276,0.2676867405225866,0.2862815545641856
0.4519981835694187,0.2970825474973851,0.2509192689331963
0.45632321317210955,0.2941111346686722,0.249565652159218
0.4379004808625173,0.2744426444443109,0.2876568746931719
0.41677900049203576,0.26357109348193325,0.31964990602603105
0.4232166470385461,0.2766663953220805,0.3001169576393733
0.4528913376371456,0.2800194065919726,0.2670892557708816
0.40996343669697316,0.27030686086818845,0.3197297024348381
0.4382932987389944,0.2814338158791501,0.2802728853818557
0.4345694726548922,0.2611960914704482,0.3042344358746596
0.41613401178139164,0.26827780328574174,0.3155881849328663
0.45942749649361203,0.2874951189960823,0.2530773845103055
0.43960967548566743,0.2729961089686721,0.28739421554566025
0.42924009418283626,0.2717034466387701,0.2990564591783932
0.4384224797970733,0.279120646450165,0.2824568737527615
0.4512224941530504,0.2941746187502915,0.2546028870966582
0.4344130455667654,0.2833921389473133,0.28219481548592124
0.4372658391554158,0.2740174041539417,0.28871675669064245
0.4527104936705399,0.2867587106865259,0.26053079564293424
0.42507402970244457,0.2749866792201562,0.299939291077399
0.43416196959141456,0.2798128814569351,0.28602514895165054
0.45745166022500267,0.2974462500127317,0.24510208976226533
0.445291695304516,0.2787650178837249,0.27594328681175917
0.43977226336536235,0.2927987275983398,0.2674290090362978
0.4375651517527383,0.27851231600157256,0.28392253224568886
0.4600039838992991,0.30251163645170126,0.23748437964899996
0.4464096996366115,0.2809129965982059,0.2726773037651826
0.4428004094914203,0.2791161931689712,0.2780833973396086
0.4408543848062156,0.2807393132217139,0.27840630197207017
0.42917186631272225,0.2621359412869343,0.3086921924003433
0.43677231281661594,0.2787538876344299,0.28447379954895413
0.4417234049487858,0.28755322144521656,0.27072337360599763
0.44975934000343964,0.28651048638049176,0.2637301736160686
0.43125559391243035,0.27155121364837986,0.29719319243918985
0.44054415902701627,0.27695968778726754,0.28249615318571597
0.42566600769804813,0.2710163207254607,0.3033176715764907
0.4504890166266578,0.2911274524856594,0.2583835308876828
0.4374509339391345,0.26989573521810006,0.29265333084276546
0.42999884810995304,0.2704162796746664,0.2995848722153806
0.4237766654819493,0.2699704720040894,0.3062528625139613
0.4615161721042056,0.2906298550752928,0.24785397282050148
0.4352489370653025,0.2892408150687925,0.2755102478659051
0.4418191511793429,0.2712152252626984,0.2869656235579585
0.45890408719176895,0.2909910759659784,0.2501048368422528
0.4456963106557075,0.2735017423797868,0.28080194696450567
0.44846359103335404,0.2886639912208314,0.2628724177458145
0.45921829742734,0.2969221960776123,0.24385950649504773
0.4244409288340478,0.2712207815950136,0.3043382895709385
0.44454390435003804,0.2833787425435367,0.2720773531064253
0.437849826440266,0.27344683416570137,0.2887033393940324
0.4281220598965361,0.27351220766206596,0.2983657324413982
0.4551049629251779,0.291296215505096,0.253598821569726
0.4192598980226578,0.26646166964267215,0.31427843233467023
0.4343793935410504,0.2631597318226499,0.3024608746362998
0.4272645757685439,0.2786699238898209,0.29406550034163514
0.4304940171473527,0.27093822786437527,0.29856775498827215
0.43396499614221296,0.26802557388624704,0.29800942997153973
0.45017372268185785,0.2750959804611455,0.2747302968569965
0.4395458891901732,0.2699161608894642,0.2905379499203625
0.42560185150926866,0.2743065770301051,0.3000915714606263
0.4426161664084143,0.28055202317793915,0.2768318104136464
0.4534938088946291,0.2870635155021133,0.2594426756032574
0.4215578082140341,0.2709545676654719,0.3074876241204938
0.4435099151300299,0.28184485005214654,0.2746452348178236
0.4381204887137378,0.2632175990041448,0.2986619122821173
0.4357774224284078,0.2760391504160766,0.2881834271555156
0.4441799127247611,0.2887860425212257,0.2670340447540134
0.4637528555912067,0.2830423045735231,0.2532048398352701
0.45892757646705895,0.28265370329595524,0.25841872023698553
0.44475766346035694,0.2767491653304064,0.2784931712092368
0.4555812026366655,0.2945618484778336,0.24985694888550095
0.4477436402097037,0.29474712440817247,0.2575092353821238
0.4423330695223856,0.27712044240863354,0.28054648806898086
0.4452058639307316,0.28206663747870353,0.2727274985905648
0.4433490169957263,0.2885136082318741,0.26813737477239996
0.42952788253882046,0.26960232675772755,0.3008697907034518
0.4554296978450557,0.2926822975701774,0.25188800458476684
0.43548424821887205,0.2672242160401127,0.2972915357410151
0.44808690746084373,0.28303929620466894,0.2688737963344874
0.44639160514421794,0.2861044425761014,0.2675039522796805
0.4394956569781338,0.2842276286409926,0.2762767143808734
0.44373594364180446,0.2797594043087687,0.27650465204942687
0.444591024858005,0.2863577032068383,0.2690512719351566
0.44989876804645385,0.2771338125676849,0.272967419385861
0.44114235701981364,0.27777521904270097,0.28108242393748506
0.43598254561505884,0.2829609324463389,0.2810565219386023
0.4446482007817814,0.27803477160804035,0.2773170276101784
0.42681516224772315,0.2667708846354612,0.30641395311681546
0.44427049826538045,0.28838775582808174,0.2673417459065377
0.43804396648088123,0.28588961683762687,0.27606641668149173
0.42933890621051607,0.2716494570566721,0.29901163673281167
0.41861832159332457,0.2626691969489938,0.3187124814576817
0.44252299262741224,0.286076112722495,0.2714008946500925
0.45480731217626835,0.2927224544810579,0.25247023334267366
0.4497495249172624,0.2748130676514331,0.27543740743130424
0.4571783164278235,0.2821785365071031,0.2606431470650736
0.4288571049302148,0.27462460432284674,0.2965182907469387
0.4294322641758371,0.26527615834812013,0.3052915774760431
0.44887058032048527,0.2942701310127084,0.2568592886668066
0.45268977440813024,0.2928621429634294,0.2544480826284401
0.4477353527295048,0.28371289311781167,0.2685517541526836
0.4464053725736562,0.27712326153020383,0.27647136589614035
0.4428985213491705,0.2798004133363977,0.2773010653144323
0.4544034854175588,0.3002101894893451,0.2453863250930961
0.43881996249278865,0.2848729264505737,0.2763071110566377
0.4220838747594524,0.26288084094294417,0.3150352842976031
0.4225058569907368,0.2696069113390661,0.30788723167019666
0.4567181953445322,0.2841671962223611,0.25911460843310685
0.4598133224373658,0.28416480003011024,0.2560218775325236
0.4247306136088088,0.2744529105665314,0.3008164758246597
0.4295677841591558,0.26263834196524016,0.30779387387560386
0.4388880003081648,0.28657865485059925,0.2745333448412358
0.4171559688566784,0.2722128715307627,0.31063115961255894
0.4462032821485326,0.28776338559994696,0.2660333322515203
0.4277232563858582,0.26709907725162424,0.3051776663625174
0.4406248277598192,0.27860436362802327,0.28077080861215725
0.44545020658150103,0.2852628016708121,0.26928699174768705
0.4415732690991422,0.278537015041297,0.2798897158595606
0.4455435955531264,0.285070351669768,0.26938605277710564
0.44495968095454463,0.28263489421523436,0.2724054248302212
0.43229806010117133,0.27370885541036927,0.2939930844884594
0.46210375700109874,0.30139179916896236,0.23650444382993904
0.4281158432595974,0.2859341724988984,0.2859499842415042
0.4350649200637132,0.2768768406763431,0.2880582392599439
0.44051240250518087,0.27998528477937634,0.27950231271544274
0.4361982608483114,0.28583228170378916,0.27796945744789925
0.43732492761347264,0.2731984850707666,0.289476587315761
0.435492371633191,0.268054588646722,0.296453039720087
0.44377933182983675,0.2672294627192974,0.28899120545086593
0.43599651879155177,0.2667141343820458,0.2972893468264023
0.4411652488143514,0.2876777935946405,0.2711569575910081
0.4406801149062508,0.2867025383175823,0.2726173467761668
0.43599899185450275,0.26951168039296375,0.2944893277525332
0.4311288184701501,0.27715892031319267,0.29171226121665733
0.4519188984907272,0.29809449002796395,0.24998661148130902
0.43030677280553287,0.2688553787733337,0.30083784842113326
0.4285379171206274,0.2755658533342692,0.2958962295451033
0.45508401870185067,0.29694634127337427,0.24796964002477523
0.4482513308701005,0.29613666962084884,0.25561199950905045
0.4551637516380535,0.29351765964520216,0.25131858871674445
0.4546859788866634,0.29947336576405176,0.245840655349285
0.46584920646801614,0.2976619625754518,0.23648883095653192
0.4320118858101834,0.27662755064692346,0.2913605635428931
0.4476952040138464,0.29161561667136005,0.26068917931479385
0.4392630795412895,0.266418898393848,0.2943180220648627
0.4135607003037577,0.26320369121335335,0.32323560848288885
0.4537818065666762,0.27655033650757754,0.269667856925746
0.43092911811418894,0.2720561910748178,0.2970146908109935
0.4422715457762105,0.27800713440933356,0.27972131981445647
0.4385926609058761,0.28508008051688327,0.27632725857724016
0.4481443103018913,0.28233791264538227,0.2695177770527265
0.4477910285084975,0.2861893794451281,0.2660195920463747
0.44984221566553745,0.27910935120850217,0.27104843312596033
0.43372047918624346,0.26951930578087985,0.2967602150328764
0.42735675528614947,0.2712958635682784,0.30134738114557225
0.4602795669757542,0.29891129318103515,0.24080913984321048
0.441199504785624,0.278962739461971,0.2798377557524052
0.4276644874816279,0.2730174309882763,0.29931808153009587
0.4404239062986921,0.2645458986731323,0.2950301950281756
0.4488442894995418,0.2841217703510467,0.2670339401494112
0.43731992447566737,0.28062859422989617,0.28205148129443636
0.44379466538326584,0.2884168661496127,0.26778846846712145
0.42135071025854604,0.26614047033774774,0.31250881940370634
0.42973031270055834,0.27235757679994216,0.2979121104994993
0.43829845514481575,0.2724247744083076,0.2892767704468767
0.4319328728580829,0.280042436174473,0.28802469096744365
0.4488123162472971,0.2791842109300995,0.2720034728226034
0.42713151387686077,0.2760560826417716,0.2968124034813679
0.4426918537952811,0.28265610226943305,0.27465204393528586
0.43092396167097735,0.28357537698901747,0.28550066134000507
0.4290709187437993,0.27543003877785543,0.29549904247834535
0.4379743253404127,0.2841887426185399,0.27783693204104715
0.4418753560462001,0.2820748772639791,0.27604976668982106
0.4495293586303642,0.27930322669091445,0.27116741467872135
0.4414227150866532,0.288853810070823,0.2697234748425238
0.44126071302703357,0.2793949668808003,0.2793443200921661
0.45283962216452545,0.29425399539044705,0.2529063824450273
0.43994828905666694,0.274452239260945,0.2855994716823879
0.45264725249464544,0.3047858907196152,0.24256685678573947
0.43003095667432145,0.2708552608287945,0.299113782496884
0.45368544990976867,0.28630600013594276,0.26000854995428846
0.44260157614502066,0.27470524795406076,0.28269317590091847
0.4339838855359104,0.26908438116828737,0.2969317332958023
0.429528414326693,0.27277288761035645,0.29769869806295074
0.4415899515039231,0.26583112442619916,0.29257892406987773
0.42018209602612544,0.26846716539809906,0.31135073857577567
0.4397280340624329,0.2816918947189823,0.2785800712185846
0.44235117142974933,0.2921642651607078,0.26548456340954285
0.42576676286249726,0.2625146927701576,0.3117185443673448
0.42341731305432584,0.28425553634995365,0.29232715059572045
0.45871007924708684,0.29240322157199017,0.24888669918092296
0.43476523585926186,0.27292106143272565,0.29231370270801227
0.43244762970600936,0.2789791004802293,0.2885732698137612
0.44181540666101604,0.27345442323789765,0.2847301701010865
0.43663129331512507,0.2745723368740617,0.288796369810813
0.4394928216249589,0.28733502220988694,0.273172156165154
0.44210430083324326,0.2786972582225713,0.27919844094418544
0.44699244158291274,0.28450919559032267,0.2684983628267645
0.43311483730940636,0.26696291742762507,0.29992224526296823
0.42818715451860473,0.27265706398584305,0.29915578149555205
0.433292756832409,0.27109224775659996,0.2956149954109909
0.4418632680032755,0.2770181443638591,0.28111858763286557
0.43392658565871667,0.2828239549807058,0.28324945936057777
0.44369026301703984,0.2838921635780195,0.27241757340494066
0.4377393190276165,0.2748864784901663,0.28737420248221723
0.43911057308097134,0.27497378079185136,0.2859156461271771
0.4361934356342495,0.28576556007948933,0.2780410042862612
0.4520986437300869,0.2752899080975304,0.27261144817238264
0.42459965392311866,0.27193313457480744,0.3034672115020737
0.4419823019946161,0.2911526222453549,0.2668650757600288
0.4446477966984549,0.2812825257995587,0.2740696775019865
0.44090635926574184,0.27373371152968307,0.28535992920457515
0.43950747682649993,0.27483536178902307,0.28565716138447717
0.434644253006243,0.2727485519631966,0.29260719503056054
0.44148217653799865,0.2797794781064741,0.2787383453555273
0.4262110587558135,0.26702132131902695,0.30676761992515966
0.44567325290772314,0.27750593048083655,0.2768208166114402
0.44482745049800737,0.2833841431017189,0.2717884064002735
0.43057568656649464,0.2790036156763579,0.2904206977571471
0.4474862185813607,0.284565609842484,0.26794817157615536
0.4518934575523166,0.29363203859681597,0.2544745038508671
0.43080088631640134,0.26424248600966566,0.30495662767393283
0.43829735393705305,0.28071218298266354,0.2809904630802835
0.43961621592721756,0.27717198025759343,0.2832118038151891
0.44495196984030727,0.2812435169258233,0.27380451323386956
0.45299714915106504,0.29654875944166437,0.2504540914072706
0.47376389900817506,0.3152267119432283,0.2110093890485967
0.44114010908369794,0.2750182402121076,0.2838416507041944
0.44869466530793367,0.2872322423404645,0.2640730923516019
0.44927422991309696,0.27948111749839233,0.2712446525885107
0.41274253107739634,0.2688174449408888,0.31844002398171467
0.4421209298349751,0.2695519876602333,0.2883270825047916
0.44693965764733,0.28735003747404153,0.2657103048786284
0.45892736514238297,0.3014116116117906,0.23966102324582628
0.4419744469505587,0.28413378956545643,0.27389176348398503
0.450888679599667,0.2880476292152857,0.26106369118504713
0.4432874072875143,0.28326356363139726,0.2734490290810886
0.4261408708540625,0.27260158349570346,0.3012575456502341
0.4437606655849458,0.28846771872734833,0.2677716156877057
0.44596848463255695,0.2910188538759504,0.26301266149149294
0.44822218820325677,0.2843612025518779,0.2674166092448652
0.4382382512851957,0.28144153943847383,0.2803202092763304
0.45709125699498276,0.2844655498571286,0.2584431931478888
0.4456353931296102,0.28430337334948713,0.27006123352090294
0.43529749053359523,0.28660695536715153,0.27809555409925313
0.43423549587293003,0.2732283457186888,0.29253615840838126
0.42198836198357176,0.2685873386058151,0.30942429941061317
0.4471762791272958,0.2832833909381223,0.2695403299345818
0.4410635741838721,0.2742556093112307,0.2846808165048971
0.4261607550420927,0.27395953248398097,0.2998797124739264
0.43771849856240885,0.27271280394592307,0.28956869749166814
0.43427230264516903,0.2719203597278005,0.2938073376270307
0.4288698203872339,0.266790726696532,0.3043394529162341
0.458769425756013,0.2873017526964919,0.253928821547495
0.46029773707065674,0.3122400275953454,0.22746223533399768
0.43985036298781294,0.27898940577833486,0.2811602312338521
0.44439302271739456,0.2867398297979858,0.2688671474846195
0.439733186868035,0.28225361513485814,0.2780131979971067
0.4459156191658328,0.2811725784792066,0.2729118023549607
0.4381103032536857,0.27701471697326685,0.2848749797730473
0.4483735833741468,0.28434922660045864,0.26727719002539435
0.44609396033684956,0.2784976709720327,0.27540836869111773
0.45208225921829337,0.2926793300930446,0.25523841068866193
0.4318527788204366,0.2668509470515021,0.3012962741280612
0.45239429208068915,0.2874330887782831,0.26017261914102763
0.45450799569278566,0.2843829524932584,0.26110905181395616
0.4353127145780881,0.275537096318433,0.28915018910347884
0.43523037518819585,0.2707050153308588,0.2940646094809451
0.43453228408336836,0.28392635913851466,0.2815413567781169
0.4573618508171203,0.2960475734133306,0.2465905757695489
0.4513960195778077,0.28406175509029014,0.2645422253319022
0.44547447059179635,0.28345917238098306,0.2710663570272204
0.42009139598415773,0.27304024257358667,0.30686836144225516
0.42070634847389315,0.2715007902473757,0.3077928612787315
0.4191848622672954,0.26820715613592805,0.31260798159677683
0.4487341755235959,0.2824578752140956,0.2688079492623085
0.43513767575169654,0.27608460387841105,0.28877772036989247
0.43248726439288243,0.2815544435809167,0.2859582920262009
0.42913611844135324,0.2742949888642432,0.2965688926944037
0.45025694480295375,0.28801817009565317,0.2617248851013931
0.4524575570383777,0.29557514927863715,0.251967293682985
0.4308254550495286,0.2798303061602532,0.28934423879021776
0.4480802741958462,0.2904766661435386,0.261443059660615
0.44387504016930424,0.27958557702952114,0.27653938280117474
0.431999872941391,0.275358251829849,0.29264187522875973
0.4437136540415087,0.28578560421207466,0.2705007417464165
0.4423026533802612,0.28147292797751317,0.2762244186422257
0.42645280234214367,0.2727048589307436,0.30084233872711275
0.42555231096923657,0.271650559327332,0.30279712970343114
0.4344968265066638,0.2703893831806242,0.29511379031271195
0.4383147344751729,0.2801171157435568,0.28156814978127037
0.4439393280894143,0.2889361553727793,0.2671245165378064
0.44048918654999286,0.28437885279684216,0.2751319606531649
0.46218204357439474,0.2991000401675006,0.2387179162581044
0.4315028975487586,0.26322547311236477,0.305271629338877
0.42855955812278745,0.2722919013606021,0.29914854051661044
0.42762275485888546,0.2766743034394039,0.2957029417017104
0.4371979559853926,0.27722007795606646,0.285581966058541
0.4353794919843804,0.2736960222765405,0.290924485739079
0.4291310746603044,0.27456510973298254,0.29630381560671304
0.4213496560973262,0.2728191199379524,0.3058312239647214
0.46669621259951627,0.29988474914257773,0.23341903825790572
0.45561693648963386,0.2967864515762408,0.24759661193412502
0.44420643476914295,0.2858564666711555,0.26993709855970166
0.4474773852712036,0.2859779197038254,0.26654469502497113
0.45138790346684077,0.27596552685708997,0.27264656967606904
0.4310027161067882,0.2608680006595114,0.30812928323370065
0.43993523553200786,0.29282749893784027,0.2672372655301515
0.4350360502581068,0.28020895034444604,0.28475499939744714
0.45689116538870295,0.3000422634438394,0.24306657116745758
0.4222969425252577,0.2701865743163891,0.3075164831583529
0.4303881956933874,0.27102345742706463,0.2985883468795476
0.44600676569753206,0.28480389623215846,0.26918933807030976
0.4357868770093296,0.2793544571738968,0.2848586658167739
0.4387161105235401,0.2826046282754525,0.27867926120100744
0.42460464422038535,0.2727117917991165,0.3026835639804984
0.45314423437210627,0.2921512319800988,0.2547045336477949
0.4569839072412067,0.2884121490996528,0.25460394365914074
0.43865483924218507,0.27806992527161256,0.28327523548620226
0.43758258285852547,0.2838566076973397,0.27856080944413486
0.4384043532152547,0.26887057026929295,0.2927250765154523
0.4532817792546803,0.29659128441693156,0.2501269363283881
0.42838704219126256,0.2644909139879035,0.30712204382083386
0.42915985165293363,0.27868743916668864,0.2921527091803777
0.4197983380544443,0.26296433933995683,0.31723732260559867
0.41845086082741784,0.2677538040060707,0.31379533516651137
0.4368859679068464,0.2758820336990465,0.28723199839410696
0.45397598955253926,0.28200990143521687,0.26401410901224387
0.4563372278603546,0.2908828843729895,0.2527798877666559
0.425927629015277,0.2689590555898298,0.305113315394893
0.4593226889724323,0.28528003072381275,0.2553972803037547
0.443106283616411,0.2890541716943057,0.2678395446892829
0.44103109086397535,0.27654659498211254,0.28242231415391184
0.4316776481550909,0.2743675260545011,0.2939548257904078
0.45552595385411143,0.3018209502010566,0.24265309594483203
0.45158077356274184,0.2870046291472586,0.2614145972899991
0.43883283444148635,0.2656238625222772,0.2955433030362362
0.42678315313352694,0.26918203917435185,0.30403480769212154
0.4395782112959399,0.26615569160633273,0.29426609709772733
0.4396560821156328,0.2830862651108361,0.2772576527735309
0.43711325898417297,0.29047659118406316,0.2724101498317636
0.4106699040436801,0.2700624423073179,0.3192676536490018
0.42003224235717007,0.2741549357813535,0.30581282186147646
0.45149288830821543,0.3072977894977418,0.24120932219404298
0.4513000421657138,0.2896469734780169,0.25905298435626944
0.43095985183296753,0.28215291291329403,0.28688723525373866
0.4318159113860613,0.2760641117584015,0.29211997685553726
0.44178900957720446,0.28479243401598636,0.27341855640680923
0.43216831869648387,0.2661997169763599,0.3016319643271562
0.438546484944211,0.28078659073289747,0.2806669243228914
0.46319224403269943,0.3043980448207191,0.23240971114658177
0.44337441199402416,0.2793826874065898,0.27724290059938594
0.4420432057546445,0.2815315883128238,0.2764252059325317
0.44445163289310885,0.2862890959993321,0.26925927110755904
0.44071199767984726,0.2780238970346,0.28126410528555224
0.45213506411142623,0.28912676450136043,0.25873817138721356
0.4286007695807992,0.2850341996075719,0.28636503081162856
0.4445625721353344,0.2770492075155253,0.27838822034914024
0.455998824291452,0.29680899559528284,0.24719218011326505
0.4411390438265755,0.2705405030149695,0.28832045315845517
0.4316492602850275,0.2675111300977848,0.30083960961718725
0.4389915751295423,0.27257527861460207,0.2884331462558555
0.45567568629298455,0.27950726885633326,0.2648170448506819
0.4558928664956666,0.29541979872562596,0.2486873347787074
0.43595492186714735,0.27633213161307957,0.2877129465197733
0.43979270612295746,0.27418625261201524,0.28602104126502714
0.45610860850821006,0.29430130425182355,0.2495900872399663
0.44296811404311176,0.27625725221424147,0.28077463374264666
0.4336197895744063,0.26489070588194935,0.3014895045436443
0.43502455257345496,0.28160341354329677,0.283372033883248
0.42446643577929205,0.2690117230679723,0.3065218411527357
0.42536053445325006,0.27095770022835886,0.3036817653183911
0.44092565618778784,0.2862009212616851,0.27287342255052704
0.43665955978413307,0.28480363271543097,0.27853680750043586
0.43404960334266274,0.2726538932713719,0.2932965033859649
0.4392758816826462,0.2774782000466064,0.2832459182707474
0.45888546773848504,0.30725862957405514,0.23385590268745987
0.4362034396692177,0.27306398398989185,0.29073257634089056
0.4517593064680754,0.2829718993847924,0.2652687941471322
0.4526088351468332,0.28801167572930875,0.25937948912385833
0.4333887227657841,0.2724060453234598,0.2942052319107562
0.44874541446958793,0.277646500039638,0.2736080854907741
0.4438918917805972,0.2701244805054911,0.2859836277139115
0.4431841545800516,0.2762779861461421,0.28053785927380626
0.42711096132498355,0.26480319474494973,0.3080858439300666
0.45065651117851435,0.28085558509502506,0.2684879037264606
0.44133011737357514,0.29375074900034204,0.2649191336260827
0.4245131486339436,0.2667448099900849,0.3087420413759715
0.43364765540866,0.27475378093248093,0.29159856365885917
0.4458082770024573,0.27204318554777396,0.2821485374497686
0.4448197713117702,0.27065190549931994,0.2845283231889095
0.43571178924104015,0.27935015477174474,0.28493805598721533
0.4398621829431332,0.27791994135976705,0.2822178756970997
0.44586518217519255,0.28135286155268147,0.27278195627212604
0.4517539787662589,0.2888840453786777,0.2593619758550633
0.45433845246255206,0.2860362219901109,0.25962532554733697
0.4391895734292262,0.28004705099419525,0.2807633755765787
0.4300867275696416,0.26792656790221947,0.30198670452813897
0.44557015790331983,0.2820048001608838,0.2724250419357962
0.44808948777529,0.2801374056009213,0.27177310662378856
0.4484905198158162,0.288611598030619,0.2628978821535649
0.4260729446681382,0.2676187627103688,0.306308292621493
0.4571446231500427,0.2688788480258004,0.2739765288241567
0.45868003237739796,0.30536858139510703,0.23595138622749487
0.4611457543662628,0.30017809162253817,0.23867615401119904
0.4245272276414747,0.26984065222329634,0.305632120135229
0.44257707885654735,0.2751260059892757,0.282296915154177
0.42964323826415163,0.27484659798859645,0.2955101637472519
0.44863608989184,0.3002485045221872,0.25111540558597284
0.44839703308761736,0.28641255932488996,0.26519040758749235
0.4264933377873795,0.28186619235676724,0.29164046985585323
0.4428173660261884,0.2826804485390704,0.27450218543474136
0.43482382106286477,0.26807215393886963,0.2971040249982656
0.4568105040268163,0.2939314014097146,0.24925809456346906
0.4166105775113206,0.26771879738557014,0.3156706251031091
0.42861858459839103,0.27867097008060493,0.292710445321004
0.4278623146973001,0.2718768313302705,0.3002608539724294
0.42124575715949397,0.26910046229831874,0.30965378054218723
0.4455337230027646,0.2761132400225835,0.2783530369746515
0.44610390031600033,0.27858303335569706,0.2753130663283023
0.4480320350682991,0.2783408484001746,0.2736271165315266
0.4490051085418829,0.28427122967957436,0.2667236617785429
0.42152449537445663,0.26605541009851086,0.31242009452703234
0.42652264529968764,0.2742411056916622,0.29923624900865003
0.4319311734390018,0.27791127848204455,0.29015754807895366
0.43930839799992355,0.2843652607645703,0.27632634123550626
0.43722696027422037,0.2735396657729957,0.2892333739527838
0.4193158853089225,0.267641781581209,0.31304233310986823
0.4540499494334165,0.27428509579064964,0.27166495477593405
0.4562386363274035,0.29167471242041554,0.2520866512521811
0.42458821624282383,0.2794126857725685,0.29599909798460744
0.44652686372246353,0.2816609233530605,0.271812212924476
0.449333335708253,0.29724175414406634,0.25342491014768054
0.44183246293327294,0.28387556384690166,0.27429197321982524
0.43534774856561603,0.27758641972005915,0.28706583171432487
0.43608828171516567,0.27868488586978235,0.285226832415052
0.4452699506701899,0.2917316046127419,0.262998444717068
0.4602844845217547,0.2932886351700916,0.24642688030815357
0.44104529355216715,0.26802190731691883,0.29093279913091397
0.449214818132771,0.2877522404758548,0.2630329413913739
0.4253947633512424,0.28455178293780037,0.29005345371095703
0.40812980091659656,0.2675486404457815,0.3243215586376218
0.444565558526546,0.2877974909686151,0.2676369505048388
0.4244032929966748,0.2664045718027491,0.309192135200576
0.43629702568429735,0.2825778012169305,0.2811251730987724
0.4474360471003411,0.28610567168472956,0.2664582812149294
0.45472896173358723,0.2880954970645908,0.25717554120182207
0.4344759244253865,0.28019448616435266,0.2853295894102609
0.45829689898145576,0.28303196671131203,0.2586711343072323
0.4461506261145174,0.2943931486383823,0.2594562252470999
0.4375589153131544,0.2784687247166394,0.283972359970206
0.4383941574361457,0.2790017440107905,0.28260409855306357
0.4462724250451256,0.26948435043233393,0.2842432245225405
0.44033767801788054,0.2709954627514467,0.2886668592306727
0.43193322569982595,0.2823661134015084,0.28570066089866597
0.43925552597888257,0.27868208215526014,0.28206239186585735
0.4328826958832179,0.2758598690086647,0.29125743510811775
0.4539519204251251,0.282809043510846,0.26323903606402876
0.4261268976944164,0.2778038121400822,0.29606929016550154
0.43674666682048924,0.28356530938070207,0.27968802379880875
0.4461721957435642,0.2867249428623317,0.2671028613941042
0.4387007567081531,0.2748034375265959,0.2864958057652509
0.4454646796575153,0.2833610816373364,0.2711742387051481
0.42284145327340605,0.26718888781963185,0.309969658906962
0.43310355301185766,0.2719943025354718,0.29490214445267016
0.44578105429799997,0.2921924474915314,0.26202649821046853
0.432814197124144,0.272702830395104,0.29448297248075184
0.44286668299927046,0.2804489594910937,0.27668435750963566
0.4357569086975822,0.2719299459867466,0.29231314531567115
0.4410960882718354,0.2817695619532463,0.27713434977491846
0.4497401227173788,0.2756432008099696,0.27461667647265153
0.44804824070814153,0.30483491184432004,0.24711684744753848
0.4423648208970135,0.28839665121421076,0.2692385278887759
0.4531937300668827,0.287700946718335,0.2591053232147824
0.4558321463223543,0.292100931744264,0.25206692193338154
0.4198189469815202,0.2714119578254325,0.3087690951930473
0.42371107699487526,0.2688894593149262,0.30739946369019894
0.4319994071694745,0.27474619325328414,0.293254399577241
0.42898768759472033,0.26878465166834214,0.30222766073693774
0.4263402784556569,0.26743366169176996,0.30622605985257306
0.45064247507020266,0.2858666024185056,0.2634909225112917
0.4320929244353423,0.2640880579957542,0.30381901756890356
0.4111574904142187,0.268192766669187,0.3206497429165943
0.431018612212123,0.2751462856380435,0.29383510214983344
0.44846211160786714,0.29662156853515387,0.25491631985697927
0.42672681770644216,0.2715367352307394,0.3017364470628183
0.4521801129034696,0.28379481190088557,0.2640250751956445
0.45746164271741,0.29317977402115003,0.2493585832614401
0.4416597573605125,0.2728582484903064,0.2854819941491813
0.43011651624697156,0.2813686056503326,0.2885148781026955
0.45132783466529913,0.3002079262053562,0.24846423912934465
0.42957809349289605,0.2681338329925459,0.3022880735145582
0.43481713216677165,0.27631902273399056,0.2888638450992378
0.4516034210700912,0.2919638933569271,0.25643268557298166
0.44843570216192974,0.2855485501120322,0.26601574772603814
0.44481712977885246,0.27356479623832763,0.28161807398281985
0.4240229822804942,0.26698186494574105,0.3089951527737649
0.4409881833350955,0.28074767680702206,0.2782641398578826
0.4327418348840389,0.26140267545231666,0.30585548966364473
0.4269532774078382,0.26587038993428647,0.30717633265787536
0.43435398618067644,0.2715275123879955,0.2941185014313281
0.4609245142483535,0.2897766403220962,0.24929884542955022
0.4378572810972595,0.2831711162299817,0.2789716026727588
0.4644048427920503,0.30403758288121907,0.23155757432673038
0.4348351777211029,0.2674760916680743,0.29768873061082274
0.4319322638098422,0.2743359361740255,0.29373180001613214
0.4381770551005086,0.28405358931518393,0.2777693555843075
0.4292154304164967,0.2689649443282831,0.3018196252552201
0.456871094771263,0.28188766108331365,0.2612412441454229
0.459480182166612,0.29140391428335977,0.24911590355002822
0.42693965585922283,0.27963848122331636,0.29342186291746086
0.44697423735612035,0.2752834968367881,0.2777422658070916
0.46235285065325027,0.29536491721191105,0.24228223213483863
0.4335078586481617,0.2687025009111179,0.2977896404407204
0.45787194698938694,0.2938539214330767,0.24827413157753592
0.438628521469295,0.2748672017598247,0.28650427677088003
0.46232506440705307,0.2973392551600563,0.24033568043289066
0.4337553096160865,0.27553541068898096,0.29070927969493254
0.4342258758122643,0.2668198916257805,0.2989542325619552
0.43031817206783296,0.2724741628729584,0.2972076650592086
0.4434542738588435,0.2864288883885052,0.27011683775265133
0.436624313489984,0.2845811469841615,0.2787945395258543
0.4299720783169093,0.2734871984044151,0.29654072327867553
0.4441579886702161,0.2769926673726407,0.27884934395714317
0.45755655052931027,0.2829062411484329,0.2595372083222569
0.42063495786145666,0.26204234110536095,0.317322701033182
0.44869350803916835,0.2861382519982669,0.2651682399625648
0.45584868997875344,0.2869299583271038,0.25722135169414306
0.449868335839823,0.3002782624836712,0.24985340167650577
0.4385705802855395,0.2716000984673674,0.28982932124709293
0.4314542447085544,0.2812836997760156,0.2872620555154298
0.44445150505312336,0.2795405135647358,0.27600798138214055
0.43795107324941146,0.28487379852639594,0.27717512822419266
0.44197903291133955,0.28334141944495406,0.27467954764370583
0.4338754936512735,0.27430135896330593,0.2918231473854205
0.4453590171864958,0.2878207171442376,0.2668202656692665
0.44927472789174006,0.26681200969896707,0.28391326240929293
0.4261178680463332,0.2863141757494742,0.2875679562041925
0.4483978828959597,0.28214923101730277,0.2694528860867377
0.43399475551377736,0.2579845901419465,0.3080206543442761
0.4570848707161045,0.29832516267820375,0.24458996660569163
0.4356308835824107,0.2893409975468487,0.2750281188707405
0.4420928278164199,0.28593521272209854,0.27197195946148145
0.4310001239921051,0.2656598971604765,0.3033399788474188
0.44563427685400114,0.2782498322788809,0.276115890867118
0.4463792957767142,0.2852362997029353,0.26838440452035023
0.44224103374723867,0.28629547191699234,0.27146349433576894
0.4498047990101155,0.2856136780798214,0.26458152291006287
0.43078833159124597,0.2821401925464711,0.28707147586228293
0.44308788645372155,0.2713900565399811,0.2855220570062973
0.427453922162135,0.26096381663041157,0.311582261207453
0.4319724971262069,0.26572687608621315,0.3023006267875799
0.4391497900960165,0.2748722634331225,0.28597794647086056
0.4358419631725046,0.28609183336768806,0.2780662034598071
0.46147057597573315,0.2966693057265544,0.24186011829771265
0.4391075902321795,0.2631246462635585,0.29776776350426193
0.439672320323947,0.2866649696957804,0.27366270998027276
0.4251735590312444,0.263194812905609,0.3116316280631469
0.4341770915699756,0.2862783644298049,0.27954454400021944
0.43354957085900236,0.2669696875482396,0.2994807415927577
0.44172920276565764,0.27513930433082795,0.28313149290351447
0.4199784586067454,0.2703362508312673,0.30968529056198746
0.45122912265715637,0.2802006547334558,0.2685702226093878
0.42106318703152495,0.2706115265956297,0.30832528637284545
0.4373821992993675,0.27175209960630997,0.2908657010943224
0.4326909996248004,0.2731775593038615,0.29413144107133815
0.4479993349755549,0.27482131801558496,0.2771793470088602
0.45295564400749233,0.28909617349996997,0.2579481824925378
0.45427376124239394,0.28967957263208083,0.2560466661255252
0.45966058240525326,0.2970233986797852,0.24331601891496166
0.439452840472504,0.2734059988806954,0.28714116064680095
0.45097337148740824,0.28138559452771866,0.2676410339848734
0.4350072656343707,0.2804263687362051,0.2845663656294243
0.4291006763178127,0.2702218973725317,0.3006774263096553
0.442677477910592,0.2698350406824213,0.28748748140698654
0.4300367611392285,0.2650403968963845,0.3049228419643865
0.4498566766338298,0.3009457170065868,0.2491976063595835
0.4567843044753762,0.29286163991458797,0.25035405561003554
0.4222608242410191,0.2676262685785375,0.31011290718044326
0.4193115702063901,0.2650346922955629,0.3156537374980469
0.42839211892798645,0.267168614244693,0.30443926682732053
0.44408763241827875,0.27224633626995537,0.2836660313117658
0.4351571594513868,0.2632883096670239,0.30155453088158934
0.44821448337010705,0.29281758332355023,0.25896793330634255
0.4288050392058835,0.26367203633906744,0.30752292445504886
0.4278644459106345,0.26300469427348566,0.3091308598158796
0.44154579463239696,0.29092673535355257,0.26752747001405053
0.42976976388903726,0.2785421116569332,0.29168812445402953
0.4346218208373773,0.2810279615699741,0.28435021759264845
0.4367560149249356,0.282623386581095,0.2806205984939695
0.4510026307500158,0.283513394721693,0.2654839745282911
0.4496990035358747,0.29106001209646626,0.2592409843676588
0.44543567627625874,0.2851734683994931,0.26939085532424795
0.4425690583202573,0.27104721923713704,0.2863837224426057
0.4243909821751762,0.2631246460598286,0.31248437176499505
0.44605945772351463,0.2896203947483676,0.2643201475281177
0.43342004178269095,0.2686873667404016,0.2978925914769075
0.43190729414928036,0.2886494403775892,0.27944326547313025
0.43504765459753025,0.27401046731210577,0.2909418780903639
0.44605107421995127,0.2869456003103048,0.26700332546974376
0.43353765068605465,0.2745765239105845,0.29188582540336083
0.4329859732518002,0.2702975694399622,0.29671645730823737
0.42101573767887385,0.2661582699739763,0.3128259923471498
0.43323008431169807,0.28200120968540543,0.2847687060028964
0.4411741468877571,0.2748911373028281,0.28393471580941476
0.44026679873415064,0.2775243398853843,0.28220886138046525
0.44007485544299163,0.2797654783208981,0.28015966623611016
0.4328880066695372,0.27651871937250005,0.2905932739579627
0.4573558907893841,0.28852784050171454,0.25411626870890125
0.4338784433478219,0.28121422365624826,0.28490733299592985
0.4416607511907335,0.27269594805746883,0.28564330075179767
0.4305149891957514,0.27441705043272413,0.2950679603715246
0.4460397405764138,0.2900403663885375,0.2639198930350487
0.44292618550897445,0.2699538850819055,0.28711992940912023
0.4169952590559147,0.27971382758415286,0.3032909133599325
0.4258433066549461,0.27184321306352954,0.30231348028152466
0.4676570471504722,0.3067139933203724,0.22562895952915532
0.4481103988797956,0.27009049197732005,0.28179910914288403
0.4421370131161982,0.2765362113986236,0.28132677548517837
0.43500301582113604,0.2842272454007281,0.28076973877813605
0.4413585599357043,0.2634383396269586,0.2952031004373371
0.4240356575719172,0.27148177782147,0.3044825646066125
0.45056414451558613,0.28209922886341077,0.2673366266210031
0.43523022845086784,0.2817748570868073,0.28299491446232505
0.4188330615747893,0.2655892211328297,0.3155777172923812
0.45624935303175396,0.2882580512208214,0.2554925957474248
0.45222058147781574,0.28587117861025846,0.2619082399119256
0.46574174991976947,0.3010037251937656,0.23325452488646506
0.4502980352658834,0.28525843913035565,0.2644435256037609
0.4276903470550669,0.2755671433220783,0.2967425096228545
0.44797605813440705,0.27863040804611416,0.2733935338194787
0.43740622172320276,0.2633358982353715,0.29925788004142573
0.44975393287615223,0.2876541036218828,0.262591963501965
0.4457517479519971,0.28661774462605116,0.2676305074219516
0.43969169127970686,0.2825448124305654,0.27776349628972763
0.4361085307837792,0.2798484264200316,0.2840430427961895
