x,y,z
0.41956876645348273,0.2731777042455844,0.3072535293009332
0.4326289003374576,0.2825725576893162,0.2847985419732265
0.43958278392788225,0.2689767097098742,0.2914405063622438
0.43010117292461364,0.2633778382735078,0.30652098880187884
0.41916198192416315,0.2697599066697045,0.31107811140613206
0.43306917589668337,0.2826588174282647,0.284272006675052
0.44486258354751307,0.27840284393581705,0.27673457251667
0.425619674064007,0.2687157265782996,0.3056645993576932
0.43085262738621477,0.2851534658556364,0.28399390675814895
0.4295550036056452,0.2710043201629955,0.2994406762313592
0.4412436357445505,0.28313802333573446,0.2756183409197155
0.43056512193927654,0.27974745942253015,0.28968741863819325
0.4430027549506154,0.2813939670876484,0.27560327796173645
0.44697965979007637,0.27695295654025986,0.27606738366966355
0.4291862711781924,0.261308561031877,0.30950516778993054
0.4468137433381226,0.2822520763591755,0.27093418030270183
0.442110296090517,0.28379997579656946,0.27408972811291366
0.4429344802364751,0.2777751187629031,0.2792904010006214
0.446672182064072,0.275043151203351,0.2782846667325768
0.438620175538488,0.2824793708552927,0.2789004536062196
0.42969310107725933,0.2588332401063393,0.31147365881640093
0.43830398166483286,0.2733839986882865,0.2883120196468807
0.43329678792042714,0.2729228772967228,0.29378033478285004
0.4374896298225184,0.28181971773213527,0.2806906524453462
0.4286421393084367,0.28332255403572315,0.2880353066558403
0.4395625574853621,0.28423588653086407,0.2762015559837738
0.44099010412382494,0.28019679239729733,0.2788131034788779
0.43012872464083407,0.2689567197350947,0.30091455562407143
0.4290596574595053,0.2682235443435357,0.3027167981969591
0.426633313219093,0.26813529750282744,0.30523138927807963
0.4362448914003886,0.2726550310747096,0.29110007752490163
0.4210729709772,0.2641002718317432,0.3148267571910568
0.4205858500883864,0.2661531514097422,0.3132609985018713
0.43556030194482,0.28146586094579407,0.28297383710938606
0.4397682846297698,0.27207239339362116,0.2881593219766092
0.43004409326255466,0.26512400725582697,0.3048318994816181
0.4347634384664353,0.27993487102144504,0.2853016905121197
0.43168633000624806,0.26747909843368134,0.30083457156007043
0.4365027615369875,0.28346562888850996,0.2800316095745021
0.44343202187952613,0.27978153444356463,0.2767864436769094
0.43154597420505175,0.2609385523184684,0.3075154734764799
0.4269368864331204,0.2659481861127766,0.3071149274541026
0.4352692001590498,0.2692225459538631,0.29550825388708707
0.426173988548336,0.2687879129193711,0.3050380985322928
0.4353539260938767,0.27159231570584796,0.29305375820027557
0.4309478961611404,0.27575897924644016,0.2932931245924195
0.42393980175457613,0.2677006146770027,0.30835958356842125
0.43014103684024313,0.25969527166563905,0.31016369149411777
0.4360442237815529,0.27297605375500433,0.29097972246344284
0.4298047119691136,0.2698862056499494,0.3003090823809369
0.4222770601233729,0.26651844136152875,0.3112044985150983
0.4263988901403526,0.26795542459858207,0.30564568526106517
0.4223123736984669,0.266479957855822,0.31120766844571124
0.43023131364159234,0.2637041363404455,0.3060645500179624
0.4369008065856179,0.28464100491780475,0.2784581884965771
0.4365641282038205,0.2838943350071169,0.27954153678906235
0.4371254608192651,0.2810463438318664,0.28182819534886855
0.4246787234539131,0.26263147823662675,0.3126897983094603
0.42744118034972656,0.2875326559426087,0.285026163707665
0.4304339599984287,0.2709954256441033,0.29857061435746757
0.42517455492320105,0.2714894964787212,0.30333594859807766
0.4284326646232675,0.26770186135783075,0.30386547401890174
0.4384630763857242,0.27792673823525305,0.28361018537902294
0.4397911233865046,0.271258209365647,0.28895066724784835
0.42813647156928764,0.2742225433735392,0.2976409850571733
0.4457842226681054,0.2723298803748978,0.28188589695699684
0.42888519105423606,0.2795563791766017,0.2915584297691626
0.4245807716819545,0.26781096975753294,0.3076082585605122
0.42823199685944546,0.2654174779612515,0.306350525179303
0.43424342235339286,0.2849957919041035,0.2807607857425036
0.4413729694185572,0.28660041973539935,0.27202661084604307
0.4219614793239346,0.27507233030129097,0.30296619037477446
0.44529335814055265,0.28084715535162885,0.2738594865078182
0.4459087093788596,0.28285507501497054,0.2712362156061697
0.42835609012618414,0.2782972652193998,0.29334664465441584
0.4433530044506469,0.2697944496241465,0.28685254592520676
0.4422607692308152,0.28039303971520757,0.2773461910539772
0.44320241362311064,0.28289614505772276,0.2739014413191664
0.43699581480338245,0.2759090423183459,0.2870951428782714
0.4360848192859603,0.2802771098521146,0.28363807086192494
0.4340384553896176,0.2711810377411298,0.2947805068692525
0.4240475393959826,0.26573558492131444,0.31021687568270306
0.4238289531017173,0.286507352216865,0.28966369468141756
0.4282694534537884,0.28886896609696144,0.2828615804492498
0.4283242116447592,0.2638148629419884,0.3078609254132526
0.4270732584345565,0.2605329266486486,0.31239381491679485
0.43858684128787734,0.28236683700014664,0.2790463217119761
0.4344171230049712,0.27540654557524896,0.2901763314197795
0.43727305072093536,0.2834369212015079,0.27929002807755676
0.42538062196740434,0.26485746925704795,0.30976190877554766
0.43449462766428043,0.2733668188836187,0.29213855345210094
0.4320519131908014,0.2785192832555719,0.2894288035536268
0.4198355006101473,0.26762767396549236,0.3125368254243603
0.4187025288499028,0.27227281375238627,0.30902465739771096
0.4397508591453623,0.28208438776904493,0.27816475308559285
0.4270112452349789,0.2761625531331239,0.29682620163189705
0.43074191389844096,0.2782472701950598,0.29101081590649897
0.44716011092510183,0.2809751188981083,0.2718647701767899
0.43484168359639713,0.276473637482085,0.28868467892151783
0.43222642501596953,0.2721295948249227,0.29564398015910764
0.4312808917554378,0.2816904424643859,0.2870286657801761
0.4249992484742117,0.2623469274251417,0.3126538241006464
0.4398959470414824,0.2816086672407173,0.2784953857178004
0.44496961613297337,0.28188876318680645,0.27314162068021997
0.42577165367115555,0.264916688603626,0.3093116577252185
0.4312823098533099,0.2734846487949904,0.2952330413516997
0.440796142974352,0.281752856257212,0.2774510007684359
0.42702453351396286,0.2759094860353834,0.29706598045065347
0.4379696015672394,0.28472438967525027,0.2773060087575098
0.4310716290605722,0.26554528502117847,0.30338308591824925
0.4355604317468047,0.27882961693171265,0.2856099513214828
0.4401185877744235,0.28763020967362596,0.2722512025519504
0.42164366080841176,0.26353632592220716,0.3148200132693809
0.44276521577409883,0.2730980387732672,0.2841367454526341
0.4243793970431758,0.26548922060348384,0.3101313823533402
0.42773093242679183,0.2730655674628394,0.2992035001103686
0.4280727565065855,0.27196768239669045,0.29995956109672417
0.4252026358746876,0.2650192291802178,0.3097781349450946
0.4395252881059319,0.275221707983322,0.28525300391074604
0.41181199496573606,0.26839923061914595,0.319788774415118
0.4351736442502215,0.26910479268577336,0.2957215630640052
0.4453806209855369,0.27845051901446766,0.2761688599999953
0.4334303153363519,0.2730691025386143,0.29350058212503377
0.4325680432307545,0.26620250499767867,0.3012294517715668
0.4175009092039995,0.26681867411252774,0.3156804166834728
0.4355658951119367,0.28304805847397063,0.2813860464140926
0.43784121606956394,0.284607702957659,0.2775510809727772
0.4315366051022723,0.28756595258197726,0.28089744231575026
0.44637584387090257,0.2853003379022822,0.2683238182268151
0.42679259208190223,0.2760881303562789,0.297119277561819
0.4312574009007276,0.28105643435204,0.28768616474723263
0.4208057751554997,0.2652948643053761,0.3138993605391243
0.43112500090402506,0.27046331556964587,0.2984116835263292
0.4246595992908621,0.27816432131080615,0.29717607939833146
0.43559155721430876,0.2766784952775402,0.28772994750815106
0.43490739695783304,0.2712880338307345,0.2938045692114323
0.4233663347594159,0.26566784550227407,0.31096581973831033
0.4340504865012727,0.28254375093651796,0.2834057625622092
0.4383431901270682,0.27997561777141466,0.2816811921015172
0.4257924845481481,0.2736983545146221,0.3005091609372299
0.43283711326928875,0.28079117206842874,0.2863717146622823
0.427241170983498,0.2677050030879179,0.30505382592858404
0.42882799988119297,0.2723383179643402,0.29883368215446693
0.43080552011691786,0.273957909251288,0.29523657063179454
0.4317989359015012,0.26164884703599295,0.30655221706250557
0.42967796416290777,0.27824441660945454,0.29207761922763753
0.434876334793903,0.28097123370173915,0.28415243150435765
0.4298538599079262,0.2710361928966683,0.2991099471954055
0.430618393544463,0.2659986201932576,0.30338298626227916
0.4378931933415715,0.27161203156784075,0.29049477509058763
0.4287431580591323,0.27705246896855934,0.29420437297230806
0.42558167112011336,0.2706501163948485,0.30376821248503805
0.4319665761701823,0.2728404589629255,0.29519296486689195
0.4390540467595184,0.27536432009580936,0.28558163314467216
0.4216988945740008,0.26502148964602523,0.31327961577997404
0.4306713156393961,0.2707291131288327,0.29859957123177133
0.44527559690353347,0.2862210057432868,0.2685033973531795
0.4475499212618169,0.2849044669229771,0.2675456118152061
0.4258919322057079,0.265829947408191,0.30827812038610114
0.43671424417855675,0.26256044740472545,0.3007253084167176
0.4402218648538878,0.2731171069823507,0.2866610281637618
0.4364039693817334,0.27432704861902857,0.289268981999238
0.43738359961487316,0.26950645970437875,0.2931099406807478
0.43476264890440885,0.27725162300338974,0.28798572809220124
0.431775048887843,0.27008823967939755,0.2981367114327593
0.4412436769658491,0.2662214431045902,0.29253487992956045
0.42960573652356865,0.26574692111010323,0.30464734236632807
0.4448155281887635,0.2870451516089112,0.2681393202023252
0.42019393618182793,0.2652332587161958,0.31457280510197616
0.43281031198925823,0.2763594662021762,0.2908302218085659
0.4246226555167309,0.2682362159207466,0.30714112856252235
0.4367430672153521,0.27127223496977065,0.291984697814877
0.4524517489762433,0.2761749945231624,0.27137325650059435
0.4217888117086671,0.26618950607712033,0.3120216822142122
0.43522690979739526,0.28049127303700544,0.28428181716559897
0.4414360627017091,0.28075282147634173,0.2778111158219494
0.4353865055523276,0.26863787329114225,0.2959756211565299
0.4504158680775361,0.27426943471035947,0.27531469721210444
0.43660815246222273,0.2717714362146678,0.2916204113231091
0.4253042333074417,0.2664812195031453,0.3082145471894129
0.4360333244777477,0.26804871468075714,0.2959179608414951
0.42593896865404535,0.2632840225999423,0.3107770087460122
0.4288515699197388,0.26941272846420716,0.30173570161605423
0.42687867863621065,0.2696589565296003,0.303462364834189
0.45071515341773005,0.28458155209097546,0.2647032944912943
0.4426030522721209,0.2787460992814178,0.2786508484464613
0.45777660101112094,0.27478974858779204,0.2674336504010867
0.4447865261547438,0.2837830586566809,0.27143041518857536
0.4400705155535023,0.28099548112316175,0.2789340033233359
0.43452291648483304,0.2847123191443896,0.2807647643707772
0.43177667331687,0.2669304052450252,0.30129292143810427
0.43049523134387613,0.28133055110854444,0.28817421754757955
0.4389533762479028,0.27264124358340425,0.2884053801686926
0.4581744667663309,0.27853883586397155,0.26328669736969745
0.4318291919467619,0.2804463348271027,0.28772447322613515
0.4335445732558634,0.28615217573960267,0.28030325100453385
0.42399307844969675,0.27661895606972287,0.2993879654805803
0.4207107392329207,0.2691373410853736,0.31015191968170586
0.42485498322242127,0.26261424304841186,0.3125307737291667
0.43907388279271986,0.27552182206717,0.2854042951401095
0.4280951506614353,0.27019011983779684,0.30171472950076783
0.43618317269554,0.27328067345260587,0.290536153851854
0.4425931440759394,0.2807258257834545,0.2766810301406058
0.43579380138871393,0.2733857198184104,0.29082047879287537
0.42769816113750786,0.26450340341033307,0.3077984354521593
0.43025339246898414,0.2636889471144702,0.30605766041654536
0.4318677364918207,0.27005639300912226,0.2980758704990569
0.44838387213221703,0.28172440153367106,0.2698917263341115
0.4280995467179728,0.26686747195335514,0.305032981328672
0.42497945119846525,0.2874450762461134,0.2875754725554214
0.42837608377005515,0.2762869222090827,0.2953369940208623
0.43802616954451046,0.2817718605322972,0.28020196992319213
0.4397659912389875,0.2813992940513849,0.2788347147096274
0.4402920475636493,0.28495311464258927,0.27475483779376136
0.44091016102098896,0.2721476372319294,0.2869422017470817
0.43029070902696864,0.26743045766013,0.30227883331290145
0.4405971150697608,0.28630346714768795,0.2730994177825512
0.4368096333198263,0.27853531726954306,0.2846550494106305
0.42342976887758305,0.2659102367937013,0.31065999432871516
0.4205216063621849,0.2697452632428074,0.3097331303950075
0.4295418677697549,0.2846011457215877,0.2858569865086571
0.4292019606417761,0.27061437839466596,0.30018366096355786
0.44439039285149917,0.27948136899899856,0.2761282381495026
0.4400880800943184,0.28302309577138085,0.2768888241343008
0.4324200524811022,0.2788857673536933,0.2886941801652044
0.4275145994505558,0.27373272225037715,0.29875267829906693
0.42032610188391123,0.26614663550499074,0.31352726261109815
0.4286126587754935,0.26228158647638744,0.3091057547481193
0.4353054353821403,0.2776415949447817,0.2870529696730781
0.43254689900390086,0.2704502149243529,0.29700288607174635
0.4229172758538721,0.2663980885206324,0.3106846356254955
0.42906090572027417,0.2875652140546281,0.28337388022509746
0.435989927033455,0.27978267962236925,0.28422739334417624
0.4236292227641505,0.2656371848965081,0.31073359233934195
0.44332049759769815,0.28296331181428214,0.27371619058801955
0.43920795855699074,0.2676927033425538,0.29309933810045535
0.44064719687488063,0.2710897947372607,0.28826300838785834
0.4404608619227973,0.2804694228299519,0.2790697152472509
0.44119949175733936,0.2869055699092625,0.27189493833339806
0.43933752919126556,0.27024008792733833,0.2904223828813962
0.43682407137657314,0.26317518707754817,0.3000007415458784
0.4233809036400146,0.263418086209896,0.31320101015008917
0.42843939154421745,0.2851014985351218,0.28645910992066037
0.43933883168913446,0.2723820084877401,0.28827915982312546
0.4231432186733672,0.2642657761230983,0.31259100520353433
0.4312462946543789,0.2667783301152673,0.30197537523035367
0.4299017053130633,0.26682989257048295,0.3032684021164535
0.4315277535155844,0.2658900117604579,0.3025822347239576
0.4201415470655431,0.2611304026435628,0.3187280502908939
0.4410506501207411,0.2820559605497268,0.27689338932953195
0.42589580624977086,0.2635866319335986,0.31051756181663037
0.42394185471239315,0.2637294256019694,0.3123287196856374
0.43083045912361695,0.2832366041616927,0.2859329367146901
0.4161103819744558,0.2652886238125044,0.31860099421303995
0.42780281946321574,0.26655934672141524,0.3056378338153688
0.43821949870727683,0.2750266361992828,0.28675386509344014
0.4436562364670042,0.2779833726614842,0.2783603908715117
0.44051496564789494,0.28537706276806574,0.27410797158403927
0.4348728392776117,0.2676413306470418,0.29748583007534657
0.43235961511523385,0.2729112070830947,0.2947291778016713
0.4321587788387917,0.28469046776262563,0.2831507533985825
0.4433458681023382,0.27573279230306463,0.2809213395945973
0.4225164209268051,0.2689174195391962,0.30856615953399896
0.43061440907476706,0.259464590766023,0.30992100015921
0.42801097203936644,0.26622479011077,0.30576423784986345
0.4261315748193567,0.2642660977213374,0.3096023274593057
0.4394998060494066,0.2767702411842326,0.2837299527663609
0.4367516349318673,0.27525992529763943,0.2879884397704934
0.43172107462247744,0.2640974669979273,0.30418145837959526
0.44624851259161197,0.28392625315378456,0.26982523425460325
0.42483259148647845,0.2633507293473521,0.3118166791661695
0.43173280067136743,0.26908993107748824,0.2991772682511443
0.4385318362832866,0.2844274552827846,0.2770407084339284
0.42844413331710207,0.2759670713574938,0.29558879532540383
0.441832452755913,0.2789112532562583,0.27925629398782864
0.4302677588982068,0.2637900538744888,0.3059421872273044
0.427483762090043,0.2692901263867383,0.30322611152321854
0.44165173251546513,0.28559811761823406,0.2727501498663008
0.43606600627670233,0.26734569796422547,0.2965882957590722
0.43097077417718843,0.26908308012436016,0.2999461456984515
0.42371978695528445,0.27858021248522696,0.2977000005594887
0.4431318387510284,0.270741287394516,0.2861268738544555
0.43379411228988807,0.2654455489260781,0.3007603387840335
0.42806796408826936,0.27290600896779704,0.2990260269439336
0.4317523916859549,0.26709492206813895,0.3011526862459062
0.42330094021662507,0.2711615957696213,0.3055374640137535
0.41995212580181834,0.26482406245274626,0.31522381174543546
0.4276667600849916,0.27787012606703054,0.29446311384797785
0.44781679771125954,0.27295660457582893,0.2792265977129115
0.43046154270411574,0.28700983881339714,0.28252861848248684
0.41974888232116103,0.2716509346567173,0.3086001830221212
0.44846989034248885,0.27810002340663464,0.2734300862508767
0.439569353683522,0.28482399629513533,0.2756066500213427
0.43472074698967905,0.2788967704091627,0.2863824826011581
0.4249665964865168,0.26583786294154654,0.30919554057193666
0.4270707980610433,0.27257052157306694,0.30035868036588986
0.43832185953188046,0.28134371476861375,0.2803344256995058
0.43764135894169537,0.2794156564233673,0.28294298463493717
0.42666601066576154,0.2631321196996178,0.31020186963462054
0.45151640774335866,0.2818332944570333,0.2666502977996082
0.4133591533675924,0.26963155400741295,0.31700929262499455
0.4252180707989834,0.27474579973637003,0.3000361294646464
0.4247951772868963,0.2675553268218963,0.3076494958912073
0.4357167776939659,0.2780066252213636,0.2862765970846707
0.424315359612043,0.26306463109173783,0.3126200092962188
0.4191858982468372,0.2657205677536863,0.31509353399947626
0.43100392778790725,0.2678153949109894,0.3011806773011034
0.4241105432867718,0.2632954551965446,0.31259400151668326
0.4317725858827726,0.26633887270530693,0.30188854141192
0.4570511552143042,0.2803476674104736,0.26260117737522204
0.42680378896222915,0.26295895120558627,0.3102372598321845
0.43005988204072626,0.26760175682110954,0.3023383611381643
0.42829222881106366,0.26889896812809816,0.30280880306083835
0.4213203622429538,0.26697984124635915,0.311699796510687
0.4348433397082693,0.2837598922589245,0.2813967680328059
0.4239679168760091,0.2662927413286654,0.30973934179532586
0.42752687874738826,0.2768117408521243,0.2956613804004878
0.4322376927891577,0.260643227377413,0.30711907983342945
0.43538430857067556,0.2821162277787458,0.2824994636505787
0.4329040354010119,0.26669310318902645,0.30040286140996164
0.4389648302398417,0.2822750136030152,0.27876015615714317
0.4402840602470928,0.2830017510976771,0.2767141886552302
0.434672800755316,0.2723690194022418,0.2929581798424422
0.4413378895648606,0.26688320547402644,0.2917789049611128
0.4347064233046972,0.26945291238880575,0.29584066430649714
0.43320276194664054,0.2725584473159514,0.294238790737408
0.42764167265508,0.28441723648390477,0.28794109086101527
0.44140769296615934,0.2838144611111346,0.27477784592270593
0.43580607176390157,0.2663428580445517,0.29785107019154655
0.446121029018399,0.2861139973758879,0.2677649736057133
0.4382446854214246,0.28670790697081605,0.2750474076077597
0.42156499916842805,0.26995741947310925,0.30847758135846265
0.42875960584269934,0.26932292340715436,0.3019174707501461
0.43274193385847526,0.2808085675087162,0.2864494986328088
0.43898925305878106,0.2841991896877683,0.2768115572534504
0.44157118925592564,0.26833868571080055,0.2900901250332735
0.4356039652686784,0.2739716828806725,0.2904243518506491
0.43124114485568676,0.28543227503599616,0.283326580108317
0.4362856631969527,0.280492717578412,0.28322161922463507
0.42483411139886634,0.2639755501717048,0.31119033842942856
0.44146481513290475,0.2696017034964804,0.2889334813706148
0.4239348717231881,0.27518715027239493,0.3008779780044169
0.4339472376419725,0.2707648870632039,0.2952878752948234
0.4319937217233437,0.28346051861162946,0.2845457596650268
0.4343996013721877,0.2761651902141719,0.28943520841364045
0.4305072103843592,0.27553808240357247,0.29395470721206834
0.436540733216889,0.2807729518117445,0.2826863149713663
0.4217532961638055,0.2677371398792216,0.31050956395697277
0.44088428083488274,0.2739036575248869,0.28521206164023033
0.43345793044427355,0.2709044866879521,0.2956375828677739
0.43020543001957773,0.2635786482014142,0.306215921779008
0.44530641243803004,0.28295625584312445,0.2717373317188452
0.4167962377406637,0.2689113292719738,0.3142924329873623
0.4264477928271809,0.2697181146706934,0.3038340925021257
0.4295995422561591,0.26365232434397223,0.30674813339986884
0.4350687046935152,0.2654622576432773,0.2994690376632072
0.43810158991272397,0.2849014385883277,0.2769969714989482
0.423588526937051,0.2637025692308962,0.3127089038320525
0.4445599828518539,0.2815352998615749,0.27390471728657123
0.4292808291675863,0.2761874064330748,0.2945317643993389
0.4464512533059748,0.2882165937723937,0.26533215292163137
0.42648544595009297,0.2616066025219582,0.31190795152794926
0.423743400020304,0.2675022454097238,0.3087543545699723
0.4337889251126686,0.2823024538204166,0.2839086210669146
0.4401584106112739,0.255604136647962,0.30423745274076397
0.43876563717231215,0.2798813924933947,0.28135297033429313
0.4214731308991242,0.2713629956465194,0.3071638734543562
0.4394129080830049,0.27743237843611196,0.2831547134808833
0.4449190338620634,0.2777438351696166,0.2773371309683202
0.428066536548531,0.2650899715488957,0.30684349190257343
0.4137244438867681,0.26728702988313713,0.3189885262300949
0.4401318007401631,0.2634788787768321,0.2963893204830049
0.4359507301955383,0.2860070595263477,0.27804221027811404
0.4532282787876706,0.2762187902324158,0.2705529309799134
0.424408846493936,0.26568101607606626,0.30991013742999785
0.4484815121753398,0.2788982001587451,0.2726202876659152
0.41747071255344786,0.26343612338564415,0.319093164060908
0.42095885892374213,0.2677712764673767,0.3112698646088812
0.4328342829192233,0.2768326467686725,0.2903330703121044
0.42649148873637666,0.2826493422408385,0.2908591690227849
0.4168825173371488,0.2653488160367856,0.31776866662606584
0.4318305862348015,0.2636695661051365,0.30449984766006233
0.43221137342108384,0.28467595600937073,0.2831126705695451
0.4288882979625426,0.2665401325603638,0.3045715694770936
0.42658376851682717,0.2668218714963746,0.30659435998679807
0.4333146288058441,0.26499632042180377,0.3016890507723523
0.4248289701677672,0.2681041761573101,0.3070668536749226
0.4293314484963752,0.2686113698684366,0.30205718163518813
0.43437569991940145,0.2714117843844333,0.2942125156961654
0.4241372768848862,0.2642317259779251,0.3116309971371885
0.45049771816439393,0.28161759768633143,0.2678846841492746
0.43286284643035244,0.27003693838453163,0.29710021518511553
0.42339029345194273,0.26547979575906183,0.3111299107889953
0.4334090123361045,0.2767361216514458,0.28985486601244975
0.43014838975344466,0.2762238831503664,0.2936277270961889
0.4309788065716185,0.28104062492597603,0.2879805685024054
0.4248082515685778,0.27788446799595845,0.297307280435464
0.4294899185242266,0.27309224046809594,0.29741784100767765
0.4270010589704707,0.2654331421610334,0.3075657988684958
0.43398552754466174,0.286663369145317,0.2793511033100211
0.4350579883086158,0.27135862664991384,0.2935833850414703
0.4195205895831863,0.2675073293906758,0.31297208102613777
0.4304328925389145,0.27241205406717806,0.29715505339390746
0.4437271496580067,0.28283301298521424,0.27343983735677885
0.41738426813654517,0.2715261510702818,0.311089580793173
0.44390215401582356,0.28294008883703503,0.2731577571471412
0.42614419409901794,0.2668385549196415,0.3070172509813406
0.4303271660052469,0.2726903524596862,0.2969824815350669
0.44331560421990057,0.27322777279476296,0.2834566229853366
0.42106203728757957,0.26641695676442956,0.31252100594799076
0.4202042331221749,0.26251992575523586,0.3172758411225892
0.4364350291031287,0.27252180592762854,0.29104316496924265
0.4235980512641071,0.26915037656301805,0.3072515721728747
0.44662730080474916,0.2691385574567101,0.28423414173854045
0.4342998525391843,0.2710105391194044,0.29468960834141145
0.430419631685298,0.26191797625106755,0.30766239206363394
0.423726194563406,0.2682037113242863,0.30807009411230774
0.4300672384486596,0.263958373474694,0.30597438807664634
0.42473337016791807,0.26847231729868115,0.3067943125334006
0.43663506812715464,0.28184439887089374,0.2815205330019516
0.4415957093218228,0.28072043807491054,0.27768385260326667
0.4416917946390223,0.280167591153373,0.278140614207605
0.43795699455508547,0.2832013957089531,0.27884160973596145
0.4267707427647756,0.26756551034255405,0.3056637468926703
0.43970430752561807,0.28420576470165604,0.2760899277727259
0.4285067311417284,0.2784531172778626,0.29304015158040914
0.43581572498164606,0.2786415038122022,0.28554277120615157
0.42099218582064474,0.26918428803593997,0.30982352614341524
0.44732891451031914,0.2805619987125223,0.2721090867771586
0.41606482336391964,0.2672327811936283,0.31670239544245216
0.43541117774347704,0.2745901847112981,0.2899986375452249
0.4268146661608571,0.2681913606503129,0.30499397318883004
0.4459138291960597,0.2726203410070329,0.2814658297969074
0.42023524919555466,0.2714546143953704,0.308310136409075
0.44466551317671854,0.27553257568469286,0.27980191113858843
0.42781302183294195,0.269367097311609,0.302819880855449
0.42429825984859193,0.26456314948420523,0.3111385906672028
0.43511040207572393,0.2633380870741567,0.30155151085011955
0.4366307051613835,0.26756280167001967,0.2958064931685968
0.4348908144179674,0.2859643900192801,0.27914479556275257
0.4415857376068064,0.27625929354355544,0.2821549688496379
0.42465451581687275,0.2701354359499503,0.30521004823317677
0.43227596906665083,0.272175660501613,0.29554837043173615
0.43236464757424825,0.2873697068779444,0.2802656455478074
0.436674125367795,0.2641444439226427,0.2991814307095627
0.4340738711553277,0.281129957681,0.28479617116367234
0.4336632626247302,0.2814755199134987,0.2848612174617711
0.43410680971559285,0.2785674423210347,0.2873257479633726
0.42826080925694643,0.26432736345703217,0.3074118272860213
0.44195486524166006,0.2803444160407593,0.2777007187175808
0.4381163391247666,0.2773593002364301,0.28452436063880326
0.4276681190624807,0.27131556486316494,0.30101631607435425
0.4585736695974455,0.2783669646303956,0.26305936577215905
0.42904711534487094,0.26474906402275067,0.3062038206323784
0.4368798113410812,0.2820368053797276,0.281083383279191
0.4372241744346052,0.2754905036662125,0.2872853218991822
0.4317730580193755,0.2669633678573465,0.3012635741232781
0.43885197999174724,0.2805431017977079,0.28060491821054484
0.4212238154699564,0.2697580063431613,0.30901817818688254
0.4435799981033405,0.2812263488638614,0.275193653032798
0.41638630642027363,0.269119718392524,0.31449397518720235
0.42234095280707756,0.26338862025444654,0.31427042693847573
0.4313900603405325,0.27890772543398745,0.2897022142254798
0.4332009923469069,0.28552961089596096,0.2812693967571318
0.4457434947508189,0.2878636886846687,0.2663928165645123
0.43385810107294775,0.277794736524477,0.2883471624025754
0.42391808963142835,0.2690840716817299,0.30699783868684183
0.4433753221520598,0.2823322797518142,0.27429239809612616
0.42723070731017243,0.27623529426846494,0.2965339984213624
0.42895663055462,0.2769403864715809,0.29410298297379905
0.4440706829928589,0.28444564097898817,0.271483676028153
0.43202721887136175,0.26425011779918545,0.3037226633294526
0.4372690280077485,0.2804260694434413,0.28230490254881047
0.42739218267369466,0.2669073992377682,0.30570041808853693
0.4297679103284246,0.2711657627306734,0.2990663269409023
0.4246586997726084,0.2719947731512333,0.3033465270761581
0.4290537756489954,0.2637678251395633,0.3071783992114413
0.4294123580579963,0.2639773632182625,0.30661027872374114
0.4271195341184267,0.26880056457013707,0.30407990131143625
0.4436238258845986,0.2734418579332214,0.2829343161821801
0.42780593016918655,0.27065380426651964,0.3015402655642935
0.4389444878044507,0.27165134833775373,0.28940416385779555
0.4314046862368557,0.26075796211463065,0.3078373516485139
0.44169066581410504,0.2840678836440571,0.2742414505418378
0.42039985816408604,0.26342143971696097,0.31617870211895294
0.4172115222050342,0.2685499554239019,0.3142385223710641
0.4267589634815663,0.26638621100990467,0.3068548255085292
0.42941396175716623,0.2871616425856761,0.28342439565715805
0.44265495025322416,0.2797069880829106,0.27763806166386495
0.42770794677134105,0.25926058561880916,0.3130314676098498
0.4451884235305999,0.27917969192577796,0.2756318845436222
0.42657128363649066,0.2637673064503219,0.3096614099131875
0.43914292524380266,0.2627415407765032,0.298115533979694
0.42767364795689666,0.2767288453254889,0.2955975067176141
0.4373958276135475,0.2662025374520365,0.29640163493441635
0.43817846773752045,0.2763588968921536,0.285462635370326
0.4268504207959499,0.265007911895477,0.3081416673085732
0.4197055501951017,0.27468978245971465,0.30560466734518366
0.44402535863513826,0.2799124521502329,0.27606218921462894
0.4248276498881985,0.27663306764885576,0.2985392824629456
0.4246867698395734,0.27032767205142605,0.3049855581090004
0.4210695512114945,0.2690773827064787,0.30985306608202673
0.4343883742028037,0.27201628122285004,0.2935953445743462
0.4212295776839293,0.26811693109388346,0.3106534912221872
0.43305200951198114,0.26032455582508596,0.3066234346629326
0.432014564295671,0.2651657409957324,0.30281969470859627
0.4411495926337492,0.27516992891193165,0.2836804784543193
0.42156199560775703,0.26783059218364935,0.3106074122085935
0.42658574437089625,0.2709758326684477,0.30243842296065604
0.4499504644499117,0.28186726559622133,0.26818226995386685
0.43759578221441175,0.2643571347510657,0.2980470830345226
0.4227599839154248,0.26721552657416187,0.3100244895104133
0.42495617733869107,0.268261496293429,0.3067823263678797
0.4236826079555359,0.2697745985955199,0.30654279344894386
0.4452230182760297,0.2776103258599204,0.2771666558640501
0.4356260039681004,0.2719904145998416,0.29238358143205806
0.4235303816854248,0.2643625620288509,0.3121070562857239
0.4408779195703124,0.28315640927427277,0.2759656711554147
0.43040041787613953,0.28836620658840356,0.28123337553545696
0.4173126030174611,0.26754832780689153,0.3151390691756474
0.4261484649594066,0.26368297442869343,0.3101685606119002
0.4220850569380538,0.2609108034882953,0.31700413957365076
0.4466271595976826,0.27071308483422596,0.2826597555680912
0.43097025900211355,0.27033010587265627,0.2986996351252299
0.4319605311504937,0.27747015714886325,0.2905693117006426
0.43311832966662545,0.2811444479472529,0.2857372223861211
0.42340118036865765,0.2672037728427967,0.30939504678854535
0.43150865322058585,0.27142455938912935,0.2970667873902846
0.44156660244499035,0.28125351339152077,0.27717988416348854
0.42414143440171787,0.27084212142557407,0.30501644417270807
0.43133152298816746,0.28494061461096276,0.28372786240086956
0.42983022787114183,0.2673606571049176,0.3028091150239403
0.4425638715395932,0.2791237796449023,0.2783123488155045
0.43526856551217874,0.27383282069663445,0.2908986137911866
0.4279373063515403,0.2685137326172089,0.303548961031251
0.43773045037075653,0.2687512670735561,0.29351828255568724
0.43399494240016434,0.2735938854226647,0.2924111721771708
0.4336913793863777,0.2726031108383074,0.29370550977531507
0.4241579225415213,0.2686927164451779,0.3071493610133009
0.43220179140749115,0.2626355809291051,0.3051626276634034
0.433900380624567,0.2856806961187599,0.28041892325667306
0.43580441498316524,0.27277543895041867,0.29142014606641614
0.41844579058148623,0.26433445374317743,0.31721975567533633
0.4357575342848093,0.26205810818281744,0.3021843575323735
0.4373239686623474,0.27500303714282914,0.28767299419482345
0.4324640607943814,0.26226912073154485,0.3052668184740742
0.4366630156135982,0.2797633513856811,0.2835736330007205
0.42668996137718923,0.27591404318317264,0.2973959954396383
0.4420285112842871,0.28284257613293906,0.27512891258277405
0.4220913888164568,0.2663247180703978,0.3115838931131453
0.43151039752732995,0.27180614108412116,0.29668346138854856
0.4242314300955666,0.27129838563634145,0.30447018426809175
0.4166354847636186,0.26479218648021496,0.31857232875616626
0.4463073285879291,0.2830805506017934,0.2706121208102775
0.43609133554820845,0.28362368688598755,0.28028497756580406
0.4370134694806875,0.28116609667730474,0.28182043384200794
0.4296816217082128,0.2718989405147393,0.29841943777704794
0.4232241607756555,0.26815968010444946,0.308616159119895
0.4391470502638064,0.2816338934015744,0.27921905633461913
0.4396068909801389,0.2869143821709124,0.2734787268489487
0.4215061568248359,0.2715462935951949,0.30694754957996934
0.4371924911784315,0.28415208574859724,0.278655423072971
0.44418367212683,0.28220028813228276,0.27361603974088716
0.4421742674638761,0.2799483485971895,0.2778773839389342
0.42705385835923965,0.26358341657814116,0.3093627250626195
0.4152875957466473,0.26780595907201654,0.31690644518133626
0.43950009151639935,0.28443503839870266,0.2760648700848979
0.44847735531942234,0.28478592055538343,0.2667367241251941
0.4342490145067813,0.28098644631922454,0.2847645391739942
0.4419530097618287,0.2795051459047816,0.2785418443333896
0.438776024474193,0.2842488591101192,0.2769751164156877
0.4368621022264909,0.2808631709568225,0.2822747268166867
0.4291402583791127,0.26891658041972727,0.30194316120116027
0.43181203494704035,0.2639524118725961,0.30423555318036377
0.4248242274659248,0.2744524543358244,0.30072331819825077
0.4388669949716318,0.26440850540092975,0.2967244996274384
0.4232469659327922,0.2666143828870863,0.3101386511801217
0.4410443117401192,0.27722356770762,0.2817321205522605
0.4167351680142406,0.2657294029780328,0.3175354290077267
0.4457372843138714,0.28265215988519415,0.2716105558009346
0.43655276893151446,0.2683737726045984,0.295073458463887
0.4350724841744979,0.2740958332470935,0.2908316825784085
0.43932915202742084,0.2862211510722587,0.2744496969003203
0.4453674659643255,0.28493745284622346,0.2696950811894506
0.43074330989148224,0.2766416371139303,0.2926150529945871
0.44345918964525216,0.27637005657762104,0.2801707537771267
0.4271005257430971,0.2722154748013365,0.30068399945556656
0.43710127948370603,0.27076901236340917,0.2921297081528847
0.45002576861956844,0.28352121223177706,0.2664530191486543
0.43927011673183436,0.28241237666991736,0.2783175065982478
0.4339477080848746,0.27806221172620144,0.2879900801889237
0.44199163579125944,0.28094941615401486,0.2770589480547259
0.4184707680597771,0.26718090042713216,0.31434833151309094
0.4225729302969781,0.2668993470090278,0.31052772269399403
0.43095758643615695,0.27655727529940943,0.29248513826443373
0.42646134684460146,0.2716924627490255,0.301846190406373
0.4363585695290886,0.2636633577839336,0.29997807268697785
0.4239926553503939,0.26813366794402715,0.3078736767055788
0.43478394081021726,0.2723365068868868,0.292879552302896
0.4426469737945196,0.2698908905957237,0.2874621356097566
0.44231701644756677,0.27899512910866936,0.278687854443764
0.4464648282283402,0.2753569652178919,0.2781782065537678
0.4374839773208863,0.2692819554492102,0.2932340672299032
0.43156162596687336,0.26884678729281586,0.2995915867403104
0.4416047059654274,0.26970437428729716,0.28869091974727557
0.42037032608221414,0.26852848187543055,0.31110119204235537
0.4387601815385201,0.27702867982403023,0.28421113863744973
0.42553897690359466,0.2702522140529455,0.3042088090434596
0.43805667068796017,0.27323011895687843,0.2887132103551614
0.4227474646544292,0.26980348877909577,0.30744904656647515
0.4301488419421591,0.2847544006156947,0.285096757442146
0.4315928006083579,0.26856945342232613,0.2998377459693159
0.4219847007960483,0.26920136928259353,0.3088139299213579
0.4316311384512328,0.2643827428424841,0.303986118706283
0.416019238625803,0.2656277899668369,0.3183529714073599
0.44508852794450926,0.2838210270629806,0.2710904449925103
0.44881998617776353,0.28601413271258097,0.2651658811096552
0.43082691404376977,0.2665481720903199,0.3026249138659105
0.4322534680078135,0.26264854834534024,0.30509798364684604
0.43704805529650403,0.26900412250749184,0.29394782219600424
0.4495403270973959,0.28156931949100483,0.26889035341159917
0.42816569586111786,0.2845399017522018,0.28729440238668036
0.43500919347156103,0.28700419179639886,0.2779866147320401
0.42564562145102397,0.26985912017839025,0.30449525837058566
0.4248458400163846,0.27250340663460754,0.3026507533490078
0.43752506449061,0.2792644442471088,0.2832104912622814
0.4333761931832035,0.26797197872964623,0.29865182808715013
0.43256848498030465,0.2804105566026319,0.2870209584170632
0.4286103611650024,0.2733154451411044,0.2980741936938928
0.4413994738400606,0.28271533848745434,0.27588518767248493
0.4233161521215748,0.2701867754791612,0.306497072399264
0.43269294844146305,0.27444476836734294,0.292862283191194
0.43592332806761036,0.2842953495255186,0.279781322406871
0.4365952657053659,0.2764836668519313,0.2869210674427024
0.4430217187495489,0.2824304881301959,0.27454779312025507
0.4580953545977654,0.280647869448675,0.26125677595355923
0.4323306615471415,0.2777832849239391,0.2898860535289193
0.4347922855052635,0.2663253255776764,0.29888238891705976
0.43492453687682964,0.2788824091207318,0.28619305400243833
0.4268072272853255,0.2663906188395601,0.30680215387511445
0.4384398573006533,0.28456091632756453,0.2769992263717825
0.437966839608209,0.28332973514710563,0.2787034252446853
0.42974007091450694,0.2688152284672136,0.30144470061827944
0.4403153161707316,0.2843378195172518,0.2753468643120165
0.42681965320405013,0.268602573182563,0.3045777736133869
0.4279249611361069,0.2765039829273148,0.29557105593657806
0.42025717858951755,0.2617549697799629,0.31798785163051957
0.429323709340893,0.2659316747665874,0.3047446158925194
0.4199954888121891,0.26748892628789056,0.3125155848999204
0.4253187840120194,0.27428281962174755,0.30039839636623344
0.4229369313327733,0.2655944815853233,0.3114685870819034
0.4309008431260451,0.28093326677199804,0.2881658901019566
0.43124962530974453,0.27316277994295945,0.29558759474729646
0.4451895026447054,0.2772446210803407,0.277565876274954
0.4288499734511387,0.2645260082898081,0.3066240182590532
0.4380632551941911,0.27765796051683045,0.28427878428897835
0.425251500068554,0.26823609257163744,0.306512407359809
0.4346082742570689,0.27707584733559487,0.288315878407336
0.4223173857169934,0.26857285303828626,0.30910976124472034
0.44825941591384305,0.2824793286804656,0.26926125540569107
0.43033404874876907,0.2857386441361226,0.28392730711510833
0.4534592386382896,0.28445374476069407,0.26208701660101663
0.42878113943817614,0.27315323757716914,0.29806562298465444
0.43627523593169404,0.27516599489903104,0.2885587691692748
0.4234350657346554,0.2627169846810653,0.3138479495842794
0.4198927480473192,0.26761973431336894,0.3124875176393118
0.4380540746736326,0.2773854621658314,0.28456046316053607
0.437915197279584,0.26389365463231496,0.29819114808810065
0.42107281061886326,0.2691459185738585,0.3097812708072783
0.4393500889960178,0.2751934809272473,0.2854564300767348
0.4324146687774083,0.2784001369430656,0.28918519427952616
0.44838356274278335,0.2832606904132803,0.2683557468439361
0.43140290761084704,0.26235890658144967,0.30623818580770323
0.4403767035683079,0.28156768168566504,0.27805561474602714
0.4283844890929538,0.26244424740706646,0.30917126349997964
0.42273306655447224,0.2672669956535473,0.3099999377919804
0.44458383164716103,0.2809639500652905,0.27445221828754807
